0 0.858594 0.794531 0.282813 0.410938
0 0.744271 0.707813 0.133333 0.221875
0 0.675781 0.669922 0.057813 0.092969
0 0.643229 0.658984 0.046875 0.075781
0 0.621875 0.657812 0.017708 0.056250
0 0.612500 0.653125 0.017708 0.048438
0 0.606250 0.651953 0.011458 0.041406
0 0.566667 0.673828 0.077083 0.100781
0 0.559115 0.641797 0.021354 0.013281
0 0.535417 0.636328 0.007292 0.008594
0 0.528906 0.653125 0.013021 0.037500
0 0.520052 0.651172 0.017188 0.041406
0 0.512240 0.653125 0.020313 0.050000
0 0.509375 0.654687 0.014583 0.051562
0 0.496094 0.660156 0.035937 0.059375
0 0.485156 0.666016 0.048438 0.074219
0 0.454167 0.676953 0.050000 0.105469
0 0.374740 0.703516 0.161979 0.189844
0 0.176302 0.779687 0.352604 0.440625
0 0.727344 0.674609 0.099479 0.107031