0 0.734635 0.776563 0.244271 0.218750
0 0.620052 0.734766 0.097396 0.117969
0 0.570573 0.727734 0.073438 0.100781
0 0.526823 0.716016 0.059896 0.071094
0 0.486198 0.707031 0.033854 0.045312
0 0.455208 0.696094 0.035417 0.039062
0 0.440625 0.690625 0.007292 0.014063
0 0.435417 0.691797 0.005208 0.010156
0 0.401042 0.719141 0.067708 0.089844
0 0.398438 0.690625 0.006250 0.007812
0 0.371875 0.687109 0.006250 0.007031
0 0.363281 0.700000 0.021354 0.037500
0 0.329688 0.713281 0.064583 0.073438
0 0.307552 0.685156 0.005729 0.006250
0 0.292708 0.700391 0.031250 0.038281
0 0.277604 0.691016 0.009375 0.010156
0 0.250000 0.710156 0.059375 0.062500
0 0.223698 0.692578 0.025521 0.019531
0 0.196354 0.710938 0.035417 0.062500
0 0.128125 0.730078 0.135417 0.110156
0 0.050260 0.724219 0.099479 0.092188
4 0.760156 0.655859 0.027604 0.033594
2 0.219271 0.700000 0.012500 0.042188
2 0.458073 0.670703 0.004687 0.008594