0 0.142448 0.808984 0.284896 0.375781
0 0.418229 0.687891 0.064583 0.074219
0 0.475000 0.667578 0.030208 0.039844
0 0.515104 0.682812 0.044792 0.056250
0 0.525000 0.658594 0.018750 0.018750
0 0.514323 0.647266 0.013021 0.013281
0 0.527865 0.643359 0.008854 0.011719
0 0.535156 0.651562 0.013021 0.017188
0 0.543750 0.643750 0.008333 0.010937
0 0.555990 0.644922 0.006771 0.007031
0 0.723698 0.702344 0.055729 0.054688
0 0.955729 0.801563 0.088542 0.128125
1 0.540104 0.589453 0.002083 0.010156
2 0.336979 0.655469 0.006250 0.020313
2 0.635417 0.656641 0.018750 0.072656