0 0.684115 0.725000 0.088021 0.082812
0 0.575521 0.709375 0.031250 0.035937
0 0.564063 0.706641 0.017708 0.024219
0 0.551042 0.708594 0.009375 0.012500
0 0.533854 0.706641 0.026042 0.030469
0 0.514063 0.706641 0.010417 0.016406
0 0.484896 0.710547 0.051042 0.058594
0 0.430990 0.703516 0.006771 0.007031
0 0.401302 0.701172 0.016146 0.016406
0 0.302083 0.695312 0.005208 0.009375
0 0.274219 0.715625 0.058854 0.053125
0 0.251823 0.695312 0.024479 0.021875
0 0.242708 0.707031 0.022917 0.028125
0 0.220573 0.698828 0.034896 0.022656
0 0.196094 0.724609 0.088021 0.077344
0 0.151563 0.710938 0.056250 0.046875
0 0.139844 0.701953 0.032813 0.033594
0 0.062240 0.732031 0.124479 0.095312
0 0.012760 0.705469 0.025521 0.034375
0 0.520052 0.706641 0.004687 0.014844
3 0.610677 0.709375 0.011979 0.045312
1 0.830729 0.596094 0.014583 0.053125
1 0.586719 0.680078 0.002604 0.011719
2 0.964323 0.739844 0.007812 0.014063
2 0.861458 0.664453 0.015625 0.028906
2 0.861458 0.693359 0.016667 0.028906
2 0.825260 0.702734 0.011979 0.027344
2 0.794271 0.605859 0.011458 0.024219
2 0.795312 0.630469 0.011458 0.025000
2 0.796354 0.655469 0.011458 0.025000
2 0.797656 0.680859 0.011979 0.025781
2 0.599740 0.683203 0.019271 0.013281
2 0.497396 0.663281 0.003125 0.004687
2 0.427083 0.697656 0.008333 0.015625
2 0.309635 0.713281 0.011979 0.029687
2 0.890885 0.390234 0.160938 0.177344
2 0.668490 0.411328 0.107813 0.130469