0 0.127865 0.751563 0.255729 0.343750
0 0.272396 0.646484 0.125000 0.100781
0 0.456250 0.624219 0.104167 0.071875
0 0.402865 0.746875 0.361979 0.393750
0 0.532031 0.613672 0.013021 0.033594
0 0.540625 0.613281 0.016667 0.037500
0 0.546875 0.615234 0.008333 0.046094
0 0.566406 0.620703 0.043229 0.066406
0 0.567708 0.625781 0.031250 0.067187
0 0.583333 0.630859 0.032292 0.082031
0 0.619792 0.639453 0.071875 0.119531
0 0.694271 0.673437 0.178125 0.189062
0 0.852083 0.759766 0.295833 0.450781
0 0.342188 0.617188 0.036458 0.039062
0 0.397396 0.618359 0.013542 0.024219
3 0.536458 0.599609 0.011458 0.010156
3 0.403125 0.619531 0.020833 0.043750
2 0.600521 0.541406 0.010417 0.015625
2 0.675260 0.489063 0.028646 0.042188