0 0.664323 0.795703 0.435937 0.408594
0 0.483333 0.687891 0.043750 0.100781
0 0.477865 0.673047 0.018229 0.035156
0 0.474740 0.670703 0.011979 0.022656
0 0.469531 0.661328 0.004687 0.008594
0 0.464583 0.661328 0.006250 0.010156
0 0.458854 0.662109 0.006250 0.010156
0 0.453385 0.666797 0.013021 0.016406
0 0.434375 0.673047 0.026042 0.035156
0 0.421094 0.666016 0.010937 0.016406
0 0.411719 0.665625 0.005729 0.014063
0 0.405729 0.666016 0.010417 0.016406
0 0.400260 0.666797 0.014063 0.016406
0 0.356771 0.676172 0.038542 0.041406
0 0.338021 0.670703 0.019792 0.025781
0 0.323437 0.667969 0.009375 0.020313
0 0.263802 0.716016 0.154688 0.146094
0 0.198958 0.681641 0.060417 0.066406
4 0.119792 0.689063 0.027083 0.067187
3 0.384115 0.667578 0.006771 0.024219
1 0.444792 0.623437 0.002083 0.009375