0 0.032292 0.683594 0.064583 0.046875
0 0.061198 0.671094 0.038021 0.035937
0 0.106510 0.667188 0.041146 0.021875
0 0.210156 0.668750 0.063021 0.048438
0 0.498958 0.696094 0.063542 0.085938
0 0.470312 0.674219 0.010417 0.021875
0 0.523698 0.668750 0.007812 0.015625
0 0.530729 0.670703 0.006250 0.005469
0 0.539062 0.668750 0.011458 0.009375
0 0.547135 0.667578 0.004687 0.011719
0 0.552344 0.663281 0.007812 0.023438
0 0.589062 0.660156 0.023958 0.028125
0 0.582031 0.670312 0.004687 0.015625
0 0.565885 0.675000 0.030729 0.048438
0 0.608333 0.691016 0.056250 0.063281
0 0.841146 0.780859 0.317708 0.297656
1 0.502865 0.641797 0.002604 0.008594