0 0.412760 0.791406 0.400521 0.415625
0 0.484375 0.656641 0.104167 0.064844
0 0.354687 0.665234 0.062500 0.055469
4 0.626823 0.649219 0.015104 0.067187
4 0.596875 0.651563 0.009375 0.046875
4 0.587760 0.651953 0.010937 0.046094
4 0.575521 0.650000 0.010417 0.051562
4 0.561979 0.645313 0.012500 0.034375
4 0.203906 0.655469 0.008854 0.039062
4 0.233854 0.656641 0.015625 0.019531
3 0.178385 0.700781 0.067187 0.171875
2 0.634115 0.513672 0.057813 0.094531
2 0.594010 0.538281 0.021354 0.040625
2 0.595313 0.571094 0.018750 0.023438
2 0.565104 0.606641 0.011458 0.017969
2 0.429688 0.633203 0.008333 0.007031
2 0.250260 0.612891 0.020313 0.049219