0 0.145052 0.771875 0.290104 0.301563
0 0.316667 0.716797 0.020833 0.013281
0 0.357292 0.717188 0.016667 0.014063
0 0.398438 0.733594 0.078125 0.092188
0 0.337760 0.719531 0.006771 0.006250
0 0.330208 0.719531 0.005208 0.004687
0 0.344271 0.717969 0.005208 0.004687
0 0.344271 0.719922 0.005208 0.003906
0 0.450521 0.716797 0.012500 0.016406
0 0.453385 0.714453 0.010937 0.013281
0 0.474479 0.714453 0.014583 0.016406
0 0.499479 0.715625 0.017708 0.021875
0 0.508854 0.714453 0.008333 0.017969
0 0.517969 0.710938 0.011979 0.009375
0 0.554167 0.735547 0.067708 0.092969
0 0.732552 0.717187 0.073438 0.034375
0 0.927604 0.723438 0.027083 0.034375
6 0.619271 0.689453 0.052083 0.075781
3 0.487240 0.713281 0.005729 0.018750
3 0.907552 0.723828 0.007812 0.033594
1 0.459896 0.665625 0.002083 0.009375
2 0.508333 0.574219 0.011458 0.017188
2 0.503646 0.445703 0.041667 0.042969
2 0.635677 0.500781 0.073438 0.092188
2 0.720573 0.636719 0.009896 0.040625
2 0.728906 0.671875 0.031771 0.026562
2 0.725260 0.712109 0.009896 0.013281