0 0.308333 0.732813 0.080208 0.092188
0 0.346615 0.725000 0.019271 0.057813
0 0.364583 0.722656 0.038542 0.054688
0 0.408854 0.723047 0.059375 0.078906
0 0.529687 0.720703 0.054167 0.071094
0 0.561979 0.707422 0.028125 0.041406
0 0.600781 0.711719 0.038021 0.056250
0 0.668229 0.743750 0.129167 0.137500
0 0.803906 0.704297 0.063021 0.053906
0 0.737240 0.698047 0.042188 0.044531
0 0.714323 0.694141 0.017188 0.024219
0 0.895312 0.713281 0.079167 0.070312
0 0.955208 0.716406 0.089583 0.089063
0 0.573177 0.694922 0.005729 0.013281
0 0.575521 0.692187 0.007292 0.009375
0 0.606250 0.679688 0.012500 0.007812
6 0.577344 0.685547 0.011979 0.008594
4 0.501823 0.702344 0.005729 0.046875
4 0.740365 0.697266 0.025521 0.049219
4 0.704948 0.679297 0.005729 0.011719
4 0.490365 0.704297 0.007812 0.041406
4 0.482552 0.698047 0.007812 0.032031
4 0.476302 0.695312 0.007812 0.029687
4 0.470052 0.705078 0.005729 0.042969
4 0.466927 0.705078 0.006771 0.044531
4 0.461198 0.706641 0.008854 0.049219
4 0.450521 0.698437 0.009375 0.028125
4 0.443750 0.705469 0.006250 0.046875
4 0.434896 0.703125 0.009375 0.040625
4 0.438021 0.691406 0.005208 0.018750
4 0.382552 0.692969 0.007812 0.018750
4 0.455208 0.708594 0.007292 0.046875
3 0.764323 0.703906 0.028646 0.062500
3 0.511719 0.689063 0.004687 0.007812
2 0.541146 0.676562 0.003125 0.004687
2 0.512240 0.648828 0.024479 0.016406
2 0.549219 0.646875 0.025521 0.017188
2 0.585677 0.644531 0.015104 0.015625
2 0.919271 0.619141 0.017708 0.035156
2 0.696094 0.653125 0.007812 0.014063