0 0.638021 0.733594 0.077083 0.079687
0 0.579427 0.703906 0.004687 0.006250
0 0.571615 0.704297 0.005729 0.007031
0 0.561458 0.703906 0.004167 0.006250
0 0.555990 0.704297 0.005729 0.008594
0 0.551302 0.705469 0.006771 0.009375
0 0.540104 0.709766 0.013542 0.017969
0 0.530469 0.716797 0.031771 0.036719
0 0.514062 0.710938 0.014583 0.020313
0 0.478646 0.717969 0.031250 0.035937
0 0.380208 0.752734 0.105208 0.119531
0 0.208333 0.727734 0.041667 0.028906
0 0.700260 0.704688 0.030729 0.031250
0 0.959896 0.725000 0.027083 0.054688
3 0.600000 0.710938 0.007292 0.028125
2 0.502344 0.702344 0.001563 0.006250
2 0.485677 0.698828 0.001563 0.002344
2 0.460938 0.703125 0.003125 0.012500