0 0.963281 0.965625 0.073438 0.068750
0 0.823698 0.873437 0.350521 0.253125
0 0.642708 0.839063 0.118750 0.162500
0 0.573437 0.816016 0.079167 0.110156
0 0.545833 0.795312 0.044792 0.075000
0 0.517708 0.792188 0.031250 0.054688
0 0.467969 0.796484 0.082812 0.072656
0 0.506510 0.776172 0.010937 0.021094
0 0.501823 0.772266 0.007812 0.013281
0 0.498958 0.771094 0.012500 0.010937
0 0.427083 0.780859 0.029167 0.038281
0 0.352344 0.796875 0.074479 0.093750
0 0.441146 0.771875 0.008333 0.015625
0 0.447917 0.770313 0.007292 0.010937
0 0.040104 0.789844 0.080208 0.065625
0 0.095312 0.793750 0.133333 0.084375
0 0.182292 0.783984 0.053125 0.047656
0 0.267188 0.782813 0.056250 0.050000
0 0.243229 0.778906 0.022917 0.031250
0 0.303385 0.778906 0.017188 0.029687
0 0.320833 0.778125 0.012500 0.026562
0 0.312760 0.777734 0.008854 0.024219
0 0.347396 0.769922 0.025000 0.014844
0 0.381771 0.770703 0.005208 0.013281
0 0.392187 0.775000 0.019792 0.023438
0 0.404687 0.771484 0.006250 0.011719
4 0.480208 0.762891 0.013542 0.025781
4 0.295573 0.774609 0.008854 0.036719
3 0.229948 0.782031 0.011979 0.034375
3 0.227865 0.784766 0.008854 0.028906
3 0.222917 0.784375 0.011458 0.031250
3 0.217969 0.785156 0.008854 0.029687
3 0.211719 0.784766 0.013021 0.032031