0 0.412760 0.792969 0.402604 0.414062
0 0.484635 0.658594 0.105729 0.064062
0 0.395052 0.652344 0.027604 0.021875
0 0.346875 0.674609 0.070833 0.067969
0 0.290885 0.677344 0.026562 0.051562
0 0.186458 0.681250 0.050000 0.060937
0 0.116406 0.797656 0.232813 0.404687
0 0.187240 0.682031 0.048438 0.060937
0 0.115885 0.797656 0.231771 0.404687
4 0.793490 0.665625 0.040104 0.182812
4 0.692448 0.655469 0.019271 0.079687
4 0.652604 0.653125 0.017708 0.085938
4 0.631510 0.660547 0.024479 0.075781
4 0.604427 0.645703 0.006771 0.036719
4 0.596094 0.655859 0.004687 0.036719
4 0.584635 0.653906 0.007812 0.037500
4 0.578385 0.654297 0.010937 0.038281
4 0.570052 0.651953 0.004687 0.039844
4 0.556510 0.646094 0.005729 0.025000
3 0.247396 0.684766 0.029167 0.092969
2 0.634375 0.516016 0.058333 0.094531
2 0.594531 0.539844 0.021354 0.040625
2 0.595833 0.572656 0.018750 0.023438
2 0.565625 0.608203 0.011458 0.017969
2 0.430208 0.635156 0.008333 0.007812
2 0.251042 0.614844 0.019792 0.048438