0 0.593229 0.729688 0.117708 0.146875
0 0.543229 0.687891 0.041667 0.053906
0 0.602344 0.675391 0.015104 0.013281
0 0.631250 0.673438 0.011458 0.018750
0 0.673698 0.666406 0.014063 0.012500
0 0.644792 0.660547 0.009375 0.008594
0 0.638021 0.660937 0.012500 0.007812
0 0.510156 0.673047 0.019271 0.022656
0 0.494271 0.665625 0.019792 0.018750
0 0.467969 0.674219 0.038021 0.051562
0 0.451823 0.698437 0.064062 0.082812
0 0.408594 0.665625 0.013021 0.010937
0 0.371615 0.666016 0.013021 0.010156
0 0.350000 0.666797 0.025000 0.013281
0 0.117969 0.798438 0.235937 0.403125
4 0.653906 0.670703 0.009896 0.042969
4 0.712240 0.667188 0.010937 0.037500
4 0.686198 0.666406 0.006771 0.025000
1 0.555469 0.450000 0.010937 0.050000
1 0.544271 0.451562 0.013542 0.051562
1 0.716667 0.553516 0.013542 0.017969
2 0.526302 0.667187 0.002604 0.004687
2 0.530469 0.635156 0.016146 0.014063
2 0.533594 0.647266 0.015104 0.010156