0 0.494271 0.787500 0.014583 0.015625
0 0.501563 0.786719 0.004167 0.014063
0 0.571094 0.795312 0.022396 0.026562
0 0.560417 0.793750 0.011458 0.023438
0 0.556510 0.792188 0.013021 0.021875
0 0.552083 0.791016 0.009375 0.019531
0 0.547917 0.789844 0.007292 0.017188
0 0.544271 0.789453 0.003125 0.017969
0 0.542708 0.789062 0.007292 0.014063
0 0.530208 0.787109 0.004167 0.007031
0 0.519792 0.786328 0.003125 0.003906
0 0.526042 0.785937 0.003125 0.004687
0 0.532292 0.787109 0.002083 0.007031
0 0.535417 0.788281 0.003125 0.010937
0 0.540365 0.787109 0.008854 0.014844
0 0.522656 0.785937 0.002604 0.004687
2 0.601042 0.768359 0.008333 0.013281