0 0.065625 0.670312 0.131250 0.173437
0 0.174219 0.702734 0.288021 0.210156
0 0.333854 0.626953 0.088542 0.072656
0 0.284115 0.614063 0.046354 0.014063
0 0.469271 0.750781 0.310417 0.390625
0 0.623437 0.658984 0.083333 0.153906
0 0.655729 0.641016 0.053125 0.077344
0 0.661458 0.611328 0.036458 0.033594
0 0.678125 0.618750 0.015625 0.032813
0 0.686458 0.616016 0.012500 0.025781
0 0.700000 0.624219 0.021875 0.039062
0 0.710677 0.623437 0.027604 0.034375
0 0.722396 0.635156 0.066667 0.089063
0 0.842187 0.738281 0.315625 0.304688
0 0.906250 0.602734 0.148958 0.097656
6 0.809896 0.565625 0.078125 0.043750
1 0.616667 0.548047 0.004167 0.014844
1 0.634635 0.547266 0.003646 0.013281