0 0.039323 0.694141 0.052604 0.097656
0 0.093229 0.676172 0.062500 0.063281
0 0.177604 0.655469 0.033333 0.045312
0 0.238802 0.638672 0.014063 0.017969
0 0.311198 0.674219 0.078646 0.103125
0 0.482552 0.585156 0.005729 0.006250
0 0.504167 0.710938 0.192708 0.235937
0 0.505208 0.637109 0.052083 0.028906
0 0.931771 0.646094 0.136458 0.106250
0 0.836979 0.638281 0.093750 0.081250
0 0.792448 0.616016 0.026562 0.030469
0 0.676563 0.662109 0.077083 0.132031
0 0.596094 0.635156 0.052604 0.065625
0 0.625000 0.619531 0.025000 0.031250
0 0.608594 0.606250 0.015104 0.007812
0 0.564323 0.612891 0.013021 0.019531
0 0.570312 0.610156 0.008333 0.012500
0 0.494792 0.592578 0.006250 0.005469
0 0.504427 0.592969 0.006771 0.004687
0 0.495052 0.586719 0.006771 0.006250
0 0.504427 0.587500 0.006771 0.006250
5 0.669531 0.606250 0.047396 0.060937
5 0.555729 0.595703 0.014583 0.017969
6 0.501563 0.578906 0.006250 0.009375
4 0.802865 0.601953 0.006771 0.028906
3 0.076563 0.697266 0.070833 0.147656
3 0.473438 0.587109 0.002083 0.008594
3 0.587240 0.650391 0.033854 0.113281
3 0.641406 0.623047 0.015104 0.047656
3 0.745833 0.674609 0.107292 0.272656
1 0.517188 0.586719 0.002083 0.004687
1 0.522396 0.586328 0.002083 0.005469
1 0.513802 0.587891 0.001563 0.005469
2 0.047396 0.459375 0.020833 0.100000
2 0.321094 0.551562 0.006771 0.040625
2 0.385677 0.577734 0.005729 0.025781
2 0.414062 0.587500 0.004167 0.018750
2 0.440885 0.594922 0.002604 0.013281
2 0.448437 0.596484 0.002083 0.010156
2 0.644010 0.592188 0.004687 0.014063
2 0.483073 0.542188 0.022396 0.023438
2 0.504948 0.541406 0.020313 0.023438
2 0.530990 0.537891 0.031771 0.028906