0 0.926302 0.723828 0.147396 0.107031
0 0.740625 0.732812 0.183333 0.184375
0 0.660938 0.678125 0.018750 0.020313
0 0.633333 0.697266 0.055208 0.060156
0 0.615885 0.682422 0.035937 0.038281
0 0.591667 0.671484 0.019792 0.021094
0 0.567969 0.703516 0.070312 0.078906
0 0.475000 0.728906 0.107292 0.143750
0 0.428385 0.700781 0.030729 0.078125
0 0.419010 0.665625 0.009896 0.012500
0 0.433594 0.658594 0.010937 0.006250
0 0.409375 0.667578 0.011458 0.013281
0 0.407292 0.656250 0.006250 0.007812
0 0.408854 0.659375 0.008333 0.004687
0 0.413281 0.661719 0.009896 0.007812
0 0.429948 0.657422 0.004687 0.007031
0 0.338802 0.671875 0.002604 0.025000
0 0.317708 0.661719 0.013542 0.010937
0 0.312240 0.665234 0.020313 0.003906
0 0.295052 0.664062 0.015104 0.007812
0 0.292448 0.671484 0.009896 0.019531
0 0.305729 0.687500 0.037500 0.040625
0 0.226823 0.671875 0.018229 0.021875
0 0.229688 0.682422 0.012500 0.033594
0 0.205990 0.676563 0.028646 0.029687
0 0.200260 0.684766 0.010937 0.042969
0 0.173177 0.685156 0.059896 0.053125
0 0.155208 0.660938 0.036458 0.014063
0 0.115104 0.655078 0.019792 0.005469
0 0.078385 0.717187 0.155729 0.118750
0 0.029427 0.687109 0.058854 0.053906
0 0.525000 0.680859 0.032292 0.042969
0 0.554167 0.662891 0.017708 0.013281
0 0.533594 0.664062 0.011979 0.014063
0 0.608333 0.638281 0.005208 0.007812
0 0.602083 0.644531 0.008333 0.007812
0 0.585677 0.641797 0.007812 0.007031
0 0.589583 0.650391 0.008333 0.014844
0 0.583073 0.653516 0.008854 0.011719
0 0.579688 0.644922 0.008333 0.007031
0 0.577083 0.647656 0.006250 0.007812
0 0.579427 0.654687 0.009896 0.009375
0 0.575260 0.658594 0.009896 0.007812
0 0.579167 0.661328 0.011458 0.003906
0 0.548698 0.652734 0.009896 0.007031
0 0.540885 0.658594 0.010937 0.015625
0 0.600260 0.639844 0.004687 0.003125
0 0.590625 0.628906 0.004167 0.007812
0 0.553125 0.640625 0.009375 0.007812
0 0.517187 0.655078 0.009375 0.003906
0 0.532031 0.652344 0.010937 0.009375
0 0.526042 0.648438 0.008333 0.007812
0 0.516927 0.648047 0.007812 0.007031
0 0.512500 0.650781 0.005208 0.009375
0 0.473177 0.649609 0.006771 0.005469
0 0.519531 0.643359 0.009896 0.003906
0 0.531250 0.644922 0.004167 0.005469
0 0.549740 0.647656 0.006771 0.003125
0 0.613021 0.607422 0.007292 0.014844
0 0.565885 0.646484 0.016146 0.028906
3 0.540885 0.661719 0.004687 0.017188
2 0.614583 0.403125 0.127083 0.109375
2 0.489583 0.407813 0.114583 0.103125
2 0.330729 0.571875 0.041667 0.096875
2 0.257031 0.689453 0.042188 0.064844
2 0.363021 0.677344 0.018750 0.029687
2 0.497917 0.656641 0.004167 0.003906
2 0.502083 0.616406 0.003125 0.004687