0 0.857552 0.679688 0.190104 0.142187
0 0.622917 0.632031 0.051042 0.060937
0 0.603646 0.612500 0.011458 0.023438
0 0.593229 0.608203 0.012500 0.016406
0 0.558594 0.611719 0.006771 0.018750
0 0.547917 0.657422 0.106250 0.132031
0 0.186198 0.594531 0.076563 0.037500
0 0.268229 0.611719 0.053125 0.060937
0 0.328646 0.600391 0.047917 0.027344
0 0.384115 0.599609 0.010937 0.024219
5 0.655990 0.603906 0.009896 0.023438
3 0.662240 0.610156 0.005729 0.015625
3 0.654687 0.610547 0.005208 0.014844
3 0.351562 0.594141 0.010417 0.024219
2 0.373437 0.600781 0.012500 0.053125
2 0.499219 0.602734 0.003646 0.014844