0 0.475521 0.707812 0.016667 0.025000
0 0.463802 0.714844 0.030729 0.037500
0 0.419531 0.717969 0.031771 0.042188
0 0.411979 0.712109 0.020833 0.028906
0 0.402083 0.703906 0.018750 0.026562
0 0.391406 0.704297 0.006771 0.017969
0 0.385156 0.703125 0.008854 0.014063
0 0.376302 0.707031 0.013021 0.018750
0 0.362760 0.701562 0.008854 0.009375
0 0.361198 0.721094 0.036979 0.042188
0 0.249219 0.778516 0.199479 0.200781
0 0.036458 0.733984 0.044792 0.025781
0 0.077344 0.727734 0.015104 0.010156
4 0.763021 0.707422 0.011458 0.053906
4 0.752083 0.706250 0.016667 0.051562
4 0.446875 0.699609 0.003125 0.013281
3 0.439062 0.705859 0.006250 0.022656
2 0.575260 0.702734 0.002604 0.011719
2 0.541927 0.663672 0.003646 0.017969
2 0.509115 0.596484 0.044271 0.042969
2 0.457552 0.596484 0.044271 0.041406
2 0.398698 0.596875 0.065104 0.040625
2 0.445833 0.684766 0.002083 0.005469
2 0.344792 0.703906 0.003125 0.012500