0 0.100000 0.801953 0.150000 0.089844
0 0.356250 0.856641 0.438542 0.286719
0 0.577083 0.839063 0.159375 0.159375
0 0.814063 0.855859 0.338542 0.203906
0 0.908333 0.879688 0.183333 0.240625
0 0.656510 0.783203 0.065104 0.061719
0 0.622135 0.784766 0.006771 0.008594
0 0.559635 0.785937 0.029687 0.020313
0 0.573958 0.789062 0.006250 0.018750
0 0.779687 0.799219 0.120833 0.048438
0 0.185937 0.814453 0.053125 0.091406
4 0.062240 0.780859 0.013021 0.013281
4 0.960156 0.780469 0.014063 0.020313
1 0.934635 0.695703 0.016146 0.039844
1 0.935677 0.677734 0.025521 0.071094
1 0.426562 0.675000 0.010417 0.032813
1 0.413542 0.659766 0.016667 0.066406
1 0.649740 0.416797 0.017188 0.071094
1 0.708594 0.414844 0.017188 0.071875