0 0.847135 0.789453 0.305729 0.421094
0 0.368229 0.678906 0.181250 0.231250
0 0.223958 0.649219 0.144792 0.137500
0 0.067969 0.609375 0.059896 0.015625
0 0.058333 0.603516 0.060417 0.027344
0 0.023958 0.612109 0.016667 0.010156
0 0.114844 0.611328 0.032813 0.008594
0 0.151302 0.611719 0.010937 0.007812
0 0.164323 0.608594 0.027604 0.014063
0 0.296354 0.600391 0.020833 0.032031
0 0.449219 0.630859 0.027604 0.067969
0 0.467188 0.626953 0.027083 0.050781
0 0.485677 0.620312 0.020313 0.035937
0 0.496615 0.617188 0.006771 0.018750
5 0.478125 0.600000 0.008333 0.004687
6 0.522135 0.605078 0.048438 0.069531
4 0.476302 0.620313 0.007812 0.039062
3 0.505990 0.625391 0.018229 0.050781
3 0.519271 0.623828 0.012500 0.042969
3 0.547135 0.618750 0.003646 0.018750
3 0.740365 0.648047 0.031771 0.046094
2 0.546615 0.455859 0.090104 0.060156
2 0.467969 0.455469 0.065104 0.059375
2 0.397135 0.454297 0.074479 0.060156