0 0.861719 0.754688 0.276562 0.300000
0 0.411198 0.673047 0.065104 0.077344
0 0.113802 0.674219 0.060937 0.084375
0 0.497396 0.667188 0.053125 0.060937
0 0.443229 0.657422 0.028125 0.038281
0 0.470573 0.666797 0.007812 0.036719
0 0.677083 0.655469 0.028125 0.034375
0 0.752344 0.653125 0.018229 0.025000
0 0.741406 0.652344 0.014063 0.021875
0 0.735677 0.652734 0.006771 0.019531
0 0.721354 0.652734 0.017708 0.021094
0 0.536458 0.647656 0.019792 0.025000
0 0.566667 0.649609 0.015625 0.021094
0 0.595833 0.645312 0.007292 0.015625
0 0.663542 0.651172 0.009375 0.024219
0 0.692448 0.652344 0.010937 0.020313
0 0.699479 0.651172 0.008333 0.017969
0 0.698177 0.637109 0.011979 0.011719
4 0.706510 0.651953 0.004687 0.021094
4 0.711198 0.649609 0.004687 0.025781
4 0.655208 0.648438 0.008333 0.032813
4 0.360417 0.659375 0.013542 0.048438
3 0.314583 0.682813 0.042708 0.182812
3 0.229948 0.673047 0.023438 0.080469
3 0.376042 0.662500 0.017708 0.056250
3 0.096354 0.761328 0.192708 0.477344
3 0.764583 0.653516 0.023958 0.041406
3 0.553906 0.650000 0.008854 0.031250
1 0.653385 0.463672 0.008854 0.036719
1 0.801302 0.590234 0.005729 0.019531
1 0.283073 0.461328 0.011979 0.014844
2 0.676823 0.457422 0.035937 0.016406
2 0.314323 0.538672 0.030729 0.028906
2 0.344792 0.538281 0.023958 0.029687
2 0.282552 0.474609 0.010937 0.014844
2 0.116146 0.579687 0.014583 0.048438
2 0.328646 0.499219 0.028125 0.031250