0 0.687500 0.786328 0.277083 0.280469
0 0.549740 0.750781 0.090104 0.168750
0 0.499479 0.726172 0.072917 0.103906
0 0.460417 0.714063 0.038542 0.060937
0 0.441927 0.696875 0.008854 0.018750
0 0.402604 0.695312 0.060417 0.028125
0 0.385937 0.750391 0.134375 0.163281
0 0.333333 0.693750 0.044792 0.031250
0 0.318750 0.720313 0.040625 0.075000
0 0.252344 0.741406 0.135937 0.135937
0 0.096875 0.814844 0.193750 0.370312
0 0.163021 0.725000 0.087500 0.082812
3 0.940885 0.784766 0.118229 0.261719
1 0.409896 0.637109 0.003125 0.016406
1 0.389844 0.637500 0.002604 0.015625
2 0.513021 0.632812 0.018750 0.026562
2 0.461719 0.666797 0.005729 0.016406
2 0.448698 0.668750 0.006771 0.010937
2 0.400521 0.648438 0.014583 0.009375
2 0.215365 0.675391 0.010937 0.007031
2 0.227083 0.658594 0.011458 0.018750
2 0.226823 0.672656 0.010937 0.010937