0 0.628906 0.813672 0.483854 0.372656
0 0.937240 0.765234 0.125521 0.224219
0 0.804427 0.781250 0.129688 0.195312
0 0.223177 0.708203 0.074479 0.080469
0 0.294792 0.699609 0.018750 0.052344
0 0.315885 0.697656 0.020313 0.043750
0 0.422396 0.699609 0.019792 0.033594
0 0.414323 0.694531 0.014063 0.028125
0 0.499479 0.733594 0.155208 0.150000
0 0.617969 0.713281 0.019271 0.032813
0 0.611719 0.693750 0.007812 0.009375
0 0.189062 0.671875 0.032292 0.056250
3 0.075781 0.715625 0.041146 0.053125
2 0.446875 0.694141 0.011458 0.039844