0 0.021615 0.903906 0.043229 0.192188
0 0.053385 0.727344 0.078646 0.059375
0 0.146615 0.742969 0.110937 0.110937
0 0.249479 0.752344 0.134375 0.137500
0 0.322917 0.720313 0.050000 0.068750
0 0.392448 0.758984 0.126562 0.160156
0 0.456250 0.711328 0.021875 0.049219
0 0.465885 0.714844 0.020313 0.056250
0 0.479687 0.721875 0.029167 0.075000
0 0.494792 0.723828 0.040625 0.091406
0 0.553646 0.751563 0.135417 0.148438
0 0.799479 0.816797 0.401042 0.366406
0 0.020313 0.710547 0.040625 0.030469
0 0.370052 0.702734 0.027604 0.019531
0 0.408333 0.701953 0.052083 0.024219
1 0.060156 0.671875 0.003646 0.010937
1 0.430469 0.625781 0.003646 0.015625
2 0.021094 0.664453 0.005729 0.024219
2 0.040365 0.665234 0.022396 0.024219
2 0.153385 0.677734 0.003646 0.013281
2 0.196094 0.670703 0.013021 0.008594
2 0.211719 0.660937 0.014063 0.043750
2 0.255469 0.680078 0.015104 0.007031
2 0.481250 0.659375 0.007292 0.014063
2 0.500260 0.656250 0.007812 0.023438
2 0.641146 0.573438 0.041667 0.053125
2 0.407031 0.626563 0.003646 0.015625
2 0.419010 0.639453 0.017188 0.010156