0 0.511198 0.711328 0.179688 0.236719
0 0.046615 0.737500 0.072396 0.117188
0 0.284115 0.666016 0.007812 0.021094
0 0.317708 0.654297 0.007292 0.016406
0 0.593229 0.650391 0.044792 0.071094
0 0.509115 0.628516 0.051562 0.025781
0 0.538802 0.622656 0.008854 0.009375
0 0.619010 0.621484 0.026562 0.028906
0 0.684896 0.680469 0.163542 0.156250
0 0.756771 0.645703 0.060417 0.066406
0 0.951042 0.642969 0.097917 0.098437
0 0.917708 0.801562 0.164583 0.396875
0 0.684635 0.627734 0.026562 0.019531
6 0.570573 0.610547 0.009896 0.011719
6 0.853646 0.600391 0.208333 0.147656
4 0.166406 0.668750 0.005729 0.021875
4 0.176042 0.669141 0.014583 0.022656
3 0.086719 0.701172 0.031771 0.071094
3 0.239844 0.671875 0.014063 0.032813
3 0.791146 0.641016 0.029167 0.072656
3 0.866927 0.641797 0.049479 0.096094
2 0.329167 0.572656 0.006250 0.035937
2 0.396875 0.588281 0.003125 0.021875
2 0.427604 0.603516 0.003125 0.014844
2 0.444271 0.608984 0.002083 0.011719
2 0.012500 0.482422 0.018750 0.097656