0 0.053385 0.738281 0.106771 0.135937
0 0.157031 0.771875 0.258854 0.229687
0 0.269271 0.720703 0.033333 0.067969
0 0.292708 0.722656 0.041667 0.053125
0 0.454167 0.799219 0.381250 0.401562
0 0.622656 0.719141 0.059896 0.071094
0 0.745052 0.803125 0.244271 0.239063
0 0.944531 0.691016 0.030729 0.013281
0 0.929948 0.689844 0.034896 0.015625
0 0.844531 0.675000 0.047396 0.020313
0 0.823177 0.673047 0.021354 0.013281
0 0.794792 0.685156 0.061458 0.039062
0 0.750781 0.667578 0.041146 0.021094
0 0.721875 0.661719 0.017708 0.014063
0 0.629427 0.651172 0.025521 0.021094
0 0.606250 0.650000 0.020833 0.017188
0 0.586458 0.648438 0.011458 0.014063
1 0.779948 0.610547 0.005729 0.016406
2 0.780208 0.662109 0.009375 0.025781