0 0.862760 0.767188 0.274479 0.432812
0 0.618750 0.648438 0.117708 0.120313
0 0.561198 0.635938 0.048438 0.084375
0 0.540104 0.630469 0.027083 0.065625
0 0.528125 0.626953 0.020833 0.053906
0 0.518229 0.622266 0.019792 0.041406
0 0.509635 0.619531 0.011979 0.035937
0 0.463542 0.655469 0.096875 0.131250
0 0.464844 0.612500 0.054688 0.023438
0 0.429688 0.611328 0.022917 0.014844
0 0.411198 0.626953 0.023438 0.058594
0 0.386979 0.629687 0.050000 0.071875
0 0.363542 0.641406 0.060417 0.089063
0 0.317708 0.654297 0.086458 0.127344
0 0.202083 0.684766 0.222917 0.211719
0 0.082031 0.755078 0.164062 0.346094
0 0.505990 0.610156 0.010937 0.017188
4 0.589062 0.587500 0.008333 0.014063
2 0.523698 0.575781 0.006771 0.010937