0 0.041927 0.743359 0.083854 0.174219
0 0.169792 0.710938 0.243750 0.162500
0 0.397396 0.683594 0.109375 0.098437
0 0.515365 0.701562 0.114062 0.137500
0 0.584375 0.667188 0.052083 0.092188
0 0.554948 0.648047 0.006771 0.011719
0 0.629687 0.664453 0.004167 0.008594
0 0.611198 0.663672 0.003646 0.007031
0 0.614062 0.663281 0.004167 0.006250
0 0.617708 0.662891 0.004167 0.005469
0 0.621094 0.662500 0.002604 0.004687
0 0.686458 0.701563 0.073958 0.092188
0 0.655990 0.675781 0.013021 0.035937
4 0.458594 0.670703 0.017188 0.071094
3 0.635938 0.664453 0.003125 0.011719
3 0.625521 0.665625 0.005208 0.020313
1 0.742969 0.620313 0.006771 0.029687
1 0.651042 0.548438 0.006250 0.026562
2 0.289844 0.645703 0.013021 0.022656
2 0.671875 0.648438 0.004167 0.009375
2 0.688542 0.642188 0.005208 0.012500
2 0.728125 0.636328 0.007292 0.014844
2 0.722917 0.650391 0.006250 0.011719