0 0.920312 0.857812 0.159375 0.284375
0 0.985677 0.707031 0.028646 0.035937
0 0.916927 0.644141 0.166146 0.105469
0 0.777344 0.718750 0.394271 0.307812
0 0.482031 0.610156 0.028646 0.053125
0 0.224219 0.606641 0.163021 0.083594
0 0.276562 0.736719 0.513542 0.407813
0 0.365365 0.623828 0.063021 0.032031
0 0.968750 0.626172 0.025000 0.016406
3 0.634375 0.575391 0.034375 0.021094
3 0.628646 0.601172 0.040625 0.055469
3 0.586719 0.623828 0.046354 0.099219
3 0.580729 0.589062 0.025000 0.035937
3 0.567708 0.596094 0.019792 0.048438
3 0.558854 0.619141 0.035417 0.096094
3 0.531250 0.617969 0.039583 0.109375
3 0.504167 0.621484 0.039583 0.114844
3 0.454167 0.605859 0.030208 0.063281
3 0.423438 0.596094 0.040625 0.042188
3 0.361719 0.606641 0.056771 0.064844
3 0.142448 0.612500 0.082812 0.132812
1 0.617708 0.493359 0.010417 0.044531
1 0.374479 0.414062 0.008333 0.035937
1 0.318229 0.412500 0.008333 0.037500
2 0.817708 0.565234 0.037500 0.019531
2 0.742188 0.562109 0.004167 0.005469
2 0.099740 0.572656 0.013021 0.018750
2 0.097656 0.597656 0.008854 0.029687
2 0.013542 0.575000 0.006250 0.007812