0 0.851562 0.770703 0.296875 0.458594
0 0.681250 0.684375 0.179167 0.203125
0 0.588802 0.653906 0.061979 0.087500
0 0.563021 0.623828 0.020833 0.027344
0 0.554948 0.610156 0.024479 0.025000
0 0.592708 0.608203 0.029167 0.005469
0 0.500521 0.624219 0.058333 0.034375
0 0.480990 0.722656 0.202604 0.279687
0 0.319792 0.704297 0.107292 0.119531
0 0.264323 0.656250 0.014063 0.028125
0 0.207552 0.665625 0.038021 0.071875
0 0.124479 0.686719 0.016667 0.029687
0 0.063281 0.749219 0.126562 0.153125
0 0.341667 0.639062 0.027083 0.007812
0 0.377604 0.637109 0.016667 0.013281
4 0.775781 0.621875 0.009896 0.029687
3 0.106250 0.674219 0.022917 0.057813
3 0.760417 0.617578 0.022917 0.047656
2 0.391406 0.580469 0.004687 0.029687