0 0.354427 0.634375 0.027604 0.056250
0 0.303906 0.753516 0.472396 0.430469
0 0.480208 0.674609 0.127083 0.188281
0 0.536979 0.645703 0.031250 0.102344
0 0.545833 0.606641 0.015625 0.011719
0 0.553646 0.619922 0.019792 0.036719
0 0.561979 0.625391 0.021875 0.046094
0 0.583073 0.628516 0.036979 0.060156
0 0.612760 0.633984 0.051562 0.085156
0 0.669531 0.643750 0.115104 0.115625
0 0.833854 0.681641 0.287500 0.202344
0 0.959115 0.778906 0.081771 0.235937
6 0.067969 0.584375 0.135937 0.282813
4 0.056510 0.678906 0.092188 0.287500
4 0.799219 0.574219 0.008854 0.015625
4 0.730469 0.603125 0.006771 0.017188
4 0.735417 0.598047 0.005208 0.017969
3 0.388281 0.625391 0.032813 0.052344
3 0.819531 0.572656 0.041146 0.017188
3 0.359115 0.620312 0.018229 0.043750
2 0.544271 0.591406 0.006250 0.009375