0 0.400260 0.668359 0.023438 0.016406
0 0.425781 0.667969 0.007812 0.015625
0 0.458854 0.678125 0.019792 0.040625
0 0.539583 0.691797 0.157292 0.307031
0 0.617188 0.670703 0.007292 0.017969
0 0.634375 0.692187 0.041667 0.064062
0 0.866927 0.761328 0.266146 0.232031
0 0.298958 0.687500 0.122917 0.057813
4 0.264583 0.666016 0.012500 0.028906
3 0.123438 0.714844 0.104167 0.223438
3 0.369792 0.685937 0.027083 0.082812
3 0.422656 0.673047 0.010937 0.022656
3 0.442969 0.681641 0.021354 0.069531
3 0.671354 0.714453 0.055208 0.192969
3 0.704167 0.696875 0.030208 0.098437
2 0.705729 0.626172 0.034375 0.038281
2 0.725521 0.608203 0.014583 0.025781
2 0.855990 0.578516 0.024479 0.061719