0 0.127865 0.775391 0.255729 0.411719
0 0.245833 0.676953 0.153125 0.163281
0 0.463802 0.628125 0.090104 0.057813
0 0.522135 0.638281 0.067187 0.082812
0 0.552083 0.617969 0.020833 0.010937
0 0.583073 0.635547 0.077604 0.072656
0 0.621094 0.629297 0.031771 0.047656
0 0.654427 0.650781 0.054688 0.134375
0 0.746615 0.667187 0.202604 0.204687
0 0.880469 0.767578 0.239063 0.433594
0 0.976042 0.606641 0.047917 0.036719
0 0.940885 0.622656 0.022396 0.035937
0 0.859115 0.604688 0.054688 0.042188
0 0.782813 0.601953 0.061458 0.025781
0 0.420833 0.749609 0.316667 0.374219
2 0.707292 0.499219 0.020833 0.029687