0 0.041667 0.642578 0.083333 0.116406
0 0.118750 0.621094 0.012500 0.054688
0 0.269271 0.635938 0.131250 0.128125
0 0.372656 0.617578 0.059896 0.074219
0 0.412500 0.607031 0.031250 0.051562
0 0.534115 0.728125 0.274479 0.342187
0 0.499479 0.612891 0.073958 0.049219
0 0.593750 0.605859 0.121875 0.135156
0 0.840885 0.681250 0.257812 0.226562
0 0.966667 0.659375 0.066667 0.128125
0 0.739844 0.611328 0.035937 0.042969
0 0.719531 0.609766 0.043229 0.035156
0 0.693490 0.598438 0.031771 0.018750
0 0.688021 0.621875 0.058333 0.060937
4 0.198958 0.586719 0.008333 0.017188
4 0.960417 0.593359 0.014583 0.017969
4 0.663021 0.593359 0.007292 0.021094
3 0.143490 0.625781 0.028646 0.110937
3 0.657031 0.621875 0.010937 0.064062
2 0.222396 0.484375 0.010417 0.053125
2 0.351042 0.532031 0.005208 0.029687
2 0.401042 0.553125 0.004167 0.021875
2 0.429167 0.563281 0.004167 0.015625
2 0.445052 0.567578 0.002604 0.013281
2 0.788802 0.561328 0.013021 0.024219
2 0.782552 0.539453 0.015104 0.021094
2 0.778906 0.560156 0.007812 0.020313