0 0.060937 0.680469 0.121875 0.115625
0 0.003385 0.689063 0.006771 0.075000
0 0.145313 0.680469 0.113542 0.098437
0 0.193750 0.676172 0.069792 0.082031
0 0.983594 0.792187 0.032813 0.145313
0 0.927604 0.719141 0.143750 0.172656
0 0.258333 0.675781 0.060417 0.065625
0 0.232552 0.661719 0.017188 0.032813
0 0.290625 0.663672 0.025000 0.038281
0 0.320052 0.664844 0.025521 0.034375
0 0.305729 0.654297 0.016667 0.017969
0 0.341146 0.657422 0.018750 0.021094
0 0.363021 0.652734 0.021875 0.013281
0 0.359635 0.658203 0.006771 0.019531
0 0.360677 0.668750 0.008854 0.039062
0 0.385937 0.670703 0.044792 0.060156
0 0.511458 0.666406 0.035417 0.045312
0 0.545052 0.667969 0.054688 0.056250
0 0.437760 0.658203 0.016146 0.025781
6 0.478385 0.637891 0.066146 0.082031
4 0.460938 0.660156 0.012500 0.050000
3 0.252604 0.671875 0.033333 0.095312
3 0.430990 0.655078 0.006771 0.022656
1 0.355469 0.623828 0.002604 0.011719
2 0.635156 0.587500 0.018229 0.028125
2 0.514323 0.611328 0.008854 0.013281