0 0.947917 0.884766 0.104167 0.230469
0 0.793750 0.798437 0.262500 0.259375
0 0.671875 0.771484 0.054167 0.122656
0 0.645312 0.757812 0.044792 0.087500
0 0.603906 0.736719 0.040104 0.054688
0 0.583073 0.731641 0.011979 0.028906
0 0.577865 0.731250 0.006771 0.026562
0 0.573438 0.729688 0.010417 0.023438
0 0.568490 0.728516 0.006771 0.019531
0 0.561198 0.730078 0.007812 0.028906
0 0.558073 0.739062 0.016146 0.046875
0 0.533073 0.741406 0.052604 0.068750
0 0.504948 0.730469 0.007812 0.039062
0 0.493490 0.730859 0.022396 0.049219
0 0.468490 0.734375 0.048438 0.060937
0 0.461198 0.741406 0.053646 0.079687
0 0.412240 0.746875 0.078646 0.110937
0 0.326042 0.766406 0.172917 0.175000
0 0.110677 0.814453 0.221354 0.371094
0 0.567969 0.725391 0.010937 0.017969
4 0.620052 0.716797 0.007812 0.025781
2 0.214062 0.728516 0.018750 0.063281
2 0.118490 0.541406 0.097396 0.081250
2 0.636198 0.699609 0.006771 0.011719
2 0.625000 0.703125 0.012500 0.009375
2 0.760937 0.650781 0.009375 0.034375