0 0.813802 0.726172 0.334896 0.260156
0 0.603906 0.591797 0.007812 0.010156
0 0.590365 0.595313 0.010937 0.012500
0 0.579687 0.592969 0.009375 0.012500
0 0.573698 0.594531 0.009896 0.012500
0 0.555469 0.593359 0.010937 0.008594
0 0.565365 0.597656 0.013021 0.012500
0 0.574740 0.621484 0.030729 0.039844
0 0.554167 0.609766 0.018750 0.024219
0 0.537240 0.597266 0.015104 0.019531
0 0.510156 0.610547 0.028646 0.039844
0 0.493229 0.633984 0.062500 0.080469
0 0.195833 0.615234 0.090625 0.060156
0 0.318490 0.600781 0.054688 0.035937
0 0.048177 0.622656 0.096354 0.078125
0 0.570052 0.585938 0.006771 0.004687
3 0.969792 0.668359 0.060417 0.169531
3 0.589844 0.600000 0.004687 0.017188
2 0.414062 0.598828 0.007292 0.027344