0 0.890625 0.783203 0.218750 0.241406
0 0.634115 0.716016 0.046354 0.049219
0 0.592708 0.704688 0.013542 0.021875
0 0.557031 0.697266 0.034896 0.027344
0 0.566146 0.725000 0.062500 0.078125
0 0.534115 0.703516 0.008854 0.014844
0 0.522396 0.709375 0.026042 0.031250
0 0.474219 0.722656 0.050521 0.065625
0 0.284896 0.700000 0.031250 0.012500
3 0.660937 0.708984 0.013542 0.044531
2 0.648177 0.693359 0.002604 0.007031
2 0.459375 0.653906 0.018750 0.028125
2 0.495052 0.698437 0.002604 0.009375
2 0.359375 0.701953 0.009375 0.033594