0 0.949219 0.892969 0.101562 0.178125
0 0.889844 0.804688 0.220312 0.182812
0 0.768229 0.765625 0.136458 0.117188
0 0.692969 0.743750 0.096354 0.093750
0 0.633594 0.733984 0.058854 0.069531
0 0.606771 0.725391 0.035417 0.057031
0 0.589323 0.721875 0.023438 0.051562
0 0.570573 0.714062 0.031771 0.040625
0 0.553385 0.711328 0.018229 0.035156
0 0.544271 0.707812 0.013542 0.031250
0 0.538281 0.705469 0.011979 0.026562
0 0.516667 0.714453 0.041667 0.060156
0 0.480469 0.718359 0.045312 0.072656
0 0.415625 0.743750 0.131250 0.143750
0 0.177344 0.727734 0.233854 0.216406
0 0.011198 0.656641 0.022396 0.047656
6 0.488021 0.678125 0.015625 0.014063
4 0.696354 0.704297 0.003125 0.021094
4 0.761979 0.704297 0.004167 0.007031
3 0.023958 0.653906 0.020833 0.054688
3 0.470052 0.679297 0.004687 0.007031
1 0.479948 0.657422 0.002604 0.007031
1 0.469531 0.657813 0.002604 0.007812
1 0.460156 0.657422 0.002604 0.008594
2 0.654427 0.658984 0.011979 0.019531
2 0.654167 0.668750 0.011458 0.009375
2 0.584375 0.653906 0.018750 0.048438