0 0.096615 0.775391 0.193229 0.250781
0 0.418750 0.710547 0.070833 0.071094
0 0.453906 0.699219 0.016146 0.032813
0 0.482031 0.697266 0.022396 0.025781
0 0.560677 0.690234 0.007812 0.010156
0 0.569010 0.689844 0.003646 0.009375
0 0.582812 0.700000 0.028125 0.035937
0 0.930208 0.839063 0.139583 0.321875
0 0.714323 0.732031 0.084896 0.087500
0 0.671354 0.700391 0.013542 0.017969
0 0.639062 0.705469 0.030208 0.039062
0 0.623177 0.698828 0.013021 0.025781
0 0.603385 0.695312 0.011979 0.018750
0 0.595573 0.698438 0.004687 0.026562
6 0.564844 0.683984 0.011979 0.021094
4 0.179427 0.693750 0.010937 0.029687
4 0.273177 0.711328 0.015104 0.038281
4 0.522396 0.690625 0.004167 0.018750
3 0.514583 0.693750 0.008333 0.023438
3 0.612760 0.697266 0.009896 0.033594
1 0.536979 0.675000 0.001042 0.007812
1 0.534896 0.675391 0.001042 0.007031
2 0.556510 0.683594 0.004687 0.006250
2 0.556510 0.694531 0.003646 0.009375
2 0.940104 0.607422 0.035417 0.066406
2 0.941667 0.656641 0.033333 0.028906
2 0.738802 0.644141 0.007812 0.025781
2 0.675781 0.655859 0.009896 0.038281
2 0.648177 0.673437 0.003646 0.009375