0 0.131250 0.760156 0.262500 0.375000
0 0.278385 0.687891 0.182812 0.199219
0 0.358073 0.662891 0.078646 0.136719
0 0.394792 0.619531 0.036458 0.040625
0 0.471354 0.689453 0.171875 0.227344
0 0.558594 0.620703 0.033854 0.046094
0 0.536458 0.613672 0.014583 0.030469
0 0.581250 0.624609 0.013542 0.063281
0 0.607552 0.626953 0.059896 0.078906
0 0.622656 0.639062 0.056771 0.093750
0 0.667448 0.649609 0.086979 0.124219
0 0.800521 0.676172 0.253125 0.224219
0 0.912500 0.783984 0.175000 0.361719
4 0.539583 0.605859 0.010417 0.046094
2 0.843490 0.410938 0.053646 0.073438
2 0.639323 0.535156 0.011979 0.018750