0 0.486198 0.671094 0.025521 0.032813
0 0.499740 0.666016 0.011979 0.022656
0 0.518229 0.665234 0.013542 0.017969
0 0.552344 0.667187 0.016146 0.020313
0 0.525781 0.664453 0.002604 0.014844
0 0.532552 0.663281 0.010937 0.018750
0 0.534375 0.664453 0.012500 0.016406
0 0.567187 0.666406 0.005208 0.015625
0 0.569531 0.667969 0.006771 0.021875
0 0.512240 0.662500 0.011979 0.021875
6 0.595052 0.648047 0.044271 0.117969
6 0.706250 0.638672 0.181250 0.199219
4 0.334635 0.696484 0.049479 0.135156
4 0.905990 0.725000 0.073438 0.282813
4 0.985938 0.709375 0.028125 0.109375
7 0.694792 0.719141 0.050000 0.239844
7 0.850781 0.756250 0.128646 0.353125
1 0.548698 0.644531 0.001563 0.009375
1 0.557552 0.653516 0.001563 0.005469
1 0.493490 0.650391 0.001563 0.002344
2 0.379427 0.619922 0.010937 0.022656