0 0.987500 0.914844 0.025000 0.170313
0 0.852604 0.789453 0.294792 0.375781
0 0.952604 0.598438 0.094792 0.026562
0 0.749219 0.669531 0.064062 0.075000
0 0.721615 0.667188 0.059896 0.057813
0 0.656250 0.689062 0.126042 0.126562
0 0.610677 0.673828 0.068229 0.085156
0 0.590104 0.656250 0.057292 0.089063
0 0.564063 0.665234 0.011458 0.052344
0 0.546094 0.659375 0.022396 0.040625
0 0.535156 0.650391 0.023438 0.046094
0 0.486979 0.655469 0.076042 0.053125
0 0.439844 0.760938 0.243229 0.315625
0 0.265365 0.666797 0.063021 0.058594
4 0.559896 0.648047 0.011458 0.027344
4 0.297396 0.667188 0.013542 0.065625
3 0.342188 0.676953 0.042708 0.138281
3 0.320052 0.665234 0.024479 0.105469
2 0.655469 0.619922 0.010937 0.013281