0 0.713542 0.634766 0.057292 0.064844
0 0.642188 0.668359 0.143750 0.146094
0 0.569010 0.637109 0.070312 0.091406
0 0.537500 0.609375 0.023958 0.023438
0 0.522656 0.619922 0.030729 0.046094
0 0.487500 0.605078 0.018750 0.008594
0 0.487760 0.628125 0.050521 0.068750
0 0.451823 0.613281 0.023438 0.034375
0 0.420312 0.605859 0.010417 0.021094
0 0.409115 0.611328 0.018229 0.035156
0 0.414323 0.608594 0.007812 0.028125
0 0.388802 0.610938 0.014063 0.031250
0 0.308594 0.591016 0.045312 0.017969
0 0.245312 0.595703 0.034375 0.024219
0 0.291406 0.684766 0.231771 0.274219
0 0.177344 0.603906 0.052604 0.034375
0 0.144531 0.598828 0.020313 0.027344
0 0.106510 0.598437 0.046354 0.031250
0 0.054688 0.606250 0.087500 0.045312
0 0.013021 0.603125 0.026042 0.034375
0 0.008333 0.579297 0.016667 0.016406
0 0.457552 0.590625 0.007812 0.009375
0 0.457552 0.591016 0.007812 0.008594
0 0.447917 0.592578 0.008333 0.007031
0 0.439844 0.597656 0.005729 0.006250
0 0.442708 0.588672 0.005208 0.005469
0 0.446875 0.586328 0.006250 0.005469
0 0.450521 0.585547 0.007292 0.008594
0 0.426823 0.591406 0.005729 0.003125
0 0.423177 0.589453 0.006771 0.010156
0 0.430208 0.586328 0.005208 0.007031
0 0.435156 0.583984 0.005729 0.007031
0 0.391927 0.586719 0.008854 0.007812
0 0.437240 0.580469 0.005729 0.006250
0 0.453646 0.576563 0.004167 0.006250
5 0.471354 0.587500 0.014583 0.017188
5 0.461458 0.580859 0.010417 0.016406
6 0.077865 0.572656 0.049479 0.026562
6 0.476562 0.584375 0.009375 0.017188
6 0.456771 0.565625 0.008333 0.014063
4 0.750521 0.633203 0.023958 0.066406
4 0.647135 0.605469 0.007812 0.035937
3 0.433854 0.614453 0.013542 0.050781
3 0.457813 0.592187 0.004167 0.004687
3 0.424740 0.611719 0.007812 0.035937
2 0.700781 0.568750 0.007812 0.014063
2 0.700781 0.579688 0.005729 0.007812