0 0.070833 0.653906 0.048958 0.023438
0 0.050000 0.679688 0.009375 0.023438
0 0.064062 0.671484 0.035417 0.042969
0 0.109896 0.668750 0.083333 0.054688
0 0.192708 0.673828 0.052083 0.049219
0 0.221354 0.658203 0.048958 0.024219
0 0.456510 0.675391 0.055729 0.060156
0 0.416667 0.794922 0.432292 0.410156
0 0.608854 0.732422 0.102083 0.207031
0 0.585677 0.666406 0.028646 0.037500
0 0.678906 0.684375 0.071354 0.056250
0 0.706250 0.679688 0.042708 0.050000
0 0.777865 0.667187 0.052604 0.025000
0 0.810937 0.669141 0.031250 0.021094
0 0.803125 0.739844 0.191667 0.223438
0 0.900521 0.680078 0.018750 0.027344
0 0.892969 0.807813 0.214062 0.384375
4 0.182552 0.683203 0.023438 0.080469
7 0.257552 0.684375 0.044271 0.156250
3 0.121875 0.683984 0.038542 0.088281
3 0.155469 0.741406 0.102604 0.228125
3 0.219531 0.686719 0.042188 0.085938
3 0.245313 0.683203 0.026042 0.072656
3 0.277865 0.668359 0.014063 0.046094
1 0.568750 0.570312 0.013542 0.053125
2 0.056771 0.633203 0.011458 0.010156
2 0.300260 0.632812 0.008854 0.014063
2 0.639583 0.655859 0.015625 0.024219
2 0.642448 0.680469 0.008854 0.023438
2 0.662500 0.578516 0.058333 0.057031
2 0.661198 0.524609 0.057813 0.050781
2 0.563542 0.618359 0.006250 0.021094