0 0.792969 0.660937 0.208854 0.106250
0 0.711979 0.779687 0.552083 0.440625
0 0.509896 0.649219 0.182292 0.268750
0 0.415625 0.629688 0.021875 0.034375
0 0.383854 0.640625 0.056250 0.070312
0 0.357031 0.646484 0.061979 0.089844
0 0.346615 0.614844 0.021354 0.009375
0 0.281771 0.656641 0.136458 0.136719
0 0.162500 0.716797 0.320833 0.271094
0 0.172396 0.623437 0.078125 0.042188
0 0.046094 0.652344 0.092188 0.159375
0 0.022135 0.843359 0.044271 0.221094
4 0.400000 0.608594 0.011458 0.029687
3 0.924479 0.761328 0.151042 0.477344
2 0.657552 0.561328 0.011979 0.007031