0 0.019792 0.729687 0.039583 0.051562
0 0.135938 0.715234 0.080208 0.050781
0 0.321875 0.704297 0.031250 0.021094
0 0.375260 0.700391 0.019271 0.016406
0 0.407552 0.697266 0.026562 0.016406
0 0.469271 0.692188 0.016667 0.010937
0 0.502344 0.691016 0.011979 0.008594
0 0.553125 0.688672 0.009375 0.005469
0 0.574219 0.700391 0.024479 0.033594
0 0.588802 0.691406 0.009896 0.014063
0 0.592187 0.690234 0.008333 0.013281
0 0.598177 0.689844 0.005729 0.009375
0 0.605208 0.691797 0.009375 0.013281
0 0.625521 0.699219 0.032292 0.040625
0 0.639323 0.687500 0.004687 0.007812
0 0.641406 0.685937 0.002604 0.004687
0 0.657813 0.686328 0.004167 0.005469
0 0.665365 0.686719 0.005729 0.006250
0 0.671615 0.685937 0.004687 0.004687
0 0.684115 0.699219 0.026562 0.025000
0 0.852344 0.773438 0.267188 0.221875
5 0.651042 0.683594 0.009375 0.015625
2 0.484375 0.688672 0.009375 0.016406