0 0.791406 0.634766 0.048438 0.057031
0 0.738802 0.660156 0.140104 0.131250
0 0.682813 0.619531 0.017708 0.028125
0 0.641927 0.628125 0.046354 0.054688
0 0.607812 0.611328 0.013542 0.016406
0 0.547135 0.676953 0.148438 0.186719
0 0.334896 0.601562 0.032292 0.017188
0 0.280469 0.605469 0.061979 0.031250
0 0.234896 0.606250 0.040625 0.042188
0 0.171354 0.601562 0.097917 0.051562
0 0.024479 0.587891 0.048958 0.033594
0 0.662240 0.610938 0.009896 0.012500
5 0.645312 0.601562 0.012500 0.023438
4 0.066667 0.582812 0.011458 0.025000
3 0.667708 0.619922 0.012500 0.041406