0 0.357552 0.759375 0.130729 0.164062
0 0.432292 0.724219 0.028125 0.035937
0 0.440104 0.701172 0.007292 0.008594
0 0.447396 0.717187 0.014583 0.023438
0 0.456771 0.708984 0.010417 0.014844
0 0.467708 0.710156 0.010417 0.017188
0 0.471875 0.714453 0.007292 0.021094
0 0.471875 0.720312 0.005208 0.025000
0 0.496094 0.729688 0.052604 0.070312
0 0.473698 0.701562 0.006771 0.004687
0 0.474740 0.696094 0.006771 0.007812
0 0.483594 0.690625 0.005729 0.006250
0 0.530469 0.723437 0.027604 0.039062
0 0.568229 0.726172 0.046875 0.057031
0 0.593229 0.724609 0.021875 0.049219
0 0.625521 0.719531 0.027083 0.050000
0 0.662240 0.732422 0.081771 0.082031
0 0.720573 0.726172 0.048438 0.057031
0 0.766406 0.730078 0.071354 0.066406
0 0.842188 0.736719 0.111458 0.087500
0 0.606510 0.721094 0.018229 0.029687
0 0.530469 0.699219 0.011979 0.007812
0 0.488802 0.678125 0.004687 0.006250
0 0.478646 0.678906 0.004167 0.006250
0 0.474740 0.677344 0.003646 0.004687
0 0.466406 0.678516 0.003646 0.005469
0 0.486719 0.676172 0.002604 0.005469
0 0.505990 0.688672 0.002604 0.007031
0 0.507812 0.689844 0.003125 0.007812
0 0.510417 0.690625 0.005208 0.007812
0 0.513802 0.693750 0.006771 0.007812
0 0.516146 0.696484 0.007292 0.008594
0 0.518490 0.699609 0.003646 0.010156
0 0.522656 0.700000 0.007812 0.010937
0 0.483333 0.677344 0.004167 0.010937
3 0.458073 0.687109 0.002604 0.008594
3 0.467448 0.683594 0.002604 0.007812
2 0.583333 0.679297 0.006250 0.013281
2 0.582292 0.664062 0.006250 0.017188
2 0.573958 0.680078 0.012500 0.014844
2 0.498698 0.667187 0.007812 0.012500