0 0.030208 0.694141 0.060417 0.075781
0 0.132552 0.696094 0.090104 0.059375
0 0.210156 0.698828 0.057813 0.046094
0 0.247396 0.696484 0.043750 0.046094
0 0.297135 0.700391 0.031771 0.032031
0 0.321094 0.700781 0.024479 0.028125
0 0.336719 0.701562 0.020313 0.028125
0 0.395573 0.714062 0.045312 0.035937
0 0.471615 0.767969 0.139063 0.187500
0 0.504167 0.713672 0.047917 0.028906
0 0.530208 0.714453 0.014583 0.022656
0 0.575521 0.642188 0.018750 0.007812
0 0.433594 0.707813 0.027604 0.014063
3 0.318490 0.714453 0.020313 0.044531
3 0.561719 0.727734 0.018229 0.055469
3 0.710677 0.757422 0.054688 0.135156
3 0.543750 0.714063 0.007292 0.021875
1 0.561198 0.678125 0.003646 0.012500
2 0.538021 0.662109 0.010417 0.007031
2 0.693229 0.721484 0.005208 0.019531
2 0.608333 0.716406 0.003125 0.014063
2 0.574479 0.712500 0.003125 0.009375