0 0.946094 0.889844 0.107813 0.220312
0 0.818490 0.844531 0.131771 0.110937
0 0.740365 0.829688 0.073438 0.078125
0 0.631510 0.805078 0.033854 0.039844
0 0.592969 0.810156 0.060937 0.064062
0 0.564844 0.798828 0.022396 0.038281
0 0.554948 0.792188 0.022396 0.029687
0 0.539583 0.789844 0.009375 0.020313
0 0.523698 0.765625 0.005729 0.009375
0 0.528646 0.796094 0.021875 0.035937
0 0.517969 0.780469 0.003646 0.004687
0 0.489063 0.782031 0.029167 0.057813
0 0.499219 0.802344 0.045312 0.065625
0 0.028125 0.806250 0.056250 0.106250
0 0.053385 0.789062 0.055729 0.060937
0 0.212240 0.794922 0.067187 0.061719
0 0.260937 0.793359 0.043750 0.053906
0 0.308333 0.790234 0.040625 0.041406
0 0.327865 0.780859 0.005729 0.014844
0 0.392448 0.797656 0.058854 0.065625
0 0.454167 0.786719 0.018750 0.025000
0 0.465104 0.784766 0.008333 0.019531
0 0.468750 0.782031 0.003125 0.014063
0 0.471875 0.779297 0.003125 0.008594
0 0.474479 0.779297 0.002083 0.007031
0 0.422396 0.785547 0.014583 0.022656
0 0.434115 0.782031 0.007812 0.014063
0 0.437500 0.781250 0.004167 0.012500
0 0.441667 0.780859 0.003125 0.011719
0 0.443490 0.780859 0.002604 0.011719
0 0.445052 0.779297 0.002604 0.008594
0 0.430208 0.781641 0.005208 0.014844
6 0.373698 0.766797 0.078646 0.089844
4 0.881771 0.832422 0.016667 0.038281
4 0.673437 0.799219 0.009375 0.028125
3 0.364323 0.792578 0.021354 0.060156
1 0.716146 0.463672 0.018750 0.075781
1 0.992448 0.696094 0.015104 0.081250
1 0.508333 0.744531 0.002083 0.003125
1 0.529427 0.767578 0.002604 0.003906
2 0.883854 0.735547 0.030208 0.041406
2 0.752344 0.762109 0.013021 0.013281
2 0.753646 0.776563 0.013542 0.014063
2 0.565104 0.767969 0.004167 0.007812