0 0.176823 0.772656 0.353646 0.368750
0 0.316406 0.644141 0.030729 0.039844
0 0.420573 0.664844 0.079687 0.107813
0 0.456510 0.623828 0.009896 0.016406
0 0.465625 0.628906 0.013542 0.023438
0 0.480208 0.630859 0.025000 0.032031
0 0.504687 0.645313 0.027083 0.060937
0 0.520573 0.650391 0.036979 0.071094
0 0.537500 0.658984 0.031250 0.089844
0 0.565625 0.666406 0.059375 0.121875
0 0.646354 0.679688 0.161458 0.167187
0 0.761719 0.654687 0.032813 0.067187
0 0.872656 0.671484 0.221354 0.185156
0 0.346094 0.632422 0.009896 0.024219
0 0.365365 0.636719 0.031771 0.034375
0 0.384635 0.633594 0.006771 0.026562
0 0.376302 0.624219 0.009896 0.006250
5 0.208594 0.548828 0.183854 0.175781
5 0.434375 0.607422 0.010417 0.007031
4 0.389323 0.624609 0.005729 0.025781
4 0.336719 0.634375 0.011979 0.048438
4 0.328385 0.627734 0.007812 0.024219
4 0.322656 0.620312 0.006771 0.009375
3 0.447396 0.623437 0.009375 0.018750
3 0.353906 0.631250 0.015104 0.050000
1 0.405729 0.575391 0.003125 0.011719
2 0.532292 0.591797 0.010417 0.014844
2 0.727344 0.463281 0.029687 0.053125