0 0.952865 0.787500 0.094271 0.135937
0 0.752604 0.751953 0.115625 0.122656
0 0.700781 0.737500 0.068229 0.084375
0 0.658594 0.726562 0.042188 0.057813
0 0.650000 0.721875 0.033333 0.043750
0 0.634896 0.712500 0.019792 0.028125
0 0.628125 0.702344 0.014583 0.010937
0 0.603125 0.738281 0.064583 0.106250
0 0.528906 0.758594 0.133854 0.176563
0 0.477865 0.699609 0.014063 0.021094
0 0.421875 0.729687 0.112500 0.129688
0 0.181771 0.786719 0.363542 0.284375
0 0.370573 0.701172 0.006771 0.032031
0 0.346094 0.701172 0.020313 0.035156
0 0.321615 0.698047 0.034896 0.032031
0 0.303646 0.696484 0.058333 0.041406
0 0.039583 0.691406 0.079167 0.085938
4 0.988542 0.708594 0.022917 0.062500
2 0.971875 0.610938 0.033333 0.053125
2 0.359896 0.702734 0.012500 0.042969