0 0.059635 0.786719 0.119271 0.076563
0 0.105208 0.782031 0.066667 0.048438
0 0.173958 0.806641 0.071875 0.067969
0 0.293490 0.800000 0.041146 0.043750
0 0.396354 0.783594 0.033333 0.043750
0 0.411719 0.780859 0.004687 0.005469
0 0.422135 0.789453 0.020313 0.022656
0 0.450521 0.786719 0.020833 0.018750
0 0.475521 0.784375 0.006250 0.006250
0 0.528385 0.804688 0.032813 0.065625
0 0.575521 0.826562 0.085417 0.120313
0 0.914583 0.897266 0.170833 0.205469
0 0.855729 0.864453 0.192708 0.180469
0 0.904167 0.810547 0.095833 0.049219
0 0.773698 0.822266 0.032813 0.071094
0 0.751302 0.823828 0.065104 0.078906
0 0.711719 0.816406 0.050521 0.065625
0 0.690104 0.809766 0.029167 0.053906
0 0.650521 0.802734 0.036458 0.041406
0 0.629948 0.801563 0.020313 0.034375
0 0.620313 0.800391 0.015625 0.032031
0 0.609635 0.789062 0.006771 0.007812
4 0.966927 0.790234 0.049479 0.092969
3 0.184635 0.801953 0.043229 0.103906
3 0.438802 0.784766 0.005729 0.011719
2 0.469271 0.723437 0.015625 0.025000
2 0.735677 0.751563 0.010937 0.021875