0 0.034375 0.866797 0.068750 0.241406
0 0.155208 0.726172 0.310417 0.266406
0 0.340625 0.654297 0.070833 0.100781
0 0.434115 0.696875 0.175521 0.235937
0 0.455208 0.615625 0.064583 0.034375
0 0.500781 0.612891 0.005729 0.008594
0 0.502344 0.615625 0.004687 0.012500
0 0.504427 0.617188 0.005729 0.018750
0 0.508073 0.619141 0.006771 0.024219
0 0.514323 0.619531 0.018229 0.025000
0 0.526302 0.626953 0.020313 0.044531
0 0.536198 0.628516 0.020313 0.055469
0 0.565104 0.635547 0.062500 0.075781
0 0.762240 0.614062 0.113021 0.098437
0 0.856771 0.747266 0.286458 0.413281
6 0.039583 0.548438 0.079167 0.231250
2 0.509635 0.589844 0.002604 0.004687