0 0.340104 0.741797 0.070833 0.055469
0 0.011719 0.736719 0.023438 0.009375
0 0.043490 0.764453 0.053646 0.010156
0 0.098177 0.752344 0.057813 0.029687
0 0.219271 0.733984 0.018750 0.011719
0 0.145052 0.736328 0.020313 0.011719
0 0.105990 0.734375 0.021354 0.006250
0 0.132812 0.734766 0.015625 0.014844
0 0.410417 0.748047 0.025000 0.010156
0 0.459896 0.736719 0.031250 0.032813
0 0.492969 0.737109 0.031771 0.035156
0 0.559375 0.735156 0.010417 0.014063
0 0.580469 0.735547 0.009896 0.011719
0 0.587500 0.735547 0.006250 0.010156
0 0.621094 0.749219 0.032813 0.045312
0 0.645833 0.744531 0.022917 0.031250
0 0.620313 0.733594 0.007292 0.007812
0 0.634375 0.735156 0.004167 0.006250
0 0.662760 0.725781 0.008854 0.010937
0 0.992708 0.791016 0.014583 0.085156
6 0.691146 0.729687 0.026042 0.043750
6 0.392188 0.720703 0.022917 0.014844
6 0.416667 0.721875 0.019792 0.012500
4 0.727865 0.748047 0.020313 0.067969
3 0.564844 0.734375 0.003646 0.010937
3 0.591406 0.735547 0.002604 0.010156
3 0.007031 0.800000 0.014063 0.068750
2 0.399740 0.524219 0.053646 0.107813
2 0.244792 0.534375 0.055208 0.103125
2 0.171354 0.716406 0.004167 0.007812
2 0.257292 0.715625 0.007292 0.017188
2 0.258073 0.700000 0.007812 0.014063
2 0.675781 0.718359 0.003646 0.008594
2 0.770313 0.749609 0.007292 0.028906
2 0.787760 0.606641 0.065104 0.039844
2 0.784635 0.651953 0.052604 0.053906
2 0.864063 0.679688 0.030208 0.017188
2 0.387500 0.726562 0.003125 0.015625