0 0.213802 0.642969 0.143229 0.100000
0 0.336458 0.750781 0.395833 0.403125
0 0.395833 0.623047 0.067708 0.067969
0 0.483854 0.675391 0.128125 0.189844
0 0.542448 0.646875 0.032813 0.104688
0 0.570573 0.612500 0.016146 0.020313
0 0.587760 0.628516 0.035937 0.060156
0 0.636719 0.601953 0.020313 0.021094
0 0.689062 0.645312 0.107292 0.118750
0 0.852865 0.687109 0.294271 0.216406
0 0.983073 0.801172 0.033854 0.210156
4 0.744792 0.596875 0.020833 0.043750
3 0.105990 0.736719 0.191146 0.470313
3 0.545833 0.598047 0.007292 0.011719
3 0.559115 0.623828 0.022396 0.064844
3 0.615365 0.643359 0.053646 0.136719
3 0.845313 0.570312 0.043750 0.018750
2 0.548438 0.589453 0.006250 0.005469