0 0.083073 0.701562 0.060937 0.032813
0 0.125260 0.704297 0.029687 0.024219
0 0.153646 0.704688 0.067708 0.026562
0 0.190104 0.698438 0.032292 0.029687
0 0.230208 0.705859 0.021875 0.013281
0 0.254167 0.702734 0.033333 0.021094
0 0.046875 0.746484 0.093750 0.133594
0 0.039844 0.822266 0.079687 0.177344
0 0.645052 0.713281 0.014063 0.014063
0 0.954427 0.802734 0.091146 0.158594
0 0.771615 0.741797 0.039062 0.042969
0 0.467708 0.715625 0.005208 0.021875
0 0.470313 0.717578 0.007292 0.027344
0 0.458594 0.716797 0.016146 0.022656
0 0.435938 0.714063 0.034375 0.029687
0 0.278646 0.699609 0.029167 0.019531
0 0.294010 0.745313 0.103646 0.107813
0 0.487500 0.724609 0.038542 0.052344
0 0.507031 0.717578 0.015104 0.024219
0 0.514583 0.717578 0.008333 0.019531
0 0.527604 0.720703 0.023958 0.033594
0 0.389583 0.783203 0.165625 0.185156
3 0.056250 0.695703 0.010417 0.016406
3 0.827604 0.744531 0.018750 0.054688
3 0.583073 0.724609 0.015104 0.049219
3 0.558333 0.721875 0.012500 0.042188
3 0.350260 0.698047 0.011979 0.021094
1 0.661979 0.617188 0.009375 0.014063
2 0.251563 0.703516 0.006250 0.022656
2 0.642448 0.642578 0.031771 0.024219
2 0.646354 0.672266 0.055208 0.036719