0 0.256771 0.670703 0.032292 0.016406
0 0.295052 0.671875 0.045312 0.023438
0 0.319271 0.671484 0.011458 0.014844
0 0.331250 0.669141 0.008333 0.013281
0 0.332813 0.671094 0.004167 0.014063
0 0.339844 0.674219 0.016146 0.021875
0 0.467708 0.699609 0.071875 0.099219
0 0.500781 0.687109 0.014063 0.053906
0 0.463021 0.667188 0.005208 0.007812
0 0.506771 0.675000 0.013542 0.026562
0 0.528125 0.673438 0.022917 0.023438
0 0.586719 0.706250 0.085938 0.104688
0 0.661719 0.700781 0.078646 0.081250
2 0.187760 0.661328 0.019271 0.086719
2 0.422917 0.669531 0.004167 0.020313