0 0.157552 0.763672 0.315104 0.327344
0 0.293490 0.685156 0.034896 0.060937
0 0.305990 0.680078 0.022396 0.046094
0 0.326042 0.676562 0.031250 0.039062
0 0.339844 0.671875 0.008854 0.029687
0 0.346094 0.667969 0.007812 0.012500
0 0.367188 0.680469 0.042708 0.053125
0 0.386458 0.664062 0.004167 0.006250
0 0.395052 0.669922 0.014063 0.019531
0 0.407292 0.670703 0.010417 0.022656
0 0.424740 0.673438 0.034896 0.043750
0 0.490104 0.680859 0.040625 0.049219
4 0.553906 0.637891 0.010937 0.035156
4 0.543750 0.551953 0.006250 0.022656
3 0.994531 0.798437 0.010937 0.079687
2 0.758854 0.665625 0.009375 0.037500