0 0.932292 0.747266 0.135417 0.114844
0 0.775781 0.762500 0.182812 0.165625
0 0.709896 0.714063 0.034375 0.034375
0 0.654948 0.708203 0.015104 0.017969
0 0.621615 0.725000 0.051562 0.060937
0 0.617969 0.706641 0.008854 0.007031
0 0.601042 0.707031 0.007292 0.015625
0 0.582031 0.713672 0.026562 0.035156
0 0.566667 0.707422 0.009375 0.014844
0 0.551562 0.707031 0.011458 0.020313
0 0.541406 0.709766 0.020313 0.027344
0 0.249740 0.737500 0.085938 0.075000
0 0.201563 0.725391 0.029167 0.032031
0 0.334896 0.713672 0.027083 0.027344
0 0.450781 0.705078 0.015104 0.010156
0 0.593750 0.691016 0.005208 0.007031
0 0.033854 0.737109 0.067708 0.055469
3 0.901302 0.693750 0.007812 0.009375
3 0.670833 0.710938 0.011458 0.032813
3 0.640365 0.701172 0.006771 0.017969
1 0.609635 0.689062 0.003646 0.009375
2 0.730990 0.670703 0.021354 0.028906
2 0.659375 0.644531 0.022917 0.023438
2 0.494010 0.664062 0.018229 0.029687
2 0.084375 0.696875 0.037500 0.145313
2 0.509896 0.699609 0.004167 0.013281
2 0.518750 0.699609 0.002083 0.010156
2 0.529948 0.700781 0.001563 0.006250