0 0.335417 0.685938 0.011458 0.006250
0 0.359375 0.692578 0.018750 0.010156
0 0.356250 0.711719 0.012500 0.018750
0 0.337240 0.716406 0.032813 0.039062
0 0.291146 0.725000 0.057292 0.062500
0 0.446354 0.695312 0.069792 0.031250
0 0.481250 0.696875 0.020833 0.026562
0 0.552083 0.805859 0.492708 0.388281
1 0.318490 0.484766 0.011979 0.053906
1 0.373958 0.673438 0.003125 0.014063
2 0.031250 0.734766 0.017708 0.061719
2 0.122135 0.728516 0.009896 0.033594
2 0.156510 0.714844 0.006771 0.023438
2 0.240365 0.699219 0.003646 0.010937
2 0.353385 0.700391 0.003646 0.005469
2 0.360938 0.681641 0.015625 0.011719
2 0.360156 0.669922 0.013021 0.011719
2 0.527344 0.564844 0.018229 0.068750