0 0.861979 0.707812 0.007292 0.012500
0 0.852865 0.706641 0.008854 0.010156
0 0.818229 0.721094 0.052083 0.050000
0 0.793490 0.707813 0.009896 0.018750
0 0.780469 0.708984 0.014063 0.021094
0 0.766927 0.710156 0.020313 0.023438
0 0.730208 0.709375 0.021875 0.021875
0 0.750000 0.703125 0.010417 0.012500
0 0.756510 0.700781 0.007812 0.007812
0 0.678906 0.711719 0.028646 0.031250
4 0.970573 0.665625 0.004687 0.007812
4 0.746354 0.707813 0.005208 0.014063
3 0.756771 0.706641 0.003125 0.013281
1 0.899740 0.657422 0.002604 0.010156
1 0.884375 0.657422 0.002083 0.008594
2 0.431771 0.618359 0.013542 0.047656
2 0.559635 0.660156 0.006771 0.023438
2 0.703646 0.682812 0.004167 0.012500
2 0.722656 0.686719 0.004687 0.006250
2 0.920573 0.620703 0.029687 0.024219
2 0.840365 0.621484 0.041146 0.030469
2 0.865104 0.688281 0.003125 0.004687
2 0.868750 0.706641 0.003125 0.007031