0 0.845573 0.878906 0.308854 0.242188
0 0.751823 0.848828 0.194271 0.157031
0 0.644792 0.830859 0.078125 0.110156
0 0.600521 0.815625 0.044792 0.071875
0 0.576302 0.809375 0.024479 0.054688
0 0.568750 0.805469 0.015625 0.046875
0 0.560677 0.798828 0.022396 0.036719
0 0.549479 0.798828 0.005208 0.028906
0 0.546094 0.796875 0.009896 0.026562
0 0.541667 0.794922 0.007292 0.021094
0 0.529167 0.795313 0.016667 0.021875
0 0.523177 0.795703 0.021354 0.025781
0 0.508594 0.791406 0.010937 0.015625
0 0.436719 0.800781 0.045312 0.056250
0 0.415885 0.791797 0.013021 0.032031
0 0.463802 0.791016 0.013021 0.017969
0 0.472396 0.788672 0.008333 0.014844
0 0.478125 0.787891 0.006250 0.010156
0 0.397135 0.791797 0.010937 0.021094
0 0.381250 0.793359 0.027083 0.033594
0 0.344010 0.792969 0.026562 0.026562
0 0.316146 0.795703 0.017708 0.032031
0 0.294792 0.796875 0.033333 0.034375
0 0.256771 0.798437 0.037500 0.040625
0 0.224479 0.799219 0.038542 0.043750
0 0.202604 0.801562 0.064583 0.056250
0 0.163802 0.800000 0.069271 0.057813
0 0.063281 0.808984 0.126562 0.083594
0 0.097135 0.780859 0.036979 0.021094
4 0.497656 0.791797 0.006771 0.025781
4 0.367969 0.789062 0.005729 0.028125
4 0.140365 0.796094 0.019271 0.085938
3 0.360937 0.797656 0.006250 0.014063
3 0.263542 0.796875 0.017708 0.054688
3 0.159115 0.799219 0.027604 0.085938