0 0.354427 0.796094 0.278646 0.184375
0 0.755729 0.830469 0.125000 0.095312
0 0.647396 0.809766 0.053125 0.058594
0 0.503646 0.811328 0.143750 0.092969
0 0.129167 0.813281 0.192708 0.118750
0 0.687760 0.803516 0.029687 0.033594
0 0.721354 0.795313 0.032292 0.014063
0 0.611458 0.789844 0.005208 0.006250
0 0.621875 0.790234 0.006250 0.008594
0 0.617448 0.789062 0.004687 0.006250
0 0.612760 0.782813 0.002604 0.003125
0 0.609896 0.781250 0.002083 0.003125
0 0.625781 0.791016 0.004687 0.011719
4 0.212240 0.780469 0.015104 0.034375
3 0.025000 0.794922 0.050000 0.128906
1 0.629948 0.576172 0.009896 0.044531
1 0.681250 0.580469 0.010417 0.043750
1 0.525521 0.687109 0.010417 0.046094
1 0.536458 0.686328 0.010417 0.047656
2 0.190365 0.774219 0.009896 0.014063
2 0.653646 0.575391 0.034375 0.016406
2 0.011719 0.697656 0.019271 0.026562