0 0.888281 0.833594 0.223438 0.303125
0 0.904167 0.741406 0.094792 0.051562
0 0.813802 0.732422 0.053646 0.047656
0 0.764844 0.724609 0.052604 0.027344
0 0.760417 0.759375 0.088542 0.117188
0 0.660938 0.717187 0.022917 0.026562
0 0.617448 0.714063 0.014063 0.021875
0 0.565365 0.715625 0.075521 0.060937
0 0.630208 0.826172 0.341667 0.347656
0 0.473698 0.701953 0.018229 0.039844
0 0.454427 0.714453 0.017188 0.019531
0 0.385937 0.712891 0.039583 0.036719
0 0.365625 0.713672 0.009375 0.028906
0 0.344010 0.711328 0.030729 0.038281
0 0.316667 0.712109 0.033333 0.044531
0 0.287240 0.714453 0.033854 0.047656
0 0.253125 0.714062 0.051042 0.056250
0 0.178385 0.707031 0.101562 0.087500
0 0.069531 0.720312 0.139063 0.087500
2 0.739583 0.676172 0.013542 0.017969
2 0.739844 0.694141 0.011979 0.016406
2 0.433594 0.710938 0.017188 0.064062