0 0.412240 0.793750 0.400521 0.412500
0 0.483854 0.659375 0.105208 0.065625
0 0.401302 0.647266 0.014063 0.005469
0 0.309115 0.689844 0.104688 0.098437
0 0.067708 0.769531 0.135417 0.296875
4 0.712760 0.644141 0.019271 0.082031
4 0.691146 0.676953 0.035417 0.142969
4 0.618229 0.655469 0.013542 0.056250
4 0.601823 0.653125 0.013021 0.062500
4 0.590365 0.657422 0.014063 0.053906
4 0.576302 0.651953 0.009896 0.044531
4 0.570312 0.652344 0.006250 0.042188
4 0.556250 0.644141 0.005208 0.017969
4 0.323177 0.595703 0.017188 0.025781
4 0.301302 0.632031 0.047396 0.154688
4 0.234375 0.653516 0.007292 0.022656
4 0.209635 0.654297 0.015104 0.036719
4 0.197396 0.659766 0.016667 0.032031
4 0.179688 0.658594 0.016667 0.045312
3 0.241667 0.684375 0.027083 0.090625
2 0.634375 0.515625 0.058333 0.093750
2 0.594531 0.539844 0.021354 0.040625
2 0.595573 0.572656 0.019271 0.023438
2 0.565625 0.608203 0.011458 0.017969
2 0.250521 0.614844 0.019792 0.048438