0 0.223958 0.641016 0.062500 0.105469
0 0.328125 0.671484 0.213542 0.211719
0 0.420313 0.612891 0.054167 0.041406
0 0.523177 0.660156 0.200521 0.150000
0 0.655208 0.616406 0.150000 0.068750
0 0.785156 0.753906 0.429688 0.362500
0 0.728125 0.611719 0.014583 0.010937
4 0.091406 0.612500 0.016146 0.085938
3 0.110156 0.603906 0.010937 0.037500
3 0.116927 0.608594 0.014063 0.045312
3 0.150781 0.605859 0.015104 0.042969
3 0.162760 0.610547 0.017188 0.049219
3 0.174219 0.607422 0.009896 0.041406
3 0.158854 0.594531 0.004167 0.009375
3 0.198958 0.611328 0.014583 0.041406
3 0.211719 0.598828 0.016146 0.028906
3 0.692187 0.707422 0.279167 0.521094
1 0.351562 0.380078 0.010417 0.046094
1 0.420052 0.379297 0.009896 0.044531
1 0.758073 0.457422 0.015104 0.063281
1 0.763281 0.569531 0.006771 0.006250
2 0.028906 0.579687 0.019271 0.025000
2 0.026302 0.614063 0.013021 0.042188
2 0.264323 0.573437 0.007812 0.012500
2 0.345833 0.562109 0.010417 0.011719
2 0.973698 0.574219 0.051562 0.037500