0 0.169010 0.671094 0.015104 0.034375
0 0.163542 0.673828 0.007292 0.019531
0 0.225781 0.677344 0.067187 0.053125
0 0.215625 0.656250 0.045833 0.017188
0 0.253646 0.654687 0.036458 0.017188
0 0.278906 0.667969 0.057813 0.040625
0 0.334896 0.667969 0.061458 0.056250
0 0.356510 0.654297 0.030729 0.016406
0 0.377865 0.710156 0.065104 0.131250
0 0.412240 0.731641 0.064062 0.203906
0 0.572396 0.789062 0.378125 0.421875
0 0.554167 0.656250 0.026042 0.031250
0 0.789062 0.745313 0.161458 0.214062
0 0.829427 0.669531 0.024479 0.020313
0 0.842708 0.681250 0.033333 0.040625
0 0.609896 0.667187 0.015625 0.020313
0 0.608594 0.660547 0.017188 0.010156
3 0.218490 0.681250 0.028646 0.065625
3 0.244010 0.676563 0.031771 0.060937
3 0.331250 0.690234 0.028125 0.094531
3 0.279167 0.714453 0.056250 0.189844
3 0.596354 0.661328 0.030208 0.032031
1 0.356250 0.624609 0.006250 0.024219
1 0.541667 0.571484 0.009375 0.014844
2 0.305469 0.635547 0.008854 0.013281
2 0.617448 0.554297 0.047396 0.053906
2 0.592969 0.656641 0.011979 0.019531
2 0.918229 0.552734 0.044792 0.083594