0 0.697135 0.758594 0.017188 0.040625
0 0.772917 0.773828 0.088542 0.082031
0 0.918229 0.807422 0.163542 0.164844
0 0.672135 0.748047 0.031771 0.057031
0 0.651823 0.735937 0.007812 0.009375
0 0.641667 0.750000 0.023958 0.048438
0 0.608854 0.765625 0.063542 0.089063
0 0.577083 0.742578 0.007292 0.008594
0 0.569271 0.749609 0.015625 0.024219
0 0.556771 0.750781 0.015625 0.025000
0 0.531510 0.761328 0.050521 0.058594
0 0.044792 0.787891 0.089583 0.061719
0 0.115365 0.779297 0.059896 0.050781
0 0.184115 0.781250 0.095312 0.071875
0 0.153125 0.762109 0.016667 0.014844
0 0.263021 0.767969 0.041667 0.032813
0 0.289844 0.765234 0.025521 0.030469
0 0.308333 0.763672 0.019792 0.025781
0 0.326042 0.762891 0.019792 0.024219
0 0.426823 0.757031 0.024479 0.028125
4 0.659115 0.756641 0.014063 0.055469
4 0.670313 0.757812 0.017708 0.051562
3 0.567448 0.749609 0.009896 0.041406
3 0.344531 0.764844 0.016146 0.042188
2 0.553646 0.720703 0.005208 0.008594
2 0.597917 0.694922 0.018750 0.013281
2 0.613281 0.713672 0.006771 0.013281
2 0.623958 0.692188 0.011458 0.018750