0 0.378906 0.662500 0.023438 0.026562
0 0.418490 0.663281 0.006771 0.014063
0 0.434115 0.667188 0.031771 0.039062
0 0.463542 0.662500 0.021875 0.028125
0 0.528646 0.703906 0.114583 0.131250
0 0.605208 0.696094 0.084375 0.101562
0 0.643229 0.666406 0.043750 0.039062
0 0.143490 0.741016 0.286979 0.253906
0 0.297135 0.667969 0.069271 0.095312
0 0.693229 0.664062 0.082292 0.032813
0 0.731510 0.721094 0.177604 0.160938
0 0.896875 0.702734 0.206250 0.136719
0 0.925260 0.804297 0.149479 0.305469
0 0.763021 0.657813 0.119792 0.035937
0 0.579427 0.655078 0.056771 0.028906
0 0.450000 0.663672 0.007292 0.016406
4 0.356510 0.664062 0.009896 0.040625
4 0.405729 0.658984 0.006250 0.028906
4 0.478125 0.661719 0.011458 0.032813
2 0.529167 0.610938 0.015625 0.045312
2 0.551302 0.616797 0.011979 0.016406
2 0.649219 0.602344 0.014063 0.023438
2 0.387240 0.628516 0.003646 0.008594
2 0.487240 0.642578 0.004687 0.005469
2 0.407031 0.634766 0.006771 0.010156