0 0.143229 0.826953 0.286458 0.346094
0 0.381510 0.778125 0.191146 0.189062
0 0.510156 0.764063 0.084896 0.115625
0 0.552083 0.751172 0.072917 0.103906
0 0.608333 0.748047 0.047917 0.060156
0 0.623177 0.745313 0.032813 0.053125
0 0.644010 0.740625 0.025521 0.051562
0 0.660417 0.746875 0.012500 0.035937
0 0.663802 0.744141 0.016146 0.035156
0 0.670312 0.741797 0.011458 0.028906
0 0.677604 0.739453 0.014583 0.025781
0 0.684375 0.737109 0.013542 0.022656
0 0.689063 0.736328 0.008333 0.021094
0 0.714583 0.754297 0.046875 0.064844