0 0.512760 0.681641 0.110937 0.085156
0 0.551562 0.660156 0.008333 0.021875
0 0.557292 0.657031 0.011458 0.015625
0 0.575260 0.680469 0.042188 0.068750
0 0.607812 0.692188 0.063542 0.089063
0 0.695833 0.673828 0.032292 0.033594
0 0.990625 0.836719 0.018750 0.114062
0 0.903125 0.757031 0.193750 0.231250
0 0.716667 0.747656 0.218750 0.256250
0 0.447917 0.758984 0.258333 0.317969
0 0.465625 0.658984 0.019792 0.021094
3 0.291146 0.710938 0.052083 0.156250
1 0.569792 0.617578 0.006250 0.025781
1 0.547135 0.637500 0.003646 0.010937
2 0.612240 0.620703 0.026562 0.025781
2 0.611458 0.595312 0.027083 0.025000
2 0.839063 0.546094 0.015625 0.023438