0 0.206510 0.639062 0.009896 0.009375
0 0.830469 0.653125 0.339062 0.671875
0 0.671875 0.631250 0.031250 0.051562
0 0.658333 0.627734 0.025000 0.044531
0 0.574479 0.633984 0.072917 0.107031
0 0.617448 0.625781 0.024479 0.043750
0 0.642188 0.606641 0.032292 0.016406
0 0.622656 0.605859 0.017188 0.010156
0 0.495833 0.639062 0.059375 0.073438
0 0.504687 0.620703 0.031250 0.028906
0 0.522396 0.619531 0.016667 0.026562
0 0.528125 0.610937 0.007292 0.009375
0 0.538021 0.622656 0.014583 0.037500
6 0.326042 0.584766 0.043750 0.028906
3 0.147656 0.645313 0.029687 0.037500
3 0.712500 0.607812 0.031250 0.046875
3 0.638021 0.635156 0.029167 0.090625
1 0.476302 0.593750 0.002604 0.007812
1 0.484375 0.584375 0.002083 0.004687
1 0.489323 0.584766 0.001563 0.005469
2 0.230208 0.480469 0.010417 0.053125
2 0.398698 0.560547 0.003646 0.021094
2 0.438021 0.579688 0.002083 0.012500
2 0.456771 0.587891 0.002083 0.008594
2 0.462240 0.589844 0.001563 0.007812
2 0.466927 0.591406 0.001563 0.007812
2 0.469792 0.591797 0.002083 0.007031