0 0.034375 0.686719 0.068750 0.028125
0 0.083854 0.688281 0.025000 0.012500
0 0.162760 0.705859 0.118229 0.086719
0 0.218750 0.677344 0.028125 0.010937
0 0.288802 0.717187 0.142187 0.129688
0 0.356250 0.683594 0.026042 0.029687
0 0.382292 0.689063 0.040625 0.050000
0 0.403646 0.674609 0.007292 0.010156
0 0.427865 0.692187 0.054688 0.067187
0 0.453385 0.678906 0.010937 0.020313
0 0.476562 0.683984 0.032292 0.039844
0 0.517969 0.695703 0.050521 0.063281
0 0.406510 0.620703 0.017188 0.007031
5 0.476562 0.666016 0.035417 0.058594
2 0.503125 0.624609 0.018750 0.019531