0 0.488542 0.783203 0.012500 0.016406
0 0.543490 0.787109 0.015104 0.017969
0 0.558854 0.783984 0.015625 0.014844
0 0.604948 0.787109 0.019271 0.019531
0 0.624219 0.783203 0.032813 0.030469
0 0.636719 0.788281 0.043229 0.026562
0 0.678385 0.791406 0.041146 0.040625
0 0.732031 0.783984 0.046354 0.017969
0 0.816406 0.808594 0.090104 0.075000
0 0.888542 0.792188 0.052083 0.029687
0 0.875781 0.814844 0.059896 0.054688
0 0.919271 0.883594 0.161458 0.232813
4 0.507031 0.781641 0.002604 0.017969
4 0.503906 0.783203 0.004687 0.017969
2 0.448698 0.783594 0.004687 0.017188
2 0.471875 0.777734 0.004167 0.007031
2 0.471875 0.783594 0.004167 0.007812
2 0.486458 0.756641 0.005208 0.013281