0 0.061719 0.724609 0.123438 0.139844
0 0.180990 0.704688 0.088021 0.085938
0 0.130469 0.680469 0.026562 0.026562
0 0.255469 0.719141 0.096354 0.097656
0 0.309896 0.701562 0.036458 0.057813
0 0.313802 0.652734 0.009896 0.010156
0 0.365885 0.711719 0.084896 0.153125
0 0.491406 0.795703 0.239063 0.285156
0 0.668229 0.730078 0.129167 0.139844
0 0.895833 0.808594 0.208333 0.259375
0 0.169531 0.590625 0.013021 0.010937
0 0.179167 0.581641 0.009375 0.010156
0 0.139063 0.598828 0.012500 0.011719
0 0.155469 0.593359 0.013021 0.011719
0 0.236979 0.670703 0.022917 0.014844
0 0.300781 0.674609 0.025521 0.019531
0 0.197917 0.656250 0.014583 0.010937
0 0.184635 0.579687 0.008854 0.009375
0 0.195312 0.581250 0.007292 0.007812
0 0.190365 0.571484 0.006771 0.007031
0 0.197917 0.578516 0.007292 0.008594
0 0.149740 0.591406 0.009896 0.012500
0 0.288802 0.680078 0.023438 0.021094
0 0.227083 0.662891 0.010417 0.010156
0 0.216406 0.660156 0.011979 0.007812
0 0.208073 0.657422 0.005729 0.007031
0 0.223958 0.653516 0.007292 0.005469
0 0.252344 0.664453 0.006771 0.010156
0 0.209115 0.654297 0.007812 0.007031
0 0.221094 0.657031 0.008854 0.004687
0 0.222656 0.647656 0.009896 0.009375
0 0.216146 0.640625 0.006250 0.009375
0 0.248438 0.651953 0.009375 0.010156
0 0.199479 0.573047 0.008333 0.008594
0 0.319792 0.668750 0.016667 0.006250
0 0.297396 0.654297 0.005208 0.008594
0 0.310677 0.646094 0.007812 0.006250
0 0.315625 0.663672 0.011458 0.007031
0 0.311979 0.661719 0.010417 0.006250
0 0.210417 0.650391 0.009375 0.010156
0 0.212240 0.616016 0.005729 0.010156
0 0.187500 0.567188 0.006250 0.006250
0 0.194531 0.567969 0.002604 0.004687
0 0.322396 0.648828 0.007292 0.008594
0 0.302344 0.647266 0.009896 0.010156
0 0.236979 0.623828 0.005208 0.007031
0 0.192969 0.617969 0.003646 0.006250
0 0.250000 0.634766 0.003125 0.007031
0 0.217187 0.618750 0.005208 0.007812
2 0.370052 0.592969 0.035937 0.026562
2 0.328125 0.592187 0.037500 0.026562
2 0.288802 0.595313 0.003646 0.004687