0 0.580990 0.753516 0.066146 0.092969
0 0.564062 0.719141 0.025000 0.028906
0 0.552083 0.715234 0.007292 0.025781
0 0.507812 0.712500 0.017708 0.028125
0 0.505990 0.696484 0.011979 0.005469
0 0.485417 0.725391 0.030208 0.039844
0 0.472656 0.710938 0.005729 0.007812
0 0.461458 0.720703 0.020833 0.028906
0 0.441146 0.720703 0.016667 0.021094
0 0.452083 0.718750 0.004167 0.020313
0 0.450000 0.718750 0.003125 0.015625
0 0.447917 0.715234 0.002083 0.002344
0 0.407552 0.716797 0.008854 0.003906
0 0.398438 0.716016 0.009375 0.005469
0 0.379427 0.717187 0.040104 0.062500
0 0.315625 0.715234 0.030208 0.010156
0 0.295052 0.717578 0.016146 0.005469
0 0.203646 0.743359 0.116667 0.092969
0 0.111719 0.713672 0.057813 0.013281
0 0.037760 0.715625 0.058854 0.010937
6 0.351823 0.705469 0.018229 0.029687
6 0.267708 0.709375 0.065625 0.023438
3 0.525000 0.716016 0.010417 0.032031
2 0.435937 0.682812 0.015625 0.017188
2 0.463281 0.683203 0.015104 0.016406
2 0.484115 0.666797 0.005729 0.008594
2 0.340625 0.711719 0.005208 0.007812