0 0.857292 0.873828 0.285417 0.252344
0 0.717708 0.839063 0.063542 0.068750
0 0.680469 0.833984 0.050521 0.060156
0 0.659896 0.819922 0.014583 0.030469
0 0.656771 0.814453 0.005208 0.013281
0 0.653385 0.811328 0.007812 0.007031
0 0.638021 0.818359 0.033333 0.027344
0 0.619271 0.820312 0.014583 0.028125
0 0.595312 0.813281 0.009375 0.014063
0 0.585938 0.814844 0.012500 0.015625
0 0.576302 0.812891 0.010937 0.014844
0 0.586979 0.802734 0.009375 0.010156
0 0.557292 0.811328 0.010417 0.013281
0 0.542187 0.817969 0.028125 0.034375
0 0.518490 0.815234 0.018229 0.021094
0 0.491667 0.817969 0.025000 0.028125
5 0.629167 0.802344 0.014583 0.023438
6 0.609375 0.806250 0.018750 0.032813
3 0.640885 0.836328 0.053646 0.086719
3 0.565365 0.816797 0.016146 0.030469
1 0.150521 0.507422 0.022917 0.066406
1 0.102083 0.510156 0.021875 0.065625
1 0.053125 0.513281 0.022917 0.065625
1 0.555729 0.763281 0.002083 0.009375
2 0.887500 0.696484 0.009375 0.050781
2 0.751823 0.757812 0.015104 0.032813