0 0.226823 0.830469 0.453646 0.339062
0 0.431250 0.722656 0.035417 0.035937
0 0.449479 0.728125 0.008333 0.020313
0 0.488021 0.736719 0.078125 0.071875
0 0.531250 0.725781 0.032292 0.042188
0 0.744010 0.725000 0.019271 0.023438
0 0.817448 0.726172 0.006771 0.011719
0 0.827865 0.724609 0.007812 0.010156
0 0.641146 0.825781 0.264583 0.289062
0 0.880990 0.792969 0.238021 0.414062
5 0.229948 0.608594 0.375521 0.323437
6 0.616146 0.674609 0.144792 0.135156
1 0.742448 0.606250 0.006771 0.023438
1 0.509896 0.661719 0.006250 0.023438
2 0.745052 0.696484 0.010937 0.017969
2 0.786198 0.677734 0.017188 0.019531
2 0.808854 0.677734 0.027083 0.017969
2 0.835417 0.678125 0.028125 0.017188