0 0.071354 0.730078 0.142708 0.119531
0 0.359115 0.698438 0.044271 0.045312
0 0.427865 0.689062 0.025521 0.032813
0 0.451562 0.678125 0.006250 0.009375
0 0.489844 0.639063 0.007812 0.006250
0 0.492969 0.644141 0.005729 0.007031
0 0.518229 0.673047 0.007292 0.007031
0 0.565885 0.663672 0.010937 0.010156
0 0.607552 0.715625 0.092188 0.114062
0 0.478906 0.701953 0.052604 0.071094
0 0.505469 0.688281 0.019271 0.039062
0 0.513281 0.681641 0.006771 0.019531
0 0.517969 0.680469 0.005729 0.010937
0 0.529167 0.683984 0.019792 0.024219
0 0.540365 0.680469 0.010937 0.018750
0 0.548177 0.678516 0.004687 0.016406
0 0.555208 0.678516 0.013542 0.017969
0 0.556510 0.668750 0.007812 0.004687
0 0.568750 0.673438 0.007292 0.015625
0 0.572656 0.672266 0.005729 0.014844
0 0.607812 0.678125 0.036458 0.017188
0 0.732552 0.719141 0.054688 0.035156
0 0.748437 0.685937 0.051042 0.034375
0 0.794531 0.696484 0.049479 0.050781
0 0.846875 0.705469 0.069792 0.048438
0 0.920052 0.730078 0.099479 0.044531
0 0.983073 0.762500 0.033854 0.062500
3 0.573698 0.662500 0.002604 0.006250
2 0.545573 0.645312 0.014063 0.009375
2 0.559115 0.632422 0.006771 0.010156
2 0.561458 0.633203 0.008333 0.013281
2 0.910938 0.610156 0.010417 0.040625
2 0.808854 0.655859 0.002083 0.007031
2 0.748958 0.653125 0.001042 0.004687
2 0.725000 0.641797 0.005208 0.019531
2 0.707031 0.654687 0.001563 0.004687
2 0.672656 0.650391 0.003646 0.014844
2 0.634115 0.655469 0.002604 0.010937
2 0.655729 0.659766 0.001042 0.003906