0 0.131250 0.719922 0.137500 0.102344
0 0.370573 0.684375 0.010937 0.018750
0 0.372656 0.675391 0.011979 0.021094
0 0.517708 0.680469 0.047917 0.031250
0 0.548438 0.732422 0.125000 0.177344
0 0.640104 0.704297 0.071875 0.071094
0 0.496354 0.680469 0.015625 0.021875
0 0.490104 0.683984 0.013542 0.028906
0 0.483333 0.682422 0.015625 0.025781
0 0.474479 0.679297 0.010417 0.017969
0 0.464062 0.680078 0.013542 0.019531
0 0.439844 0.679688 0.017188 0.018750
3 0.589063 0.682813 0.027083 0.068750
2 0.305729 0.643750 0.007292 0.023438
2 0.565104 0.655859 0.007292 0.010156
2 0.572135 0.645703 0.005729 0.014844
2 0.658854 0.628906 0.011458 0.025000
2 0.468229 0.652344 0.005208 0.012500