0 0.056510 0.699219 0.113021 0.095312
0 0.451042 0.673438 0.061458 0.075000
0 0.884896 0.768359 0.230208 0.350781
0 0.644271 0.679297 0.092708 0.096094
0 0.594010 0.667188 0.044271 0.065625
0 0.502604 0.662500 0.022917 0.045312
0 0.104688 0.690234 0.033333 0.057031
0 0.141146 0.690625 0.054167 0.057813
0 0.186979 0.685547 0.034375 0.047656
0 0.229948 0.677734 0.092188 0.071094
0 0.288802 0.675781 0.025521 0.034375
0 0.344271 0.667969 0.041667 0.035937
0 0.381250 0.664453 0.032292 0.027344
0 0.396615 0.659766 0.007812 0.014844
0 0.410938 0.660937 0.022917 0.023438
0 0.494531 0.658594 0.005729 0.029687
0 0.491667 0.654687 0.003125 0.015625
0 0.571354 0.658203 0.027083 0.042969
0 0.009115 0.844922 0.018229 0.211719
4 0.101302 0.663672 0.020313 0.050781
3 0.236719 0.682031 0.040104 0.150000
3 0.528906 0.696094 0.049479 0.187500