0 0.432812 0.690234 0.069792 0.083594
0 0.467708 0.680469 0.017708 0.050000
0 0.476823 0.666797 0.013021 0.019531
0 0.476823 0.655469 0.015104 0.004687
0 0.517448 0.661328 0.046354 0.017969
0 0.532292 0.712500 0.118750 0.160938
0 0.583854 0.665625 0.021875 0.020313
0 0.612500 0.698047 0.059375 0.097656
0 0.688802 0.717969 0.144271 0.156250
0 0.753125 0.672656 0.040625 0.039062
0 0.823177 0.699219 0.140104 0.098437
0 0.874479 0.781641 0.251042 0.436719
0 0.496354 0.663672 0.004167 0.010156
1 0.497135 0.584375 0.003646 0.017188
2 0.744792 0.579297 0.022917 0.052344
2 0.589063 0.648047 0.006250 0.013281
2 0.308594 0.590234 0.008854 0.022656