0 0.122135 0.784375 0.244271 0.431250
0 0.138542 0.637500 0.053125 0.046875
0 0.252865 0.641797 0.138021 0.069531
0 0.407031 0.709375 0.220312 0.260937
0 0.488281 0.614453 0.006771 0.014844
0 0.493750 0.614063 0.006250 0.014063
0 0.513802 0.619922 0.025521 0.033594
0 0.497917 0.612109 0.005208 0.011719
0 0.500000 0.610156 0.004167 0.009375
0 0.502865 0.615234 0.003646 0.017969
0 0.526042 0.613281 0.006250 0.014063
0 0.539062 0.608984 0.010417 0.021094
0 0.549219 0.612109 0.004687 0.014844
0 0.554948 0.610547 0.009896 0.016406
0 0.557812 0.614844 0.008333 0.018750
0 0.569792 0.613281 0.018750 0.026562
0 0.588542 0.626953 0.029167 0.053906
0 0.631250 0.635547 0.070833 0.078906
0 0.600521 0.625781 0.022917 0.060937
0 0.664062 0.628516 0.022917 0.057031
0 0.725521 0.636328 0.090625 0.082031
0 0.881250 0.676953 0.237500 0.192969
0 0.986198 0.610938 0.027604 0.051562
0 0.915885 0.607031 0.121354 0.034375
5 0.506510 0.600000 0.011979 0.017188
4 0.241667 0.607031 0.008333 0.009375
4 0.528125 0.608984 0.003125 0.008594
4 0.791146 0.591797 0.043750 0.075781
3 0.532031 0.611328 0.002604 0.016406
3 0.534635 0.612891 0.004687 0.021094
2 0.314583 0.550391 0.009375 0.024219