0 0.863542 0.744922 0.202083 0.232031
0 0.755208 0.702734 0.138542 0.133594
0 0.671875 0.690625 0.092708 0.093750
0 0.586979 0.676172 0.048958 0.052344
0 0.558073 0.673047 0.026562 0.041406
0 0.544010 0.670312 0.023438 0.035937
0 0.529687 0.669531 0.018750 0.029687
0 0.521094 0.665625 0.010937 0.018750
0 0.512760 0.664844 0.013021 0.018750
0 0.460156 0.714453 0.124479 0.153906
0 0.407813 0.687109 0.032292 0.086719
0 0.376302 0.673438 0.050521 0.054688
0 0.401563 0.652734 0.016667 0.013281
2 0.789062 0.563281 0.017708 0.042188
2 0.269792 0.604297 0.012500 0.030469
2 0.428385 0.636328 0.003646 0.008594
2 0.551562 0.635938 0.004167 0.015625
2 0.516667 0.641016 0.002083 0.008594
2 0.770312 0.602734 0.025000 0.028906