0 0.063542 0.737891 0.044792 0.064844
0 0.151042 0.698828 0.015625 0.024219
0 0.167448 0.693750 0.025521 0.025000
0 0.190625 0.712109 0.076042 0.049219
0 0.224479 0.685547 0.025000 0.019531
0 0.268750 0.685156 0.014583 0.035937
0 0.277865 0.673047 0.018229 0.017969
0 0.309115 0.674219 0.006771 0.025000
0 0.346354 0.662109 0.005208 0.016406
0 0.485417 0.635938 0.014583 0.039062
0 0.561979 0.711719 0.188542 0.226562
0 0.629948 0.649609 0.041146 0.080469
0 0.642188 0.623828 0.008333 0.014844
0 0.668229 0.637500 0.044792 0.051562
0 0.713542 0.636719 0.040625 0.045312
0 0.977865 0.725391 0.044271 0.135156
0 0.345313 0.737500 0.079167 0.059375
3 0.763802 0.656250 0.071354 0.190625
3 0.784115 0.635547 0.014063 0.072656
3 0.822396 0.637891 0.029167 0.066406
3 0.895052 0.638281 0.043229 0.093750
2 0.191667 0.593750 0.010417 0.056250
2 0.407552 0.612500 0.003646 0.018750
2 0.427083 0.614844 0.002083 0.015625
2 0.453646 0.618359 0.002083 0.010156
2 0.466406 0.619141 0.001563 0.007031
2 0.644271 0.605469 0.004167 0.009375