0 0.572656 0.726172 0.054688 0.113281
0 0.491667 0.716406 0.056250 0.039062
0 0.437500 0.727344 0.089583 0.078125
0 0.365104 0.704688 0.016667 0.020313
0 0.382031 0.820312 0.499479 0.359375
0 0.324219 0.700000 0.032813 0.035937
0 0.232031 0.700781 0.051562 0.064062
0 0.123698 0.775000 0.247396 0.282813
4 0.830469 0.733203 0.009896 0.044531
4 0.662760 0.728125 0.010937 0.029687
4 0.362760 0.695703 0.005729 0.013281
3 0.711719 0.793750 0.086979 0.218750
3 0.279427 0.685938 0.064062 0.115625
3 0.603125 0.734766 0.009375 0.035156
1 0.621354 0.601562 0.014583 0.059375
1 0.254427 0.646094 0.006771 0.025000
1 0.468229 0.603516 0.004167 0.022656
1 0.476042 0.603516 0.005208 0.022656
1 0.499740 0.605078 0.004687 0.024219
2 0.979167 0.457031 0.041667 0.100000
2 0.743490 0.582812 0.038021 0.078125
2 0.653906 0.658203 0.014063 0.025781