0 0.042448 0.827344 0.084896 0.239063
0 0.142187 0.656641 0.033333 0.021094
0 0.198698 0.682813 0.084896 0.076563
0 0.264063 0.675391 0.047917 0.049219
0 0.321615 0.681250 0.057813 0.064062
0 0.354948 0.673438 0.025521 0.039062
0 0.363281 0.669531 0.020313 0.028125
0 0.378385 0.666406 0.013021 0.017188
0 0.397917 0.670703 0.022917 0.032031
0 0.430990 0.686719 0.075521 0.104688
4 0.380990 0.550000 0.005729 0.025000
1 0.388281 0.641016 0.002604 0.010156
2 0.359375 0.549219 0.015625 0.028125
2 0.347656 0.555078 0.004687 0.010156
2 0.065885 0.255078 0.015104 0.021094
2 0.609375 0.664453 0.007292 0.030469
2 0.389583 0.553516 0.009375 0.014844