0 0.445573 0.691016 0.141146 0.100781
0 0.246875 0.682031 0.052083 0.045312
0 0.190625 0.681641 0.040625 0.042969
0 0.216146 0.680469 0.027083 0.035937
0 0.101823 0.674609 0.017188 0.022656
0 0.081510 0.673438 0.013021 0.021875
0 0.044271 0.672266 0.014583 0.016406
0 0.016927 0.672656 0.011979 0.014063
0 0.030208 0.669922 0.009375 0.011719
4 0.116146 0.701562 0.045833 0.200000
4 0.147396 0.716016 0.063542 0.182031
4 0.981771 0.687109 0.036458 0.199219
3 0.024740 0.674609 0.006771 0.022656
1 0.082031 0.251172 0.060937 0.247656