0 0.502344 0.664453 0.040104 0.017969
0 0.544010 0.662500 0.030729 0.014063
0 0.526302 0.666016 0.006771 0.005469
0 0.563542 0.692969 0.038542 0.070312
0 0.591406 0.707031 0.061979 0.109375
0 0.741667 0.674219 0.022917 0.032813
0 0.654687 0.723828 0.122917 0.160156
0 0.822917 0.800781 0.354167 0.398438
0 0.516406 0.707031 0.082812 0.129688
0 0.343490 0.736328 0.142187 0.200781
4 0.253125 0.651953 0.028125 0.071094
3 0.047917 0.866406 0.095833 0.267188
3 0.218229 0.776953 0.163542 0.378906
3 0.451042 0.729297 0.105208 0.271094
1 0.492448 0.567578 0.004687 0.021094
2 0.615104 0.642969 0.013542 0.021875
2 0.393229 0.626953 0.008333 0.021094