0 0.303385 0.666797 0.050521 0.042969
0 0.420833 0.801172 0.384375 0.397656
0 0.578125 0.709375 0.041667 0.145313
0 0.573958 0.667578 0.027083 0.057031
0 0.584375 0.668359 0.016667 0.035156
0 0.591406 0.657031 0.006771 0.010937
0 0.597917 0.657031 0.011458 0.012500
0 0.604948 0.689844 0.040104 0.076563
0 0.631771 0.699609 0.051042 0.102344
0 0.685937 0.719531 0.118750 0.143750
0 0.842969 0.766797 0.314063 0.302344
0 0.886458 0.733203 0.227083 0.533594
4 0.669271 0.644531 0.003125 0.006250
4 0.029427 0.661719 0.030729 0.109375
3 0.321094 0.664062 0.025521 0.045312