0 0.063021 0.672656 0.126042 0.068750
0 0.139062 0.669141 0.126042 0.057031
0 0.214583 0.679297 0.063542 0.028906
0 0.245833 0.680469 0.015625 0.023438
0 0.299479 0.668359 0.095833 0.052344
0 0.356771 0.681250 0.031250 0.026562
0 0.373958 0.683594 0.008333 0.020313
0 0.393750 0.683984 0.015625 0.017969
0 0.460677 0.677734 0.017188 0.013281
0 0.378125 0.681250 0.006250 0.010937
0 0.440625 0.680859 0.007292 0.007031
0 0.447917 0.681250 0.006250 0.006250
0 0.530729 0.689062 0.041667 0.025000
0 0.517708 0.754688 0.145833 0.190625
0 0.444792 0.681250 0.003125 0.006250
6 0.376563 0.661328 0.044792 0.027344
1 0.215885 0.644922 0.005729 0.022656
1 0.222396 0.644531 0.005208 0.023438
2 0.143490 0.630469 0.014063 0.020313
2 0.194792 0.651562 0.010417 0.025000
2 0.359375 0.674609 0.004167 0.007031
2 0.359115 0.683984 0.004687 0.010156
2 0.795052 0.640234 0.008854 0.024219