0 0.998177 0.735938 0.003646 0.034375
0 0.955990 0.718750 0.088021 0.084375
0 0.891667 0.708984 0.098958 0.077344
0 0.824219 0.705859 0.035937 0.044531
0 0.786198 0.711719 0.069271 0.060937
0 0.743750 0.707031 0.040625 0.042188
0 0.730990 0.705859 0.028646 0.035156
0 0.711458 0.704688 0.028125 0.034375
0 0.693750 0.699609 0.019792 0.017969
0 0.652604 0.734375 0.106250 0.103125
0 0.606771 0.700000 0.016667 0.015625
0 0.594010 0.704297 0.008854 0.013281
0 0.584635 0.703516 0.011979 0.016406
0 0.567448 0.710547 0.031771 0.036719
0 0.552344 0.703516 0.010937 0.014844
0 0.513021 0.734375 0.079167 0.106250
2 0.266667 0.632422 0.016667 0.027344
2 0.592448 0.671094 0.008854 0.014063