0 0.373438 0.722656 0.040625 0.026562
0 0.949219 0.868750 0.101562 0.150000
0 0.810417 0.792188 0.134375 0.128125
0 0.735156 0.772656 0.073438 0.089063
0 0.699219 0.765234 0.044271 0.071094
0 0.673177 0.759375 0.039062 0.059375
0 0.651823 0.752344 0.038021 0.051562
0 0.631510 0.748437 0.021354 0.043750
0 0.619271 0.748438 0.013542 0.037500
0 0.615365 0.746484 0.013021 0.035156
0 0.612240 0.733594 0.015104 0.014063
0 0.601302 0.745313 0.016146 0.039062
0 0.558594 0.733594 0.036979 0.064062
0 0.524479 0.728516 0.015625 0.028906
0 0.534375 0.730469 0.004167 0.012500
3 0.494271 0.734766 0.013542 0.052344
3 0.510938 0.737500 0.018750 0.068750
3 0.583854 0.762109 0.032292 0.119531
3 0.538021 0.732031 0.004167 0.018750
1 0.521615 0.706250 0.001563 0.003125
2 0.681771 0.690234 0.013542 0.032031
2 0.500000 0.710547 0.004167 0.007031