0 0.591667 0.667188 0.138542 0.146875
0 0.511198 0.652344 0.070312 0.092188
0 0.482552 0.642188 0.057813 0.076563
0 0.448437 0.626172 0.037500 0.053906
0 0.426042 0.627734 0.016667 0.042969
0 0.415625 0.624219 0.018750 0.032813
0 0.414844 0.622266 0.021354 0.032031
0 0.402344 0.623047 0.008854 0.027344
0 0.392708 0.615625 0.010417 0.010937
0 0.400260 0.615234 0.004687 0.007031
0 0.376563 0.618359 0.015625 0.016406
0 0.315885 0.616016 0.011979 0.019531
0 0.305208 0.616406 0.019792 0.020313
0 0.219531 0.610156 0.022396 0.012500
2 0.869792 0.498828 0.062500 0.085156
2 0.871615 0.415625 0.067187 0.079687
2 0.468750 0.578906 0.011458 0.017188
2 0.448698 0.582031 0.008854 0.014063
2 0.448437 0.594141 0.008333 0.011719
2 0.381510 0.597266 0.003646 0.005469
2 0.334635 0.589844 0.019271 0.014063
2 0.385156 0.530469 0.016146 0.012500