0 0.612240 0.683984 0.060937 0.066406
0 0.498177 0.669922 0.093229 0.052344
0 0.700260 0.704687 0.124479 0.126562
0 0.831510 0.734766 0.225521 0.200781
0 0.921615 0.759766 0.156771 0.263281
0 0.474740 0.773828 0.244271 0.319531
0 0.574740 0.666797 0.026562 0.024219
4 0.558854 0.658203 0.012500 0.030469
4 0.590885 0.653516 0.006771 0.021094
4 0.729427 0.656250 0.020313 0.035937
4 0.748437 0.642188 0.023958 0.043750
2 0.358073 0.610156 0.014063 0.026562
2 0.653906 0.596094 0.010937 0.034375
2 0.655208 0.626563 0.015625 0.026562