0 0.929688 0.790234 0.140625 0.167969
0 0.975521 0.695703 0.048958 0.042969
0 0.427344 0.803125 0.702604 0.393750
0 0.406771 0.662500 0.023958 0.021875
0 0.305729 0.673438 0.140625 0.060937
0 0.221615 0.676172 0.043229 0.055469
0 0.199479 0.663672 0.033333 0.027344
0 0.164323 0.678516 0.073438 0.061719
0 0.074219 0.704687 0.132812 0.150000
4 0.869271 0.675781 0.009375 0.015625
3 0.160938 0.680078 0.040625 0.094531
3 0.025521 0.651172 0.021875 0.053906
3 0.009635 0.691406 0.019271 0.184375
2 0.836979 0.617578 0.040625 0.058594
2 0.829688 0.559766 0.011458 0.058594
2 0.544792 0.608594 0.025000 0.034375
2 0.253906 0.630469 0.015104 0.023438
2 0.173958 0.618750 0.008333 0.021875