0 0.088281 0.731250 0.176563 0.382812
0 0.075000 0.618750 0.144792 0.084375
0 0.142708 0.604297 0.066667 0.041406
0 0.088281 0.734375 0.176563 0.387500
0 0.222656 0.682031 0.205729 0.196875
0 0.307552 0.638281 0.070312 0.104688
0 0.347656 0.637500 0.051562 0.079687
0 0.374740 0.632422 0.033854 0.063281
0 0.396875 0.626172 0.025000 0.038281
0 0.478646 0.637109 0.144792 0.216406
0 0.637760 0.757812 0.389062 0.384375
0 0.931510 0.726953 0.136979 0.274219
0 0.733073 0.627344 0.050521 0.048438
4 0.577604 0.627344 0.013542 0.045312
3 0.828385 0.737891 0.206771 0.442969
3 0.557812 0.628125 0.009375 0.031250
1 0.494271 0.547656 0.004167 0.015625
1 0.398438 0.571484 0.002083 0.008594
2 0.288021 0.580469 0.009375 0.012500
2 0.964844 0.422656 0.054688 0.070312
2 0.965104 0.492578 0.053125 0.069531
2 0.661198 0.583203 0.042188 0.035156
2 0.625000 0.562109 0.012500 0.016406