0 0.012500 0.731641 0.025000 0.060156
0 0.054948 0.721484 0.074479 0.063281
0 0.115104 0.725781 0.100000 0.068750
0 0.170573 0.726172 0.018229 0.058594
0 0.231771 0.734375 0.136458 0.115625
0 0.249219 0.664844 0.051562 0.048438
0 0.300260 0.716797 0.035937 0.039844
0 0.354167 0.743359 0.111458 0.116406
0 0.402344 0.723828 0.018229 0.046094
0 0.405729 0.711328 0.008333 0.011719
0 0.413021 0.714063 0.010417 0.018750
0 0.438021 0.730078 0.056250 0.067969
0 0.447656 0.710156 0.006771 0.009375
0 0.460156 0.708594 0.003646 0.006250
0 0.465625 0.712109 0.009375 0.010156
0 0.464062 0.716016 0.006250 0.008594
0 0.483073 0.722266 0.032813 0.046094
0 0.500781 0.726172 0.007812 0.033594
0 0.505469 0.725781 0.006771 0.023438
0 0.529167 0.726562 0.016667 0.021875
0 0.015365 0.703516 0.021354 0.007031
4 0.509375 0.720313 0.003125 0.007812
3 0.516406 0.725781 0.007812 0.026562
3 0.614323 0.794922 0.115104 0.357031
3 0.016406 0.700391 0.006771 0.013281
2 0.551042 0.682422 0.004167 0.017969