0 0.018750 0.657813 0.037500 0.084375
0 0.032552 0.648047 0.031771 0.057031
0 0.185156 0.650000 0.011979 0.014063
0 0.193490 0.657422 0.003646 0.014844
0 0.197656 0.655859 0.005729 0.019531
0 0.276302 0.645312 0.107813 0.079687
5 0.098958 0.637109 0.107292 0.139844
3 0.208854 0.660938 0.031250 0.107813
1 0.291146 0.550000 0.012500 0.050000
1 0.168490 0.535156 0.005729 0.021875
1 0.183594 0.537891 0.006771 0.022656
2 0.388021 0.464062 0.051042 0.075000
2 0.411979 0.364062 0.125000 0.237500
2 0.380469 0.623828 0.031771 0.047656
2 0.378125 0.686328 0.032292 0.067969
2 0.640365 0.532422 0.038021 0.055469
2 0.935677 0.668359 0.011979 0.017969
2 0.513802 0.611719 0.006771 0.021875