0 0.954688 0.885547 0.090625 0.228906
0 0.655208 0.786719 0.064583 0.081250
0 0.613542 0.773047 0.020833 0.021094
0 0.596094 0.776563 0.011979 0.015625
0 0.574740 0.773828 0.025521 0.028906
0 0.533854 0.760938 0.064583 0.054688
0 0.500260 0.767578 0.021354 0.028906
0 0.588542 0.849609 0.196875 0.230469
0 0.485938 0.767578 0.020833 0.022656
0 0.465104 0.764844 0.023958 0.026562
0 0.485417 0.755469 0.013542 0.015625
0 0.494531 0.746875 0.008854 0.012500
0 0.491667 0.737500 0.008333 0.010937
0 0.490625 0.730469 0.006250 0.007812
0 0.471354 0.759766 0.013542 0.017969
0 0.408073 0.580078 0.053646 0.016406
0 0.938281 0.616797 0.061979 0.016406
0 0.494531 0.721484 0.005729 0.007031
0 0.549479 0.728516 0.007292 0.007031
0 0.560417 0.729688 0.006250 0.007812
5 0.579687 0.747656 0.020833 0.045312
5 0.507812 0.740625 0.016667 0.023438
1 0.638281 0.731250 0.004687 0.023438
1 0.610677 0.706250 0.003646 0.009375
1 0.597917 0.704688 0.003125 0.007812
2 0.644531 0.741406 0.006771 0.010937
2 0.313021 0.636328 0.015625 0.057031
2 0.451562 0.702344 0.006250 0.025000