0 0.048438 0.805078 0.096875 0.071094
0 0.173177 0.796484 0.030729 0.046094
0 0.199219 0.796484 0.064062 0.049219
0 0.233594 0.780469 0.030729 0.014063
0 0.258854 0.793359 0.037500 0.038281
0 0.283594 0.792188 0.019271 0.029687
0 0.303646 0.791406 0.023958 0.026562
0 0.318750 0.790234 0.011458 0.024219
0 0.336458 0.787891 0.020833 0.021094
0 0.371875 0.786719 0.011458 0.017188
0 0.392187 0.786328 0.008333 0.016406
0 0.401042 0.784766 0.009375 0.013281
0 0.405990 0.780078 0.004687 0.003906
0 0.411198 0.785156 0.013021 0.012500
0 0.420313 0.782813 0.005208 0.010937
0 0.431510 0.784375 0.010937 0.014063
0 0.439063 0.782031 0.002083 0.006250
0 0.442969 0.783203 0.005729 0.008594
0 0.445573 0.782422 0.005729 0.008594
0 0.448958 0.782031 0.003125 0.007812
0 0.462240 0.781641 0.007812 0.016406
0 0.477344 0.779297 0.001563 0.002344
0 0.475260 0.783203 0.003646 0.010156
0 0.473177 0.784375 0.003646 0.012500
0 0.468229 0.784375 0.009375 0.012500
0 0.494792 0.780859 0.002083 0.005469
0 0.492448 0.787891 0.006771 0.019531
0 0.483594 0.788281 0.016146 0.020313
0 0.501042 0.777344 0.009375 0.003125
0 0.497396 0.786719 0.004167 0.015625
0 0.499479 0.787500 0.004167 0.017188
0 0.501823 0.789453 0.005729 0.021094
0 0.507552 0.791016 0.011979 0.025781
0 0.513021 0.794922 0.010417 0.035156
0 0.518490 0.798047 0.016146 0.044531
0 0.543229 0.817578 0.054167 0.088281
0 0.610677 0.830859 0.107813 0.142969
0 0.811198 0.873047 0.377604 0.253906
4 0.240625 0.776562 0.007292 0.020313
4 0.354687 0.785156 0.006250 0.023438
4 0.364844 0.786328 0.004687 0.021094
4 0.423698 0.784766 0.006771 0.021094
4 0.141406 0.780469 0.008854 0.021875
4 0.412500 0.776563 0.002083 0.003125
3 0.059115 0.801563 0.048438 0.104688
3 0.382812 0.791797 0.016667 0.052344
3 0.437240 0.782422 0.003646 0.013281