0 0.971354 0.807813 0.057292 0.175000
0 0.904948 0.742578 0.190104 0.175781
0 0.785937 0.682031 0.082292 0.037500
0 0.743750 0.732031 0.164583 0.156250
0 0.666667 0.707031 0.043750 0.082812
0 0.621354 0.691016 0.011458 0.035156
0 0.611979 0.684375 0.011458 0.025000
0 0.586719 0.701562 0.054688 0.075000
0 0.527604 0.708984 0.067708 0.094531
0 0.445052 0.731250 0.141146 0.148438
0 0.222135 0.807422 0.444271 0.385156
0 0.555729 0.685937 0.014583 0.026562
4 0.634896 0.700391 0.032292 0.141406
4 0.674479 0.657422 0.013542 0.017969
2 0.734635 0.644141 0.008854 0.021094
2 0.702344 0.651563 0.007812 0.007812
2 0.681510 0.654687 0.005729 0.012500
2 0.681771 0.664062 0.004167 0.006250
2 0.674479 0.639844 0.013542 0.015625
2 0.482292 0.656250 0.006250 0.007812