0 0.808333 0.873828 0.383333 0.252344
0 0.609896 0.833203 0.111458 0.142969
0 0.542448 0.819922 0.055729 0.088281
0 0.519792 0.800781 0.016667 0.045312
0 0.512240 0.796875 0.010937 0.034375
0 0.507812 0.792578 0.011458 0.025781
0 0.502083 0.791406 0.008333 0.021875
0 0.499479 0.789844 0.004167 0.017188
0 0.497396 0.789062 0.005208 0.015625
0 0.485937 0.791797 0.012500 0.025781
0 0.492188 0.789453 0.004167 0.017969
0 0.469531 0.787109 0.008854 0.013281
0 0.463021 0.785547 0.007292 0.011719
0 0.456771 0.787891 0.004167 0.016406
0 0.449740 0.788672 0.014063 0.017969
0 0.425260 0.791016 0.024479 0.030469
0 0.407813 0.786719 0.007292 0.012500
0 0.400521 0.787109 0.010417 0.013281
0 0.384115 0.789062 0.010937 0.017188
0 0.335677 0.790234 0.021354 0.021094
0 0.320052 0.790625 0.007812 0.021875
0 0.306771 0.794922 0.033333 0.033594
0 0.283854 0.794531 0.015625 0.029687
0 0.239062 0.800781 0.065625 0.056250
0 0.192448 0.799219 0.051562 0.050000
0 0.172656 0.799219 0.029687 0.045312
0 0.048177 0.807812 0.096354 0.071875
4 0.222656 0.777344 0.007812 0.021875
4 0.271615 0.791797 0.009896 0.046094
3 0.479167 0.792969 0.012500 0.051562
3 0.446615 0.789453 0.007812 0.025781
3 0.370052 0.798828 0.024479 0.082031
3 0.154427 0.802734 0.015104 0.044531
3 0.145573 0.805078 0.016146 0.039844
3 0.135417 0.805469 0.022917 0.040625
3 0.128385 0.807422 0.011979 0.039844
3 0.109896 0.805469 0.036458 0.046875