0 0.580990 0.658594 0.085938 0.101562
0 0.543229 0.635156 0.036458 0.048438
0 0.517708 0.628516 0.015625 0.041406
0 0.459635 0.681250 0.134896 0.170313
0 0.034115 0.619922 0.068229 0.075781
0 0.417708 0.610547 0.006250 0.010156
0 0.435937 0.616797 0.010417 0.014844
0 0.521094 0.618359 0.005729 0.013281
5 0.978125 0.629297 0.043750 0.182031
6 0.494271 0.597266 0.012500 0.005469
4 0.727865 0.652734 0.022396 0.096094
4 0.703646 0.648438 0.013542 0.023438
3 0.758333 0.666406 0.062500 0.162500
3 0.616667 0.635156 0.012500 0.048438
3 0.320573 0.616406 0.020313 0.048438
3 0.376042 0.615234 0.008333 0.030469
3 0.392448 0.614063 0.016146 0.029687
3 0.525781 0.621094 0.006771 0.025000
2 0.785417 0.651563 0.007292 0.034375
2 0.622396 0.598828 0.004167 0.014844
2 0.091146 0.602344 0.045833 0.101562
2 0.670573 0.254297 0.027604 0.033594