0 0.508854 0.687500 0.008333 0.009375
0 0.531250 0.688672 0.008333 0.007031
0 0.543229 0.690234 0.009375 0.010156
0 0.547396 0.696875 0.009375 0.012500
0 0.545833 0.713672 0.014583 0.021094
0 0.533333 0.699609 0.009375 0.014844
0 0.529167 0.699609 0.010417 0.011719
0 0.530729 0.709766 0.012500 0.017969
0 0.523698 0.716797 0.016146 0.022656
0 0.487240 0.682813 0.006771 0.007812
0 0.471094 0.687500 0.007812 0.009375
0 0.456771 0.688672 0.006250 0.010156
0 0.449219 0.689063 0.008854 0.010937
0 0.451823 0.694141 0.009896 0.011719
0 0.448958 0.701563 0.011458 0.014063
0 0.463542 0.707422 0.015625 0.017969
0 0.454687 0.721875 0.021875 0.025000
0 0.428385 0.733594 0.021354 0.032813
0 0.411198 0.738672 0.033854 0.038281
0 0.386198 0.723828 0.017188 0.016406
0 0.387500 0.743750 0.014583 0.046875
0 0.316667 0.795703 0.163542 0.189844
0 0.328125 0.732422 0.066667 0.024219
0 0.095052 0.736719 0.099479 0.037500
0 0.036719 0.896875 0.073438 0.206250
0 0.795052 0.715625 0.025521 0.014063
0 0.849219 0.745703 0.045312 0.039844
0 0.869531 0.756250 0.005729 0.018750
0 0.783854 0.748047 0.088542 0.052344
0 0.737240 0.711328 0.016146 0.013281
0 0.697135 0.716016 0.015104 0.007031
0 0.702083 0.790234 0.128125 0.128906
0 0.641927 0.767187 0.034896 0.071875
0 0.898438 0.853906 0.203125 0.292187
5 0.564323 0.691797 0.021354 0.049219
5 0.752604 0.705859 0.021875 0.024219
5 0.810937 0.703125 0.032292 0.035937
4 0.582552 0.696094 0.002604 0.014063
4 0.660677 0.727734 0.004687 0.007031
3 0.467188 0.697266 0.005208 0.011719
3 0.515625 0.746484 0.035417 0.050781
3 0.601823 0.751563 0.036979 0.060937
1 0.604688 0.606641 0.006250 0.025781
1 0.630469 0.607422 0.005729 0.025781
1 0.234115 0.676172 0.006771 0.017969
1 0.023698 0.641016 0.011979 0.028906
1 0.767448 0.615234 0.016146 0.061719
1 0.670573 0.701172 0.004687 0.014844
2 0.599219 0.702344 0.001563 0.006250
2 0.613021 0.712109 0.002083 0.010156
2 0.515365 0.696094 0.001563 0.006250
2 0.498958 0.709375 0.002083 0.010937
2 0.807552 0.635547 0.028646 0.038281
2 0.652344 0.679688 0.022396 0.025000