0 0.622917 0.692969 0.176042 0.154688
0 0.532813 0.657031 0.057292 0.057813
0 0.507552 0.652734 0.028646 0.046094
0 0.478906 0.651953 0.036979 0.039844
0 0.442448 0.648047 0.024479 0.027344
0 0.427604 0.648438 0.015625 0.026562
0 0.389583 0.647656 0.015625 0.018750
0 0.337500 0.649219 0.018750 0.018750
0 0.273177 0.635938 0.066146 0.026562
0 0.259635 0.648828 0.097396 0.060156
6 0.365104 0.637891 0.032292 0.036719
2 0.416146 0.621094 0.005208 0.006250
2 0.314323 0.628125 0.008854 0.006250
2 0.314062 0.633203 0.008333 0.003906