0 0.692448 0.610547 0.043229 0.022656
0 0.456510 0.617969 0.017188 0.029687
0 0.427865 0.614063 0.015104 0.021875
0 0.386458 0.627344 0.057292 0.068750
0 0.350781 0.608984 0.015104 0.016406
0 0.290885 0.613281 0.035937 0.037500
0 0.336979 0.660938 0.150000 0.162500
0 0.170573 0.592969 0.023438 0.015625
0 0.126562 0.596094 0.041667 0.031250
0 0.073698 0.655859 0.147396 0.197656
0 0.324740 0.400000 0.092188 0.089063
5 0.397396 0.594141 0.014583 0.014844
3 0.557813 0.677344 0.080208 0.248438
3 0.501302 0.629687 0.023438 0.079687
3 0.441667 0.618750 0.015625 0.048438
3 0.413281 0.611719 0.006771 0.021875
2 0.520312 0.416406 0.110417 0.092188
2 0.421875 0.409766 0.089583 0.085156
2 0.397917 0.578516 0.006250 0.014844
2 0.377865 0.577344 0.010937 0.014063
2 0.236979 0.605859 0.007292 0.025781