0 0.144531 0.661719 0.030729 0.026562
0 0.225000 0.680469 0.081250 0.062500
0 0.454687 0.675781 0.059375 0.062500
0 0.485677 0.667578 0.018229 0.024219
0 0.610677 0.733594 0.101562 0.210938
0 0.586198 0.663281 0.027604 0.031250
0 0.614583 0.673047 0.004167 0.010156
0 0.661719 0.673438 0.033854 0.021875
0 0.692187 0.683594 0.047917 0.054688
0 0.801042 0.749609 0.231250 0.216406
0 0.973958 0.690234 0.052083 0.052344
0 0.931510 0.693359 0.072396 0.061719
0 0.414844 0.794141 0.449479 0.411719
6 0.090885 0.642969 0.095312 0.073438
4 0.279687 0.663281 0.012500 0.029687
4 0.938802 0.654688 0.014063 0.021875
3 0.078385 0.678125 0.035937 0.070312
3 0.117708 0.679688 0.042708 0.073438
3 0.109635 0.693750 0.046354 0.087500
3 0.172396 0.738672 0.087500 0.241406
3 0.219531 0.687109 0.044271 0.086719
3 0.238802 0.685938 0.013021 0.076563
3 0.270573 0.675000 0.020313 0.059375
3 0.863802 0.667578 0.023438 0.030469
3 0.895833 0.695703 0.050000 0.097656
1 0.569271 0.570312 0.012500 0.053125
2 0.500521 0.653125 0.003125 0.006250
2 0.563802 0.617578 0.005729 0.021094
2 0.661719 0.524219 0.058854 0.051562
2 0.663281 0.578125 0.058854 0.056250
2 0.640365 0.655859 0.016146 0.024219
2 0.643490 0.680078 0.007812 0.021094