0 0.177865 0.718750 0.101562 0.112500
0 0.271094 0.689844 0.028646 0.064062
0 0.316927 0.672266 0.013021 0.013281
0 0.292708 0.699609 0.053125 0.075781
0 0.468750 0.686328 0.048958 0.053906
0 0.384375 0.742969 0.180208 0.209375
0 0.531510 0.723047 0.129688 0.138281
0 0.698698 0.768750 0.320312 0.262500
0 0.890885 0.824219 0.218229 0.351562
6 0.068229 0.604297 0.136458 0.633594
4 0.221615 0.675781 0.008854 0.025000
3 0.245833 0.697656 0.028125 0.090625
3 0.230990 0.695312 0.014063 0.075000
1 0.288021 0.653906 0.004167 0.012500