0 0.169271 0.750391 0.237500 0.180469
0 0.410156 0.717969 0.035937 0.040625
0 0.461198 0.719531 0.022396 0.028125
0 0.510938 0.724219 0.018750 0.026562
0 0.550521 0.727344 0.020833 0.031250
0 0.537760 0.725000 0.009896 0.018750
0 0.490104 0.717578 0.009375 0.013281
0 0.509896 0.703516 0.004167 0.005469
0 0.497656 0.707031 0.004687 0.004687
0 0.498958 0.703125 0.004167 0.003125
3 0.364583 0.714062 0.016667 0.059375
3 0.732292 0.779297 0.061458 0.158594
3 0.525260 0.723047 0.006771 0.024219
2 0.443750 0.715625 0.009375 0.031250
2 0.484635 0.715234 0.004687 0.016406