0 0.942448 0.758203 0.115104 0.077344
0 0.868490 0.773828 0.121354 0.122656
0 0.757031 0.765625 0.142187 0.151562
0 0.661979 0.747656 0.048958 0.062500
0 0.633854 0.738672 0.021875 0.033594
0 0.612500 0.737891 0.015625 0.024219
0 0.599479 0.736328 0.020833 0.025781
0 0.538542 0.806250 0.157292 0.209375
0 0.552865 0.735547 0.049479 0.033594
0 0.503385 0.733984 0.052604 0.032031
0 0.480729 0.722656 0.015625 0.026562
0 0.452865 0.718750 0.046354 0.035937
0 0.421354 0.744531 0.114583 0.078125
0 0.362760 0.729297 0.007812 0.021094
0 0.245312 0.759375 0.158333 0.150000
0 0.176042 0.712891 0.106250 0.038281
0 0.103125 0.786328 0.206250 0.264844
5 0.695052 0.714844 0.055729 0.079687
5 0.383854 0.430859 0.187500 0.053906
3 0.322135 0.727344 0.014063 0.026562
2 0.982292 0.758594 0.025000 0.046875
2 0.979427 0.717969 0.026562 0.034375
2 0.819531 0.669141 0.017188 0.017969
2 0.621615 0.428906 0.050521 0.035937
2 0.577604 0.694531 0.007292 0.010937
2 0.475260 0.673047 0.045312 0.035156
2 0.190104 0.573828 0.019792 0.030469