0 0.200000 0.757422 0.396875 0.452344
0 0.393750 0.661328 0.159375 0.208594
0 0.450521 0.607031 0.048958 0.081250
0 0.508073 0.610938 0.057813 0.075000
0 0.474740 0.585156 0.033854 0.026562
0 0.489323 0.570312 0.033854 0.009375
0 0.529427 0.585156 0.011979 0.017188
0 0.536979 0.586719 0.010417 0.015625
0 0.540625 0.584766 0.007292 0.016406
0 0.553906 0.585156 0.022396 0.018750
0 0.588802 0.632031 0.111979 0.142187
0 0.800521 0.644922 0.180208 0.175781
0 0.582812 0.585938 0.044792 0.018750
0 0.685677 0.614844 0.081771 0.092188
0 0.655208 0.602734 0.044792 0.058594
0 0.633333 0.583203 0.021875 0.021094
2 0.202344 0.369922 0.083854 0.055469