0 0.834896 0.773047 0.329167 0.450781
0 0.941146 0.608984 0.117708 0.041406
0 0.711458 0.639453 0.072917 0.067969
0 0.645833 0.673047 0.113542 0.135156
0 0.646094 0.623828 0.017188 0.007031
0 0.598177 0.628906 0.048438 0.029687
0 0.496875 0.755859 0.241667 0.346094
0 0.504427 0.632031 0.069271 0.037500
0 0.306510 0.714453 0.114062 0.127344
0 0.254427 0.671875 0.016146 0.035937
0 0.190365 0.691016 0.028646 0.049219
0 0.105729 0.675391 0.043750 0.010156
0 0.075000 0.747266 0.122917 0.153906
0 0.345833 0.655859 0.005208 0.019531
2 0.229688 0.541016 0.012500 0.063281
2 0.354167 0.585547 0.008333 0.035156
2 0.411198 0.600000 0.005729 0.023438