0 0.454948 0.686328 0.056771 0.064844
0 0.485677 0.671875 0.011979 0.029687
0 0.501042 0.687500 0.033333 0.084375
0 0.555469 0.659375 0.019271 0.015625
0 0.552344 0.704297 0.098437 0.132031
0 0.593750 0.660156 0.022917 0.021875
0 0.637760 0.700000 0.093229 0.103125
0 0.680469 0.675391 0.038021 0.041406
0 0.716146 0.698438 0.069792 0.084375
0 0.780729 0.700391 0.113542 0.105469
0 0.569271 0.661328 0.005208 0.003906
0 0.571875 0.662891 0.006250 0.005469
0 0.878385 0.800781 0.243229 0.398438
0 0.902083 0.676172 0.151042 0.057031
4 0.426302 0.654687 0.004687 0.012500
4 0.437240 0.651562 0.002604 0.012500
3 0.415885 0.688281 0.029687 0.112500
1 0.514583 0.613281 0.002083 0.009375
2 0.586458 0.635156 0.005208 0.014063
2 0.658333 0.640625 0.007292 0.012500
2 0.656250 0.605859 0.011458 0.028906
2 0.691146 0.640625 0.007292 0.007812