0 0.953125 0.968359 0.093750 0.063281
0 0.852604 0.856250 0.294792 0.287500
0 0.704948 0.818750 0.144271 0.190625
0 0.625521 0.787891 0.094792 0.128906
0 0.581771 0.773828 0.044792 0.092969
0 0.561979 0.764453 0.039583 0.075781
0 0.542448 0.756641 0.036979 0.061719
0 0.532552 0.749219 0.043229 0.059375
0 0.486719 0.735547 0.029687 0.033594
0 0.463542 0.745703 0.041667 0.055469
0 0.427344 0.726172 0.041146 0.014844
0 0.407813 0.740234 0.078125 0.047656
0 0.355469 0.730469 0.059896 0.029687
0 0.314323 0.726562 0.015104 0.029687
0 0.286198 0.736719 0.054688 0.057813
0 0.235938 0.733594 0.071875 0.082812
0 0.178125 0.745313 0.068750 0.081250
0 0.057292 0.750391 0.104167 0.110156
0 0.017969 0.755078 0.035937 0.124219
4 0.388021 0.733984 0.013542 0.060156
4 0.186979 0.701562 0.005208 0.004687
4 0.184115 0.701172 0.003646 0.005469
4 0.167448 0.699219 0.005729 0.009375
3 0.505990 0.739844 0.023438 0.050000
3 0.500781 0.738672 0.009896 0.046094
2 0.392708 0.731250 0.007292 0.029687
2 0.121875 0.773438 0.063542 0.179688
2 0.605208 0.718359 0.010417 0.016406
2 0.594531 0.690234 0.010937 0.024219
2 0.350260 0.701172 0.006771 0.014844
2 0.207031 0.701562 0.002604 0.007812