0 0.484635 0.749609 0.085938 0.111719
0 0.534115 0.723438 0.024479 0.029687
0 0.606771 0.716406 0.018750 0.021875
0 0.575781 0.697656 0.011979 0.014063
0 0.512240 0.675391 0.007812 0.010156
0 0.502865 0.673047 0.006771 0.010156
0 0.527083 0.672266 0.007292 0.008594
0 0.553906 0.675000 0.006771 0.009375
0 0.548958 0.670703 0.006250 0.008594
0 0.524479 0.669922 0.006250 0.008594
0 0.514323 0.672266 0.007812 0.010156
0 0.515104 0.665625 0.007292 0.006250
0 0.504167 0.668359 0.006250 0.008594
0 0.513802 0.659766 0.006771 0.007031
0 0.519010 0.658984 0.004687 0.005469
0 0.532552 0.663281 0.005729 0.007812
0 0.522917 0.659766 0.005208 0.007031
0 0.529427 0.660547 0.004687 0.007031
0 0.527604 0.659375 0.003125 0.006250
0 0.503385 0.661328 0.005729 0.008594
0 0.507812 0.656250 0.003125 0.006250
4 0.699740 0.719922 0.006771 0.028906
3 0.541146 0.690625 0.004167 0.014063
3 0.541146 0.671484 0.002083 0.008594
1 0.537240 0.637891 0.001563 0.005469
1 0.530990 0.638672 0.001563 0.005469
2 0.363542 0.687500 0.006250 0.020313