0 0.972135 0.803906 0.055729 0.126562
0 0.762760 0.746484 0.250521 0.219531
0 0.598437 0.697656 0.027083 0.054688
0 0.560417 0.698828 0.057292 0.103906
0 0.494271 0.693359 0.037500 0.039844
0 0.475521 0.684766 0.018750 0.027344
0 0.468750 0.675391 0.009375 0.014844
0 0.441667 0.691406 0.067708 0.051562
0 0.458073 0.807813 0.267188 0.345313
0 0.247135 0.683203 0.030729 0.028906
0 0.230469 0.677344 0.016146 0.014063
0 0.201302 0.699609 0.071354 0.057031
0 0.166927 0.687109 0.040104 0.035156
0 0.105469 0.718750 0.120313 0.084375
0 0.060937 0.699609 0.071875 0.053906
0 0.017969 0.730859 0.035937 0.102344
2 0.383594 0.589453 0.004687 0.007031
2 0.321354 0.454297 0.011458 0.017969