0 0.635938 0.802344 0.021875 0.031250
0 0.644792 0.785547 0.015625 0.013281
0 0.622396 0.766406 0.010417 0.014063
0 0.615104 0.760547 0.010417 0.013281
0 0.592969 0.756641 0.009896 0.013281
0 0.582812 0.774609 0.013542 0.017969
0 0.595313 0.780469 0.017708 0.021875
0 0.569792 0.779687 0.015625 0.018750
0 0.567708 0.788672 0.012500 0.021094
0 0.548958 0.796094 0.020833 0.017188
0 0.561979 0.806641 0.023958 0.025781
0 0.589583 0.817578 0.047917 0.044531
0 0.540885 0.814844 0.017188 0.025000
0 0.560417 0.844922 0.036458 0.044531
0 0.554167 0.860156 0.044792 0.060937
4 0.831250 0.733203 0.261458 0.533594
4 0.647396 0.847656 0.015625 0.059375
4 0.516667 0.855469 0.033333 0.109375
3 0.605469 0.801562 0.011979 0.031250
2 0.449740 0.746875 0.019271 0.050000
2 0.457552 0.780859 0.014063 0.057031
2 0.499219 0.807813 0.008854 0.042188
2 0.110417 0.404688 0.113542 0.150000
2 0.080729 0.764844 0.060417 0.178125
2 0.377604 0.743359 0.020833 0.085156