0 0.363281 0.866797 0.619271 0.266406
0 0.636458 0.837109 0.103125 0.153906
0 0.684115 0.816797 0.063021 0.105469
0 0.751042 0.810547 0.069792 0.085156
0 0.811719 0.819531 0.088021 0.112500
0 0.867188 0.863672 0.147917 0.177344
0 0.909635 0.795313 0.007812 0.014063
0 0.915625 0.795703 0.012500 0.016406
0 0.920573 0.795313 0.006771 0.014063
0 0.924219 0.791016 0.003646 0.005469
0 0.927344 0.800391 0.009896 0.027344
0 0.945052 0.804688 0.032813 0.046875
0 0.960156 0.878125 0.079687 0.243750
1 0.169271 0.157422 0.045833 0.128906
1 0.279427 0.248828 0.035937 0.110156
1 0.372135 0.637109 0.017188 0.046094
1 0.401042 0.637891 0.016667 0.044531
2 0.212760 0.297656 0.090104 0.128125
2 0.360937 0.499609 0.055208 0.082031