0 0.207292 0.671875 0.042708 0.025000
0 0.243750 0.670312 0.021875 0.015625
0 0.378385 0.660547 0.023438 0.022656
0 0.400781 0.660156 0.032813 0.020313
0 0.425781 0.658594 0.016146 0.017188
0 0.382031 0.735156 0.198437 0.226562
0 0.475781 0.680469 0.047396 0.076563
0 0.494531 0.666406 0.014063 0.037500
0 0.498958 0.663281 0.011458 0.028125
0 0.503646 0.661719 0.005208 0.017188
0 0.517188 0.664453 0.026042 0.032031
0 0.578646 0.689844 0.089583 0.106250
5 0.530469 0.652344 0.029687 0.051562
3 0.955469 0.742578 0.089063 0.514844
2 0.461719 0.567187 0.034896 0.035937
2 0.510938 0.564062 0.041667 0.040625
2 0.553646 0.563281 0.040625 0.037500