0 0.694792 0.809375 0.023958 0.023438
0 0.689323 0.800781 0.010937 0.006250
0 0.672396 0.808984 0.007292 0.019531
0 0.612240 0.803125 0.028646 0.017188
0 0.581250 0.808203 0.032292 0.039844
0 0.564844 0.806250 0.014063 0.034375
0 0.517969 0.794531 0.008854 0.014063
0 0.498438 0.803125 0.032292 0.048438
0 0.453125 0.796484 0.021875 0.028906
0 0.292448 0.792578 0.009896 0.008594
0 0.195573 0.785937 0.030729 0.025000
4 0.855990 0.828906 0.024479 0.070312
1 0.501823 0.762891 0.001563 0.007031
1 0.493750 0.760937 0.001042 0.004687
1 0.538802 0.783594 0.001563 0.004687
2 0.704167 0.739063 0.017708 0.042188
2 0.613802 0.756250 0.006771 0.020313
2 0.567708 0.776172 0.005208 0.011719
2 0.542969 0.782031 0.002604 0.006250