0 0.215104 0.655469 0.153125 0.095312
0 0.283333 0.639844 0.016667 0.020313
0 0.398698 0.646484 0.016146 0.017969
0 0.370573 0.658594 0.048438 0.060937
0 0.337760 0.664453 0.078646 0.078906
0 0.520573 0.649219 0.014063 0.028125
0 0.486979 0.648438 0.012500 0.015625
0 0.513021 0.655078 0.020833 0.027344
0 0.501563 0.656641 0.029167 0.041406
0 0.533594 0.658203 0.014063 0.036719
0 0.604687 0.662891 0.036458 0.025781
0 0.637760 0.653906 0.039062 0.035937
0 0.456510 0.668750 0.069271 0.075000
0 0.559635 0.684375 0.069271 0.092188
0 0.153125 0.772656 0.306250 0.454688
0 0.708073 0.760547 0.224479 0.277344
3 0.529687 0.648438 0.005208 0.012500
1 0.402865 0.618359 0.004687 0.010156
1 0.599219 0.621875 0.005729 0.021875
1 0.535677 0.572266 0.004687 0.017969
2 0.656250 0.617969 0.008333 0.012500
2 0.596094 0.652344 0.005729 0.007812
2 0.595833 0.661328 0.005208 0.011719
2 0.610677 0.619922 0.021354 0.032031
2 0.545312 0.586328 0.015625 0.007031
2 0.410156 0.634766 0.011979 0.017969
2 0.409375 0.654687 0.011458 0.023438
2 0.545833 0.581250 0.015625 0.004687