0 0.413802 0.792578 0.394271 0.414844
0 0.484635 0.655469 0.104688 0.062500
0 0.401562 0.649609 0.021875 0.014844
0 0.131250 0.740625 0.262500 0.278125
4 0.824740 0.664062 0.042188 0.145313
4 0.580729 0.650391 0.014583 0.042969
4 0.559375 0.645703 0.010417 0.035156
4 0.553646 0.639453 0.003125 0.011719
2 0.633594 0.512891 0.057813 0.092969
2 0.594010 0.537109 0.021354 0.039844
2 0.595052 0.570312 0.019271 0.023438
2 0.565104 0.605859 0.011458 0.017969
2 0.429427 0.632422 0.008854 0.007031
2 0.250260 0.612109 0.020313 0.049219