0 0.815104 0.729297 0.369792 0.272656
0 0.777344 0.637500 0.065104 0.032813
0 0.763542 0.601172 0.076042 0.036719
0 0.655208 0.666406 0.108333 0.104688
0 0.653906 0.601562 0.076563 0.032813
0 0.371354 0.635547 0.153125 0.067969
0 0.310677 0.589844 0.073438 0.029687
0 0.217448 0.590625 0.079687 0.045312
0 0.194792 0.630469 0.165625 0.071875
0 0.127344 0.585938 0.053646 0.023438
0 0.058333 0.624609 0.116667 0.074219
0 0.029427 0.587109 0.058854 0.028906
4 0.582813 0.676562 0.037500 0.145313
2 0.685417 0.573438 0.035417 0.050000
2 0.135937 0.632812 0.035417 0.053125