0 0.187500 0.614062 0.077083 0.046875
0 0.300000 0.606250 0.031250 0.025000
0 0.377604 0.615234 0.072917 0.071094
0 0.540104 0.621875 0.067708 0.090625
0 0.571094 0.598437 0.008854 0.015625
0 0.583854 0.606250 0.026042 0.032813
0 0.641406 0.619922 0.075521 0.077344
0 0.741146 0.605078 0.062500 0.066406
0 0.905469 0.722266 0.189062 0.442969
0 0.610677 0.599609 0.003646 0.008594
6 0.153125 0.594141 0.038542 0.069531
3 0.598177 0.601562 0.006771 0.023438
3 0.699479 0.610156 0.027083 0.070312
3 0.780990 0.618750 0.039062 0.107813
2 0.253906 0.483984 0.011979 0.069531
2 0.417448 0.526172 0.020313 0.044531
2 0.446615 0.554297 0.003646 0.021094
2 0.463802 0.562500 0.002604 0.015625
2 0.475000 0.566797 0.002083 0.013281
2 0.488021 0.566797 0.007292 0.016406
2 0.505729 0.576953 0.004167 0.010156
2 0.494271 0.576953 0.002083 0.008594
2 0.497656 0.578516 0.001563 0.008594
2 0.501563 0.580859 0.001042 0.005469
2 0.483594 0.571484 0.001563 0.011719
2 0.626302 0.520703 0.023438 0.035156
2 0.349740 0.496875 0.025521 0.018750