0 0.964583 0.876172 0.070833 0.247656
0 0.942448 0.737500 0.115104 0.137500
0 0.853125 0.692188 0.035417 0.026562
0 0.841667 0.754687 0.170833 0.179688
0 0.787760 0.721484 0.083854 0.108594
0 0.837240 0.685937 0.004687 0.010937
0 0.757292 0.689844 0.008333 0.015625
0 0.727604 0.703516 0.036458 0.047656
0 0.697396 0.691016 0.011458 0.019531
0 0.689844 0.693750 0.015104 0.023438
0 0.678125 0.701953 0.030208 0.047656
0 0.652344 0.705469 0.040104 0.056250
0 0.619271 0.714062 0.048958 0.079687
0 0.543229 0.737109 0.156250 0.158594
0 0.240365 0.803125 0.480729 0.393750
0 0.750521 0.692188 0.010417 0.018750
4 0.811198 0.653125 0.019271 0.023438
4 0.707031 0.705469 0.007812 0.040625
2 0.893229 0.641406 0.016667 0.040625
2 0.894010 0.667969 0.014063 0.010937
2 0.823438 0.655469 0.010417 0.017188
2 0.790365 0.657031 0.007812 0.015625
2 0.790885 0.666406 0.005729 0.003125
2 0.780208 0.639844 0.017708 0.018750
2 0.535677 0.655469 0.007812 0.006250
2 0.753125 0.670312 0.004167 0.012500