0 0.654427 0.705469 0.033854 0.042188
0 0.693490 0.714844 0.041146 0.056250
0 0.752865 0.675391 0.106771 0.174219
0 0.813281 0.721094 0.129688 0.135937
0 0.896875 0.768750 0.206250 0.178125
0 0.563542 0.742578 0.172917 0.238281
0 0.274740 0.686328 0.047396 0.046094
0 0.056510 0.678516 0.113021 0.086719
0 0.185938 0.648438 0.026042 0.023438
0 0.178906 0.682813 0.026562 0.046875
5 0.090625 0.612500 0.181250 0.160938
2 0.535937 0.597266 0.019792 0.032031
2 0.579167 0.599219 0.041667 0.032813
2 0.460938 0.685938 0.008333 0.029687