0 0.786979 0.613672 0.017708 0.014844
0 0.763281 0.620312 0.045312 0.040625
0 0.577083 0.606641 0.019792 0.008594
0 0.555469 0.609766 0.025521 0.013281
0 0.511458 0.600000 0.007292 0.009375
0 0.488281 0.602734 0.010937 0.011719
0 0.433854 0.608203 0.022917 0.016406
0 0.399479 0.608203 0.032292 0.016406
0 0.382292 0.606250 0.018750 0.015625
0 0.353125 0.617578 0.032292 0.022656
0 0.287240 0.484766 0.025521 0.019531
0 0.956510 0.610547 0.022396 0.016406
0 0.238281 0.598828 0.019271 0.013281
0 0.518750 0.596094 0.005208 0.009375
5 0.981510 0.617188 0.036979 0.079687
5 0.898698 0.604688 0.099479 0.060937
4 0.946354 0.641016 0.018750 0.025781
4 0.936458 0.641016 0.011458 0.022656
4 0.536458 0.609766 0.005208 0.024219
4 0.541667 0.610547 0.005208 0.024219
3 0.484896 0.610547 0.007292 0.021094
1 0.522656 0.551562 0.002604 0.012500
1 0.509896 0.552344 0.003125 0.012500
1 0.537500 0.589844 0.002083 0.009375
1 0.371875 0.582813 0.006250 0.010937
1 0.417708 0.578516 0.022917 0.011719
2 0.737760 0.561719 0.015104 0.018750
2 0.744271 0.632031 0.006250 0.020313
2 0.705469 0.618750 0.002604 0.012500
2 0.693490 0.576172 0.006771 0.010156
2 0.602083 0.608984 0.006250 0.008594
2 0.593750 0.575781 0.009375 0.010937
2 0.597656 0.542578 0.026562 0.022656
2 0.594010 0.566797 0.040104 0.024219
2 0.548177 0.586328 0.005729 0.007031
2 0.474479 0.610156 0.004167 0.017188
2 0.460156 0.623438 0.003646 0.006250
2 0.440625 0.628125 0.004167 0.018750
2 0.431250 0.584766 0.014583 0.022656
2 0.431510 0.561328 0.015104 0.021094
2 0.397135 0.637500 0.013021 0.056250
2 0.323438 0.623047 0.005208 0.017969
2 0.310156 0.636719 0.015104 0.056250