0 0.467708 0.713281 0.008333 0.021875
0 0.481510 0.714453 0.024479 0.033594
0 0.496875 0.716016 0.010417 0.024219
0 0.508333 0.714063 0.015625 0.031250
0 0.574479 0.736328 0.128125 0.163281
0 0.648958 0.712500 0.042708 0.056250
0 0.709375 0.727734 0.103125 0.103906
0 0.422396 0.730469 0.039583 0.093750
0 0.347917 0.740234 0.129167 0.155469
0 0.141406 0.812109 0.282813 0.375781
0 0.146094 0.724219 0.060937 0.064062
0 0.841667 0.806641 0.316667 0.386719
4 0.459375 0.723047 0.011458 0.019531
4 0.259115 0.718359 0.021354 0.060156
1 0.518229 0.559375 0.007292 0.031250
1 0.563542 0.559766 0.007292 0.030469
1 0.120312 0.517969 0.019792 0.078125
2 0.392448 0.595703 0.027604 0.017969
2 0.389063 0.620312 0.032292 0.032813
2 0.390885 0.653906 0.046354 0.034375
2 0.445312 0.660547 0.013542 0.021094
2 0.727604 0.673047 0.005208 0.007031
2 0.670833 0.682812 0.005208 0.009375