0 0.374479 0.587500 0.043750 0.010937
0 0.447135 0.591406 0.022396 0.004687
0 0.537500 0.598047 0.005208 0.019531
0 0.548177 0.657031 0.142187 0.190625
0 0.728385 0.642578 0.138021 0.136719
0 0.614844 0.610156 0.035937 0.054688
0 0.993490 0.712500 0.013021 0.107813
3 0.646354 0.605078 0.017708 0.047656
3 0.669792 0.595312 0.023958 0.040625
3 0.920833 0.632031 0.075000 0.146875
2 0.282813 0.638672 0.020833 0.072656
2 0.400260 0.617578 0.009896 0.041406
2 0.446354 0.609375 0.007292 0.029687
2 0.469010 0.608984 0.004687 0.022656
2 0.479427 0.604688 0.003646 0.014063
2 0.486979 0.600781 0.003125 0.010937
2 0.490885 0.601953 0.002604 0.008594
2 0.681510 0.550000 0.007812 0.015625