0 0.241406 0.628125 0.085938 0.050000
0 0.337760 0.617969 0.073438 0.043750
0 0.418229 0.613281 0.035417 0.026562
0 0.447656 0.612500 0.026562 0.018750
0 0.456771 0.608594 0.018750 0.017188
0 0.475000 0.608203 0.009375 0.013281
0 0.469271 0.608203 0.003125 0.010156
0 0.518750 0.660156 0.117708 0.145313
0 0.501823 0.610937 0.048438 0.025000
0 0.570312 0.610156 0.012500 0.017188
0 0.772135 0.637500 0.088021 0.060937
0 0.645052 0.610547 0.040104 0.016406
0 0.947135 0.669141 0.104688 0.113281
0 0.723177 0.612109 0.039062 0.014844
0 0.677865 0.610156 0.018229 0.012500
0 0.668490 0.617969 0.017188 0.023438
0 0.566667 0.603125 0.011458 0.007812
3 0.313021 0.604688 0.017708 0.023438
3 0.614583 0.624609 0.025000 0.072656
2 0.465625 0.604687 0.005208 0.017188
2 0.394271 0.601562 0.010417 0.039062
2 0.665885 0.628906 0.006771 0.023438
2 0.593229 0.618359 0.003125 0.013281
2 0.586979 0.614062 0.003125 0.012500
2 0.583333 0.610938 0.003125 0.012500
2 0.583073 0.600391 0.002604 0.008594
2 0.749219 0.574219 0.009896 0.029687