0 0.967187 0.740234 0.065625 0.113281
0 0.922917 0.746875 0.030208 0.039062
0 0.902083 0.744922 0.070833 0.044531
0 0.767448 0.789453 0.160938 0.172656
0 0.463542 0.766016 0.081250 0.103906
0 0.403125 0.748828 0.026042 0.027344
0 0.329427 0.796875 0.201563 0.175000
0 0.154948 0.785156 0.091146 0.143750
5 0.075781 0.500000 0.151562 1.000000
1 0.472135 0.633203 0.005729 0.027344
1 0.729167 0.694531 0.004167 0.017188
2 0.153125 0.698437 0.021875 0.028125
2 0.260156 0.661719 0.029687 0.028125
2 0.266146 0.689844 0.030208 0.028125
2 0.541927 0.708594 0.009896 0.014063