0 0.847396 0.786328 0.305208 0.427344
0 0.542969 0.686328 0.074479 0.080469
0 0.507292 0.669531 0.023958 0.031250
0 0.471875 0.664062 0.019792 0.021875
0 0.454948 0.660156 0.010937 0.014063
0 0.432292 0.676172 0.039583 0.052344
0 0.319010 0.665625 0.020313 0.015625
0 0.272917 0.670703 0.025000 0.017969
0 0.235156 0.671484 0.050521 0.033594
0 0.285677 0.669531 0.011979 0.015625
0 0.108854 0.679688 0.005208 0.025000
0 0.108594 0.692578 0.004687 0.017969
0 0.147396 0.678125 0.022917 0.025000
0 0.175781 0.675000 0.002604 0.020313
0 0.195833 0.674609 0.005208 0.014844
0 0.213542 0.676953 0.012500 0.021094
0 0.314583 0.665625 0.016667 0.015625
5 0.581250 0.639844 0.061458 0.098437
1 0.811979 0.461719 0.014583 0.051562
2 0.504427 0.627344 0.016146 0.028125
2 0.823177 0.634375 0.013021 0.020313
2 0.721094 0.601953 0.020313 0.028906
2 0.364844 0.460156 0.006771 0.010937
2 0.684635 0.343750 0.164062 0.157812
2 0.921354 0.337109 0.157292 0.153906
2 0.817969 0.572266 0.015104 0.055469