0 0.655729 0.738281 0.010417 0.006250
0 0.555729 0.718359 0.006250 0.002344
0 0.547135 0.719141 0.005729 0.002344
0 0.538281 0.719531 0.004687 0.003125
0 0.479687 0.723828 0.010417 0.007031
0 0.534375 0.720313 0.006250 0.003125
0 0.509115 0.722656 0.007812 0.006250
0 0.517708 0.720703 0.005208 0.003906
0 0.253906 0.728516 0.032813 0.019531
0 0.277604 0.730469 0.031250 0.014063
0 0.386979 0.726172 0.013542 0.005469
0 0.430729 0.724609 0.009375 0.003906
0 0.442448 0.725391 0.004687 0.002344
0 0.558854 0.727734 0.009375 0.010156
0 0.554427 0.726172 0.005729 0.008594
0 0.546094 0.732422 0.010937 0.013281
0 0.531510 0.727344 0.009896 0.010937
0 0.514323 0.729297 0.004687 0.011719
0 0.521094 0.730078 0.011979 0.014844
0 0.501823 0.733594 0.010937 0.015625
0 0.495052 0.738281 0.016146 0.020313
0 0.470313 0.743359 0.025000 0.028906
0 0.424479 0.751563 0.036458 0.045312
0 0.367448 0.741797 0.035937 0.033594
0 0.335156 0.725781 0.014063 0.009375
0 0.361979 0.725391 0.013542 0.003906
0 0.441146 0.733203 0.006250 0.013281
0 0.464844 0.728125 0.015104 0.015625
5 0.539323 0.716406 0.007812 0.007812
5 0.511458 0.664062 0.008333 0.003125
5 0.451562 0.658984 0.010417 0.003906
3 0.450521 0.754297 0.022917 0.078906
2 0.528125 0.683203 0.021875 0.016406
2 0.154688 0.721094 0.008333 0.025000
2 0.556771 0.742188 0.003125 0.015625
2 0.594531 0.748047 0.007812 0.035156