0 0.803646 0.827344 0.392708 0.345313
0 0.728125 0.733984 0.015625 0.022656
0 0.682292 0.753125 0.110417 0.070312
0 0.591146 0.733203 0.056250 0.058594
0 0.440365 0.828125 0.271354 0.343750
0 0.460677 0.713281 0.028646 0.029687
0 0.440885 0.712891 0.044271 0.032031
0 0.380208 0.707031 0.015625 0.023438
0 0.356250 0.704297 0.017708 0.021094
0 0.325000 0.707031 0.039583 0.029687
0 0.304427 0.701953 0.008854 0.024219
0 0.230990 0.700391 0.022396 0.028906
0 0.196094 0.795312 0.306771 0.292187
0 0.065625 0.693359 0.011458 0.025781
0 0.067187 0.863281 0.134375 0.273438
5 0.525260 0.682812 0.092188 0.067187
4 0.667708 0.723047 0.011458 0.022656
3 0.846615 0.748828 0.083854 0.074219
3 0.578646 0.732031 0.047917 0.084375
3 0.556510 0.713281 0.009896 0.032813
3 0.496875 0.710938 0.048958 0.037500
3 0.447396 0.710156 0.012500 0.035937
1 0.701042 0.676172 0.007292 0.010156
1 0.715625 0.550781 0.016667 0.043750
1 0.537500 0.644922 0.004167 0.011719
1 0.514323 0.644922 0.003646 0.010156
1 0.491667 0.644141 0.003125 0.010156
1 0.467708 0.647266 0.004167 0.017969
2 0.635417 0.691016 0.007292 0.014844