0 0.519010 0.747656 0.073438 0.100000
0 0.578125 0.738672 0.044792 0.063281
0 0.550260 0.716797 0.004687 0.010156
0 0.600260 0.730859 0.010937 0.028906
0 0.616406 0.727344 0.017188 0.018750
0 0.628385 0.737109 0.022396 0.039844
0 0.637500 0.741016 0.029167 0.044531
0 0.665365 0.745703 0.046354 0.049219
0 0.725521 0.737891 0.073958 0.108594
0 0.756771 0.768750 0.082292 0.085938
0 0.829948 0.773047 0.118229 0.100781
0 0.926302 0.765625 0.147396 0.078125
0 0.890365 0.860938 0.219271 0.278125
6 0.473958 0.689063 0.034375 0.028125
6 0.494271 0.695312 0.006250 0.017188
6 0.498177 0.694531 0.004687 0.010937
3 0.317708 0.725391 0.030208 0.128906
2 0.707552 0.679297 0.006771 0.016406