0 0.057292 0.719922 0.114583 0.174219
0 0.155990 0.683203 0.017188 0.003906
0 0.406510 0.682812 0.015104 0.017188
0 0.430208 0.682031 0.009375 0.010937
0 0.445052 0.682813 0.011979 0.014063
0 0.451042 0.682422 0.004167 0.011719
0 0.467448 0.682031 0.006771 0.009375
0 0.562500 0.689453 0.005208 0.007031
0 0.570052 0.691016 0.014063 0.010156
0 0.614844 0.694141 0.021354 0.013281
5 0.441146 0.676172 0.011458 0.008594
3 0.529948 0.687109 0.002604 0.010156
2 0.144531 0.682813 0.004687 0.021875
2 0.297917 0.681250 0.002083 0.010937
2 0.355729 0.680469 0.002083 0.007812
2 0.480469 0.621094 0.020313 0.029687
2 0.481510 0.652344 0.024479 0.018750
2 0.449219 0.565625 0.042188 0.056250
2 0.504167 0.566406 0.025000 0.056250
2 0.591146 0.689063 0.003125 0.012500