0 0.043750 0.666797 0.034375 0.027344
0 0.074740 0.662891 0.074479 0.028906
0 0.121354 0.662109 0.022917 0.024219
0 0.175260 0.660156 0.057813 0.021875
0 0.205208 0.657422 0.025000 0.017969
0 0.237760 0.662500 0.039062 0.025000
0 0.270573 0.658203 0.029687 0.013281
0 0.347396 0.656641 0.014583 0.008594
0 0.363021 0.656250 0.005208 0.007812
0 0.356250 0.655469 0.010417 0.007812
0 0.332552 0.658984 0.004687 0.014844
0 0.500260 0.651953 0.005729 0.010156
0 0.535938 0.679688 0.065625 0.089063
0 0.567188 0.655078 0.006250 0.008594
0 0.572656 0.665234 0.014063 0.027344
0 0.582813 0.665625 0.022917 0.029687
0 0.597396 0.666797 0.018750 0.033594
0 0.610677 0.668750 0.025521 0.039062
0 0.637240 0.673437 0.046354 0.048438
4 0.504427 0.654297 0.003646 0.013281
4 0.706250 0.653516 0.012500 0.025781
2 0.617448 0.636719 0.006771 0.015625
2 0.660938 0.634375 0.007292 0.015625
2 0.758854 0.592187 0.016667 0.023438
2 0.692708 0.617969 0.011458 0.025000