0 0.355208 0.711328 0.006250 0.019531
0 0.312760 0.730469 0.084896 0.103125
0 0.093229 0.765234 0.186458 0.202344
0 0.443490 0.694141 0.074479 0.033594
0 0.481510 0.696875 0.020313 0.026562
0 0.554948 0.805469 0.499479 0.389062
1 0.318229 0.482812 0.013542 0.051562
1 0.373698 0.672656 0.003646 0.015625
2 0.526823 0.563281 0.017188 0.067187
2 0.213542 0.687500 0.012500 0.017188
2 0.240625 0.698047 0.004167 0.011719
2 0.359896 0.669141 0.012500 0.011719
2 0.361198 0.680859 0.015104 0.010156
2 0.353385 0.699219 0.003646 0.004687