0 0.077083 0.696484 0.154167 0.136719
0 0.384635 0.678125 0.088021 0.095312
0 0.443490 0.657422 0.025521 0.030469
0 0.457552 0.656250 0.009896 0.026562
0 0.470313 0.655469 0.016667 0.020313
0 0.480990 0.653125 0.009896 0.015625
0 0.482292 0.645703 0.010417 0.005469
0 0.493229 0.657422 0.020833 0.027344
0 0.535156 0.685547 0.080729 0.103906
0 0.569010 0.655078 0.007812 0.022656
0 0.610417 0.664844 0.016667 0.029687
0 0.702344 0.686328 0.070312 0.066406
0 0.792188 0.712891 0.125000 0.113281
0 0.997135 0.678906 0.005729 0.018750
0 0.998177 0.697656 0.003646 0.040625
5 0.582812 0.654687 0.016667 0.026562
3 0.597917 0.666797 0.013542 0.049219
2 0.168750 0.653906 0.011458 0.021875
2 0.623698 0.638672 0.004687 0.011719
2 0.676823 0.628906 0.008854 0.020313