0 0.147135 0.696875 0.039062 0.014063
0 0.531510 0.695312 0.007812 0.006250
0 0.504948 0.694922 0.004687 0.005469
0 0.510938 0.694531 0.004167 0.004687
0 0.515365 0.694922 0.004687 0.003906
0 0.521094 0.696094 0.011979 0.006250
0 0.510937 0.702344 0.013542 0.012500
0 0.539844 0.695703 0.002604 0.005469
0 0.504687 0.710156 0.018750 0.026562
0 0.484375 0.719531 0.039583 0.046875
0 0.581771 0.714453 0.020833 0.030469
0 0.536198 0.731641 0.054688 0.067969
0 0.396875 0.738281 0.090625 0.096875
0 0.080469 0.829297 0.160938 0.341406
0 0.897396 0.820703 0.205208 0.358594
5 0.547917 0.698438 0.014583 0.021875
6 0.274219 0.681641 0.026562 0.016406
3 0.562240 0.702344 0.004687 0.017188
3 0.572656 0.705469 0.006771 0.018750
3 0.596875 0.722656 0.016667 0.062500