0 0.075781 0.760547 0.150521 0.347656
0 0.190885 0.694531 0.159896 0.148438
0 0.346094 0.728516 0.207813 0.246094
0 0.438542 0.680078 0.076042 0.100781
0 0.360417 0.645313 0.047917 0.029687
0 0.461719 0.664453 0.038021 0.071094
0 0.484635 0.651563 0.017188 0.023438
0 0.501563 0.652344 0.019792 0.028125
0 0.515104 0.647656 0.007292 0.017188
0 0.476042 0.654687 0.007292 0.026562
0 0.821615 0.673438 0.138021 0.104688
0 0.612500 0.659766 0.013542 0.035156
5 0.113542 0.625000 0.202083 0.126562
1 0.430208 0.597266 0.005208 0.021094
1 0.489844 0.604688 0.001563 0.007812
1 0.470833 0.630859 0.001042 0.005469
2 0.271354 0.646484 0.003125 0.011719
2 0.516146 0.623828 0.004167 0.007031