0 0.165625 0.588281 0.080208 0.071875
0 0.247135 0.573828 0.054688 0.011719
0 0.216406 0.573438 0.025521 0.010937
0 0.392708 0.634766 0.104167 0.110156
0 0.507812 0.604297 0.038542 0.052344
0 0.542708 0.604688 0.029167 0.034375
0 0.554948 0.611328 0.029687 0.036719
0 0.596354 0.607031 0.018750 0.025000
0 0.607812 0.597266 0.011458 0.007031
0 0.618750 0.609375 0.029167 0.037500
0 0.633333 0.608203 0.007292 0.033594
0 0.644792 0.610938 0.007292 0.034375
0 0.650521 0.612500 0.013542 0.048438
0 0.670052 0.614453 0.042188 0.058594
0 0.672917 0.602734 0.013542 0.019531
0 0.695312 0.617188 0.046875 0.051562
0 0.709375 0.627344 0.046875 0.062500
0 0.910677 0.573828 0.178646 0.052344
0 0.837240 0.756641 0.325521 0.366406
0 0.427865 0.585547 0.022396 0.016406
3 0.575000 0.606641 0.014583 0.039844
3 0.584115 0.607422 0.009896 0.036719
3 0.595833 0.604297 0.010417 0.036719
3 0.639844 0.603906 0.004687 0.017188