0 0.958073 0.726562 0.083854 0.070312
0 0.844792 0.718750 0.075000 0.064062
0 0.805208 0.721094 0.020833 0.028125
0 0.758594 0.696094 0.026562 0.010937
0 0.727344 0.703906 0.038021 0.043750
0 0.692188 0.701172 0.021875 0.019531
0 0.686198 0.703125 0.017188 0.021875
0 0.676823 0.702344 0.013021 0.021875
0 0.669010 0.700781 0.011979 0.018750
0 0.661719 0.697266 0.019271 0.024219
0 0.649740 0.700000 0.006771 0.017188
0 0.644010 0.699219 0.009896 0.015625
0 0.639323 0.698438 0.005729 0.015625
0 0.634896 0.698047 0.007292 0.014844
0 0.630469 0.698047 0.006771 0.013281
0 0.607552 0.704688 0.027604 0.035937
0 0.592187 0.701172 0.012500 0.025781
0 0.578906 0.694922 0.002604 0.008594
0 0.574479 0.696094 0.008333 0.014063
0 0.557552 0.709766 0.036979 0.050781
0 0.550521 0.692578 0.020833 0.011719
0 0.397396 0.719531 0.079167 0.103125
0 0.440104 0.697656 0.057292 0.096875
0 0.484635 0.705469 0.034896 0.048438
0 0.500000 0.703125 0.009375 0.037500
0 0.505208 0.703125 0.011458 0.034375
0 0.510937 0.703516 0.008333 0.030469
0 0.515885 0.701562 0.006771 0.026562
0 0.521094 0.700000 0.011979 0.025000
0 0.527083 0.698047 0.005208 0.019531
0 0.529427 0.697656 0.004687 0.017188
0 0.530729 0.694922 0.007292 0.014844
5 0.181250 0.500000 0.362500 1.000000
4 0.730208 0.706641 0.010417 0.039844
3 0.741406 0.705078 0.017188 0.047656
3 0.625521 0.697656 0.005208 0.020313
3 0.581250 0.694531 0.004167 0.014063
2 0.804167 0.690234 0.006250 0.013281
2 0.764323 0.691797 0.006771 0.010156
2 0.703385 0.700000 0.005729 0.007812
2 0.685937 0.694922 0.005208 0.007031
2 0.652604 0.674219 0.012500 0.023438
2 0.615625 0.679297 0.007292 0.010156
2 0.590104 0.671094 0.005208 0.006250
2 0.590104 0.683203 0.002083 0.003906
2 0.540885 0.679688 0.002604 0.006250