0 0.888802 0.620703 0.222396 0.308594
0 0.675000 0.586328 0.210417 0.225781
0 0.581250 0.527344 0.023958 0.054688
0 0.572917 0.523828 0.020833 0.047656
0 0.565365 0.519531 0.019271 0.039062
0 0.539583 0.516797 0.039583 0.063281
0 0.498958 0.520703 0.031250 0.041406
0 0.516667 0.514844 0.010417 0.026562
0 0.513021 0.519141 0.009375 0.035156
0 0.417708 0.535156 0.075000 0.078125
0 0.430729 0.517969 0.045833 0.042188
0 0.454948 0.524609 0.021354 0.047656
0 0.464583 0.521094 0.026042 0.042188
0 0.468750 0.514844 0.025000 0.031250
6 0.242188 0.476562 0.122917 0.206250
4 0.258594 0.561719 0.038021 0.154688
4 0.230208 0.558594 0.038542 0.157812