0 0.232813 0.671094 0.047917 0.021875
0 0.284115 0.671875 0.031771 0.017188
0 0.317448 0.667969 0.029687 0.017188
0 0.346354 0.667969 0.021875 0.014063
0 0.355990 0.664844 0.018229 0.014063
0 0.437500 0.684375 0.053125 0.068750
0 0.476042 0.672266 0.017708 0.022656
0 0.501563 0.676172 0.033333 0.038281
0 0.554948 0.679297 0.039062 0.041406
0 0.633594 0.670703 0.042188 0.033594
0 0.893750 0.808594 0.212500 0.381250
0 0.258854 0.667969 0.029167 0.026562
5 0.466927 0.663281 0.013021 0.025000
3 0.517969 0.671094 0.006771 0.025000
1 0.958594 0.582812 0.014063 0.040625
2 0.834375 0.578906 0.051042 0.100000
2 0.954688 0.644922 0.014583 0.014844
2 0.393490 0.553125 0.005729 0.007812