0 0.919010 0.764453 0.161979 0.322656
0 0.861979 0.662500 0.038542 0.018750
0 0.798958 0.660547 0.150000 0.103906
0 0.654427 0.777734 0.428646 0.416406
0 0.493490 0.652734 0.167187 0.257031
0 0.402083 0.635547 0.022917 0.039844
0 0.380729 0.642969 0.040625 0.068750
0 0.348177 0.648438 0.059896 0.087500
0 0.294531 0.644141 0.094271 0.122656
0 0.177865 0.706250 0.282813 0.240625
0 0.123438 0.609375 0.075000 0.048438
0 0.052344 0.644141 0.104688 0.130469
0 0.044271 0.831250 0.088542 0.250000
4 0.903125 0.636719 0.031250 0.078125
1 0.408333 0.579297 0.002083 0.011719
2 0.641927 0.567187 0.013021 0.012500
2 0.292708 0.587109 0.010417 0.011719