0 0.173177 0.863672 0.346354 0.272656
0 0.233594 0.792578 0.031771 0.058594
0 0.313542 0.822656 0.140625 0.154688
0 0.386198 0.786328 0.046354 0.086719
0 0.408333 0.791016 0.009375 0.025781
0 0.413542 0.782422 0.008333 0.014844
0 0.429427 0.789453 0.031771 0.038281
0 0.451302 0.785156 0.015104 0.032813
0 0.473698 0.792187 0.044271 0.056250
0 0.505990 0.787500 0.027604 0.040625
0 0.521615 0.782813 0.008854 0.029687
0 0.553125 0.792969 0.064583 0.089063
0 0.585938 0.792188 0.019792 0.057813
0 0.654427 0.798047 0.070312 0.067969
0 0.787500 0.833594 0.194792 0.178125
0 0.033333 0.772656 0.066667 0.035937