0 0.799219 0.721484 0.065104 0.057031
0 0.749740 0.718359 0.042188 0.041406
0 0.717448 0.715625 0.035937 0.035937
0 0.698698 0.712109 0.028646 0.033594
0 0.631771 0.743359 0.117708 0.136719
0 0.616927 0.702344 0.031771 0.015625
0 0.584375 0.705859 0.008333 0.014844
0 0.571615 0.702734 0.017188 0.024219
0 0.556771 0.705078 0.019792 0.030469
0 0.519010 0.721875 0.071354 0.092188
0 0.486458 0.704688 0.011458 0.026562
0 0.518490 0.694531 0.015104 0.015625
0 0.408073 0.715625 0.010937 0.025000
0 0.363802 0.721484 0.094271 0.099219
0 0.287240 0.692578 0.015104 0.016406
0 0.282292 0.738281 0.148958 0.142187
0 0.186719 0.685547 0.035937 0.011719
0 0.180990 0.707031 0.039062 0.029687
0 0.678906 0.697656 0.027604 0.037500
4 0.850000 0.712891 0.017708 0.060156
4 0.833854 0.712500 0.016667 0.059375
4 0.701823 0.691797 0.005729 0.007031
7 0.174479 0.727344 0.038542 0.071875
2 0.281510 0.635156 0.021354 0.026562
2 0.411458 0.651563 0.021875 0.021875
2 0.411458 0.668359 0.020833 0.011719
2 0.457812 0.639453 0.010417 0.027344
2 0.454167 0.672266 0.003125 0.014844
2 0.474219 0.679688 0.002604 0.010937
2 0.481771 0.696094 0.005208 0.021875
2 0.690365 0.664844 0.019271 0.026562
2 0.798958 0.633203 0.014583 0.033594
2 0.797656 0.535547 0.034896 0.050781
2 0.976562 0.637109 0.016667 0.032031
2 0.816927 0.723828 0.011979 0.019531