0 0.013802 0.751563 0.027604 0.050000
0 0.059896 0.756641 0.079167 0.047656
0 0.204167 0.744531 0.053125 0.042188
0 0.240365 0.741797 0.019271 0.041406
0 0.261719 0.730469 0.057813 0.070312
0 0.291406 0.733984 0.003646 0.024219
0 0.305729 0.732031 0.015625 0.021875
0 0.330208 0.722266 0.009375 0.017969
0 0.338802 0.723047 0.020313 0.014844
0 0.337240 0.733203 0.024479 0.030469
0 0.354948 0.731641 0.044271 0.035156
0 0.374219 0.722266 0.014063 0.019531
0 0.397917 0.717578 0.007292 0.007031
0 0.406250 0.724219 0.052083 0.028125
0 0.439583 0.716016 0.009375 0.008594
0 0.446354 0.720313 0.037500 0.023438
0 0.519531 0.725000 0.014063 0.035937
0 0.490365 0.738672 0.067187 0.094531
0 0.525521 0.714453 0.007292 0.013281
0 0.533333 0.712109 0.004167 0.005469
0 0.539323 0.712109 0.007812 0.010156
0 0.555469 0.721484 0.021354 0.017969
0 0.565625 0.721094 0.006250 0.012500
0 0.574219 0.720313 0.011979 0.014063
0 0.603906 0.743359 0.058854 0.075781
0 0.673177 0.725391 0.056771 0.091406
0 0.735938 0.762891 0.131250 0.124219
0 0.788021 0.731250 0.063542 0.064062
0 0.829427 0.731250 0.043229 0.046875
0 0.900781 0.828125 0.198437 0.343750
0 0.571615 0.759375 0.086979 0.123438
5 0.437240 0.705078 0.013021 0.016406
6 0.644531 0.711719 0.065104 0.092188
4 0.383854 0.719531 0.003125 0.010937
3 0.452344 0.732031 0.020313 0.071875
1 0.552083 0.633203 0.004167 0.017969
1 0.393229 0.676172 0.005208 0.017969
2 0.388281 0.717187 0.004687 0.009375
2 0.520052 0.676172 0.017188 0.014844
2 0.559635 0.675391 0.019271 0.014844
2 0.540104 0.675781 0.019792 0.015625
2 0.319010 0.736328 0.016146 0.061719