0 0.097135 0.696094 0.052604 0.023438
0 0.129167 0.691406 0.033333 0.020313
0 0.184896 0.691016 0.030208 0.008594
0 0.411198 0.700000 0.006771 0.017188
0 0.398958 0.706250 0.028125 0.034375
0 0.427344 0.708203 0.030729 0.021094
0 0.446354 0.743750 0.082292 0.114062
0 0.442188 0.682031 0.006250 0.009375
0 0.483073 0.686328 0.006771 0.010156
0 0.465365 0.683984 0.006771 0.008594
0 0.451042 0.683594 0.006250 0.003125
0 0.444531 0.680859 0.005729 0.010156
0 0.448698 0.680078 0.003646 0.007031
0 0.453906 0.682031 0.006771 0.006250
0 0.595573 0.707422 0.058854 0.102344
0 0.448698 0.704688 0.015104 0.015625
5 0.459896 0.680078 0.005208 0.010156
3 0.475521 0.687891 0.004167 0.011719
3 0.469010 0.682812 0.002604 0.009375
2 0.440625 0.640234 0.014583 0.013281
2 0.461719 0.641797 0.017188 0.016406
2 0.475781 0.640234 0.008854 0.010156