0 0.558333 0.698047 0.010417 0.007031
0 0.525781 0.702344 0.006771 0.009375
0 0.517969 0.703125 0.008854 0.010937
0 0.494792 0.707813 0.009375 0.018750
0 0.484635 0.708984 0.016146 0.024219
0 0.478906 0.713672 0.025521 0.030469
0 0.356771 0.739453 0.105208 0.108594
0 0.837240 0.712500 0.059896 0.051562
0 0.865625 0.757031 0.088542 0.112500
0 0.995052 0.673047 0.009896 0.038281
5 0.539583 0.701953 0.020833 0.038281
3 0.509375 0.712891 0.011458 0.039844
1 0.562760 0.545312 0.008854 0.031250
2 0.775781 0.590234 0.075521 0.044531
2 0.780469 0.631641 0.075521 0.044531
2 0.760677 0.663672 0.032813 0.017969
2 0.794271 0.662500 0.031250 0.020313
2 0.476823 0.641406 0.007812 0.012500
2 0.501563 0.639453 0.006250 0.010156
2 0.520313 0.638672 0.006250 0.010156