0 0.926823 0.814844 0.146354 0.339062
0 0.778646 0.734375 0.250000 0.207813
0 0.697917 0.671094 0.077083 0.048438
0 0.654427 0.681641 0.045312 0.069531
0 0.635156 0.673828 0.039062 0.066406
0 0.594792 0.674609 0.060417 0.075781
0 0.574740 0.671875 0.044271 0.054688
0 0.552604 0.666016 0.034375 0.042969
0 0.538021 0.662500 0.012500 0.032813
0 0.498958 0.691016 0.077083 0.105469
0 0.502344 0.656250 0.038021 0.018750
4 0.617448 0.645312 0.004687 0.012500
4 0.015365 0.675391 0.030729 0.102344
4 0.228906 0.654687 0.020313 0.043750
3 0.465625 0.658594 0.006250 0.029687
3 0.413542 0.671094 0.019792 0.065625
2 0.941146 0.688672 0.031250 0.039844
2 0.910677 0.696094 0.036979 0.068750
2 0.633854 0.623047 0.006250 0.022656