0 0.752604 0.728516 0.044792 0.039844
0 0.763802 0.728516 0.072396 0.036719
0 0.712240 0.723828 0.034896 0.033594
0 0.682292 0.721094 0.027083 0.029687
0 0.665365 0.721875 0.019271 0.025000
0 0.647656 0.720313 0.020313 0.021875
0 0.630729 0.719141 0.017708 0.019531
0 0.610677 0.716406 0.017188 0.021875
0 0.572917 0.732812 0.058333 0.073438
0 0.544271 0.717969 0.017708 0.026562
0 0.524740 0.715625 0.014063 0.018750
4 0.144792 0.726562 0.022917 0.095312
4 0.171615 0.724219 0.027604 0.084375
4 0.408854 0.719141 0.009375 0.032031
1 0.578125 0.687500 0.002083 0.007812
1 0.573177 0.685937 0.002604 0.009375
1 0.567708 0.687500 0.002083 0.007812
1 0.519531 0.682031 0.001563 0.007812
1 0.402083 0.675391 0.007292 0.022656
2 0.444271 0.687891 0.003125 0.016406