0 0.227604 0.663281 0.021875 0.009375
0 0.248958 0.667969 0.029167 0.021875
0 0.478125 0.732812 0.141667 0.196875
0 0.534635 0.665625 0.008854 0.014063
0 0.558854 0.691016 0.045833 0.063281
0 0.574479 0.673438 0.020833 0.026562
0 0.584635 0.665234 0.010937 0.017969
0 0.606250 0.670312 0.012500 0.018750
0 0.624479 0.682031 0.030208 0.040625
0 0.646094 0.670703 0.007812 0.016406
0 0.654687 0.675781 0.014583 0.025000
0 0.791667 0.748437 0.216667 0.195312
0 0.948437 0.726172 0.103125 0.133594
0 0.363021 0.663672 0.017708 0.014844
5 0.708073 0.664062 0.101562 0.137500
3 0.922135 0.685547 0.039062 0.066406
1 0.595573 0.601562 0.002604 0.012500
1 0.613281 0.600781 0.002604 0.012500
2 0.344792 0.661719 0.005208 0.023438
2 0.570573 0.641797 0.017188 0.013281