0 0.755469 0.791016 0.488021 0.417969
0 0.544792 0.713281 0.058333 0.151562
0 0.528906 0.673047 0.023438 0.032031
0 0.526302 0.668359 0.006771 0.014844
0 0.522656 0.668750 0.007812 0.014063
0 0.506250 0.674219 0.033333 0.039062
0 0.479167 0.670312 0.064583 0.039062
0 0.467708 0.664844 0.029167 0.056250
0 0.445573 0.671094 0.017188 0.023438
0 0.388021 0.701953 0.114583 0.127344
0 0.341146 0.664844 0.009375 0.009375
0 0.321354 0.683203 0.038542 0.042969
0 0.283333 0.687109 0.048958 0.055469
0 0.233073 0.694922 0.084896 0.069531
0 0.026302 0.697266 0.052604 0.064844
0 0.019010 0.722266 0.038021 0.102344
4 0.107552 0.691797 0.019271 0.063281
4 0.134896 0.689063 0.023958 0.067187
1 0.489063 0.625781 0.002083 0.009375