0 0.304167 0.661719 0.156250 0.170313
0 0.289844 0.607812 0.025521 0.025000
0 0.333854 0.620703 0.080208 0.057031
0 0.388281 0.630469 0.031771 0.035937
0 0.408594 0.622656 0.014063 0.017188
0 0.433073 0.604297 0.019271 0.030469
0 0.017708 0.673828 0.035417 0.083594
0 0.520573 0.643359 0.086979 0.150781
0 0.646354 0.658594 0.070833 0.117188
0 0.843490 0.771484 0.313021 0.439844
0 0.737760 0.622656 0.032813 0.040625
0 0.705208 0.638672 0.043750 0.067969
0 0.682812 0.634375 0.020833 0.059375
0 0.670833 0.616406 0.016667 0.023438
4 0.022917 0.628516 0.007292 0.008594
4 0.709635 0.623438 0.043229 0.068750
4 0.741927 0.610156 0.019271 0.043750
4 0.771094 0.607031 0.027604 0.076563
3 0.586198 0.666797 0.081771 0.261719
1 0.700521 0.074219 0.033333 0.121875
1 0.886719 0.057422 0.039062 0.114844
2 0.642708 0.591406 0.009375 0.006250
2 0.990885 0.117188 0.018229 0.065625
2 0.783594 0.151172 0.134896 0.053906