0 0.172656 0.707031 0.019271 0.020313
0 0.161458 0.710938 0.027083 0.026562
0 0.054427 0.780859 0.108854 0.255469
0 0.217708 0.712500 0.048958 0.050000
0 0.251042 0.711328 0.016667 0.032031
0 0.294531 0.715625 0.083854 0.096875
0 0.338802 0.689844 0.013021 0.023438
0 0.354427 0.691016 0.010937 0.017969
0 0.396094 0.688672 0.020313 0.013281
0 0.418750 0.688281 0.008333 0.006250
0 0.410937 0.753906 0.170833 0.214062
0 0.547396 0.703516 0.093750 0.096094
0 0.503906 0.697656 0.026562 0.073438
0 0.488542 0.687891 0.033333 0.050781
0 0.471875 0.675000 0.009375 0.007812
1 0.368229 0.052344 0.037500 0.104688
1 0.570052 0.049219 0.039062 0.098437
2 0.843750 0.500781 0.048958 0.114062
2 0.913542 0.471094 0.037500 0.068750
2 0.242708 0.703516 0.006250 0.027344