0 0.182292 0.823828 0.135417 0.108594
0 0.365625 0.800391 0.058333 0.069531
0 0.452604 0.792969 0.015625 0.029687
0 0.460417 0.785937 0.015625 0.017188
0 0.541667 0.794531 0.068750 0.025000
0 0.529427 0.877734 0.189062 0.235156
0 0.605729 0.801563 0.020833 0.034375
0 0.622917 0.808203 0.014583 0.049219
0 0.641146 0.811328 0.043750 0.063281
0 0.701042 0.773047 0.041667 0.027344
0 0.686719 0.841406 0.097396 0.112500
0 0.855729 0.885156 0.288542 0.229687
0 0.984115 0.782422 0.031771 0.207031
5 0.743229 0.782031 0.081250 0.082812
4 0.017969 0.813672 0.028646 0.072656
4 0.048698 0.796875 0.011979 0.046875
4 0.105208 0.802344 0.009375 0.032813
4 0.261198 0.796875 0.010937 0.045312
4 0.263542 0.803125 0.006250 0.032813
4 0.322396 0.801172 0.008333 0.033594
1 0.025781 0.722266 0.013021 0.027344
1 0.515104 0.728516 0.008333 0.035156
1 0.521875 0.735547 0.005208 0.017969
1 0.877083 0.696875 0.019792 0.064062
1 0.761979 0.748047 0.007292 0.022656
1 0.629687 0.607422 0.008333 0.033594
1 0.657812 0.607031 0.009375 0.034375
1 0.799479 0.528125 0.011458 0.040625
2 0.935937 0.785156 0.019792 0.026562