0 0.888281 0.787109 0.223438 0.425781
0 0.684635 0.660156 0.138021 0.115625
0 0.490625 0.673828 0.192708 0.171094
0 0.371875 0.750391 0.329167 0.366406
0 0.246875 0.628906 0.218750 0.117188
0 0.188542 0.610547 0.044792 0.028906
0 0.146094 0.610156 0.034896 0.031250
0 0.070833 0.640625 0.141667 0.137500
0 0.740885 0.623828 0.011979 0.014844
5 0.197917 0.594141 0.081250 0.046094
4 0.211719 0.595312 0.004687 0.009375
4 0.826042 0.634766 0.017708 0.038281
4 0.722656 0.612109 0.015104 0.028906
4 0.127604 0.589844 0.006250 0.017188
3 0.978125 0.650000 0.018750 0.042188
3 0.911458 0.634375 0.013542 0.020313
3 0.657292 0.594922 0.028125 0.016406
3 0.615625 0.602734 0.025000 0.019531
3 0.614062 0.585938 0.025000 0.020313
3 0.609375 0.662891 0.073958 0.158594
3 0.570573 0.621094 0.018229 0.056250
3 0.550260 0.616406 0.026562 0.054688
1 0.600260 0.518359 0.008854 0.041406
2 0.922656 0.611328 0.011979 0.008594
2 0.886719 0.631250 0.004687 0.007812
2 0.804167 0.627344 0.003125 0.007812
2 0.795052 0.587891 0.035937 0.028906
2 0.770573 0.599219 0.003646 0.017188
2 0.719271 0.584766 0.004167 0.016406
2 0.231250 0.583984 0.007292 0.003906
2 0.030208 0.594141 0.005208 0.010156
2 0.136198 0.591406 0.011979 0.015625
2 0.135677 0.610156 0.006771 0.020313