0 0.400781 0.696484 0.014063 0.008594
0 0.416927 0.694141 0.025521 0.011719
0 0.450000 0.693359 0.014583 0.007031
0 0.492969 0.708984 0.043229 0.055469
0 0.519792 0.698047 0.018750 0.025781
0 0.528646 0.696094 0.008333 0.020313
0 0.535156 0.694922 0.010937 0.016406
0 0.552083 0.699609 0.020833 0.030469
0 0.562760 0.696875 0.007812 0.021875
0 0.567188 0.694141 0.010417 0.017969
0 0.576042 0.692188 0.007292 0.010937
0 0.608333 0.699609 0.022917 0.028906
0 0.619271 0.696484 0.005208 0.017969
0 0.853385 0.764063 0.215104 0.185938
0 0.729688 0.701562 0.018750 0.020313
5 0.589323 0.687891 0.019271 0.036719
2 0.607031 0.667188 0.008854 0.010937
2 0.616927 0.664453 0.007812 0.005469
2 0.568490 0.677344 0.003646 0.004687