0 0.077344 0.756250 0.154688 0.250000
0 0.156250 0.712891 0.103125 0.119531
0 0.255469 0.690625 0.067187 0.062500
0 0.322396 0.689844 0.062500 0.071875
0 0.375781 0.683594 0.049479 0.048438
0 0.451042 0.679297 0.055208 0.036719
0 0.490625 0.681250 0.069792 0.040625
0 0.577344 0.703125 0.091146 0.090625
0 0.534375 0.676562 0.026042 0.023438
0 0.430990 0.668359 0.007812 0.010156
0 0.077604 0.757422 0.152083 0.252344
0 0.807292 0.674219 0.327083 0.375000
0 0.621875 0.676953 0.017708 0.014844
0 0.612240 0.672656 0.011979 0.014063
0 0.409375 0.664062 0.004167 0.006250
0 0.422917 0.664453 0.005208 0.005469
1 0.309896 0.392969 0.014583 0.073438
1 0.303906 0.627734 0.004687 0.021094
1 0.236458 0.611719 0.008333 0.029687
1 0.594010 0.589063 0.009896 0.042188
1 0.500521 0.628906 0.005208 0.018750
2 0.588281 0.623437 0.017188 0.025000
2 0.520312 0.632031 0.008333 0.012500
2 0.369792 0.596875 0.013542 0.026562
2 0.327604 0.675781 0.011458 0.045312
2 0.560156 0.643359 0.008854 0.008594
2 0.560156 0.651563 0.009896 0.006250