0 0.112760 0.623047 0.163021 0.124219
0 0.044010 0.622656 0.051562 0.071875
0 0.216406 0.587109 0.006771 0.013281
0 0.224219 0.594141 0.013021 0.025781
0 0.269010 0.603906 0.035937 0.032813
0 0.298177 0.586719 0.013021 0.012500
0 0.321875 0.616797 0.053125 0.075781
0 0.906510 0.653516 0.138021 0.100781
0 0.970313 0.642969 0.059375 0.081250
0 0.779167 0.622266 0.047917 0.036719
0 0.674219 0.632031 0.084896 0.089063
0 0.577604 0.621094 0.046875 0.059375
0 0.594271 0.610547 0.032292 0.024219
0 0.547396 0.614453 0.026042 0.035156
0 0.522656 0.616016 0.029687 0.046094
0 0.511198 0.598438 0.010937 0.010937
0 0.543229 0.600781 0.020833 0.009375
0 0.492969 0.617969 0.042188 0.053125
0 0.469792 0.604297 0.026042 0.027344
0 0.480208 0.589844 0.021875 0.006250
0 0.626042 0.619531 0.043750 0.048438
5 0.568750 0.587109 0.078125 0.039844
4 0.852344 0.620703 0.005729 0.013281
4 0.832552 0.625000 0.006771 0.026562
3 0.745833 0.627734 0.033333 0.085156
3 0.807812 0.626563 0.016667 0.029687
3 0.599479 0.617188 0.010417 0.040625
3 0.542969 0.594531 0.005729 0.006250
3 0.451823 0.596875 0.024479 0.031250
3 0.464844 0.591406 0.005729 0.007812
3 0.290365 0.582422 0.004687 0.008594
1 0.691406 0.555078 0.008854 0.027344
1 0.588021 0.525391 0.004167 0.016406
1 0.567969 0.523828 0.004687 0.019531
2 0.746094 0.558984 0.042188 0.024219
2 0.740625 0.583984 0.045833 0.025781
2 0.712760 0.593750 0.007812 0.010937
2 0.820312 0.574219 0.009375 0.017188
2 0.760938 0.626172 0.006250 0.011719
2 0.728385 0.621484 0.006771 0.010156
2 0.618229 0.587891 0.006250 0.010156
2 0.465625 0.578125 0.007292 0.007812