0 0.215885 0.766016 0.321354 0.302344
0 0.408854 0.694922 0.098958 0.119531
0 0.435677 0.682422 0.065104 0.083594
0 0.461458 0.664062 0.013542 0.029687
0 0.466667 0.658984 0.021875 0.030469
0 0.489063 0.665234 0.035417 0.050781
0 0.555469 0.645703 0.026562 0.010156
0 0.587240 0.651563 0.047396 0.018750
0 0.513542 0.675000 0.034375 0.068750
0 0.583073 0.717578 0.142187 0.189844
0 0.704688 0.704297 0.140625 0.149219
0 0.946615 0.888672 0.093229 0.221094
4 0.049479 0.649219 0.017708 0.020313
4 0.088021 0.662500 0.023958 0.040625
4 0.135417 0.653906 0.014583 0.028125
4 0.331510 0.670312 0.011979 0.025000
4 0.336198 0.658984 0.005729 0.036719
4 0.345312 0.658203 0.008333 0.032031
4 0.354687 0.660547 0.009375 0.042969
4 0.359635 0.662891 0.009896 0.038281
4 0.368750 0.653906 0.009375 0.029687
4 0.634375 0.647656 0.010417 0.028125
4 0.826562 0.701562 0.058333 0.214062
7 0.035156 0.723828 0.070312 0.207031
3 0.488802 0.665234 0.019271 0.061719
1 0.438021 0.546484 0.006250 0.024219
1 0.517969 0.610156 0.006771 0.025000
2 0.514583 0.583203 0.020833 0.024219
2 0.548438 0.614062 0.006250 0.015625
2 0.548698 0.623437 0.005729 0.003125
2 0.676302 0.615625 0.013021 0.032813