0 0.056250 0.679297 0.112500 0.088281
0 0.128385 0.663672 0.040104 0.028906
0 0.173698 0.660156 0.044271 0.032813
0 0.212500 0.660156 0.048958 0.028125
0 0.256510 0.660547 0.032813 0.021094
0 0.278125 0.659766 0.015625 0.011719
0 0.294271 0.659766 0.018750 0.016406
0 0.378125 0.665234 0.012500 0.019531
0 0.371615 0.662500 0.007812 0.012500
0 0.397917 0.675391 0.036458 0.047656
0 0.430729 0.668750 0.023958 0.028125
0 0.479427 0.680078 0.046354 0.049219
0 0.579948 0.694141 0.083854 0.080469
0 0.920312 0.694141 0.097917 0.071094
0 0.152865 0.662891 0.017188 0.022656
0 0.202344 0.617969 0.009896 0.003125
0 0.260417 0.617578 0.008333 0.003906
0 0.289323 0.616016 0.008854 0.003906
5 0.428906 0.656250 0.023438 0.031250
2 0.977865 0.609766 0.044271 0.055469
2 0.247656 0.595313 0.005729 0.010937
2 0.266146 0.594922 0.007292 0.010156
2 0.277344 0.647656 0.010937 0.006250
2 0.344271 0.528125 0.006250 0.009375