0 0.520052 0.656250 0.008854 0.012500
0 0.508594 0.666016 0.022396 0.035156
0 0.507292 0.669531 0.016667 0.031250
0 0.542448 0.691016 0.061979 0.077344
0 0.571615 0.664062 0.045312 0.025000
0 0.454167 0.668359 0.077083 0.044531
0 0.431771 0.752734 0.195833 0.260156
0 0.735417 0.719531 0.175000 0.154688
0 0.603646 0.685547 0.052083 0.063281
4 0.592969 0.654687 0.008854 0.025000
4 0.581250 0.698828 0.021875 0.057031
3 0.352344 0.688672 0.032813 0.094531
2 0.148698 0.546484 0.039062 0.060156
2 0.841667 0.510547 0.034375 0.083594
2 0.845833 0.581641 0.044792 0.064844