0 0.402344 0.779297 0.056771 0.069531
0 0.502865 0.806641 0.120313 0.091406
0 0.445312 0.798438 0.038542 0.070312
0 0.655729 0.796484 0.017708 0.022656
0 0.619010 0.789062 0.004687 0.006250
0 0.626042 0.789453 0.004167 0.005469
0 0.611719 0.787891 0.003646 0.005469
0 0.669010 0.792188 0.006771 0.007812
0 0.616406 0.787891 0.002604 0.005469
0 0.822396 0.821484 0.064583 0.063281
6 0.176562 0.747266 0.347917 0.255469
1 0.681510 0.581641 0.010937 0.047656
1 0.630208 0.575781 0.010417 0.043750
1 0.536979 0.687109 0.010417 0.046094
1 0.525521 0.688672 0.011458 0.047656
2 0.653646 0.575391 0.034375 0.016406
2 0.530729 0.772266 0.009375 0.014844