0 0.059115 0.655469 0.051562 0.043750
0 0.128646 0.661328 0.064583 0.038281
0 0.363802 0.673438 0.031771 0.028125
0 0.635677 0.809766 0.284896 0.350781
0 0.760417 0.735547 0.062500 0.128906
0 0.786458 0.714453 0.047917 0.082031
0 0.777865 0.663281 0.043229 0.040625
0 0.811719 0.701172 0.005729 0.014844
0 0.815625 0.701562 0.008333 0.023438
0 0.840365 0.695312 0.011979 0.017188
0 0.844531 0.704688 0.013021 0.034375
0 0.851042 0.718750 0.023958 0.060937
0 0.864062 0.722266 0.039583 0.074219
0 0.886719 0.729688 0.034896 0.100000
0 0.926823 0.741016 0.083854 0.142969
0 0.965104 0.776172 0.069792 0.232031
3 0.828125 0.718359 0.030208 0.077344