0 0.788802 0.709375 0.053646 0.053125
0 0.702865 0.708984 0.035937 0.039844
0 0.662240 0.709375 0.031771 0.046875
0 0.682292 0.698437 0.017708 0.017188
0 0.613542 0.708203 0.037500 0.046094
0 0.576823 0.708203 0.026562 0.035156
0 0.511198 0.697266 0.015104 0.025781
0 0.539062 0.716406 0.053125 0.075000
0 0.459115 0.759375 0.130729 0.173437
0 0.592708 0.706641 0.007292 0.022656
4 0.639323 0.712500 0.023438 0.100000
2 0.158333 0.492188 0.032292 0.134375
2 0.404948 0.612109 0.013021 0.014844
2 0.540365 0.607031 0.010937 0.017188
2 0.457813 0.660937 0.004167 0.025000
2 0.761979 0.585938 0.022917 0.045312