0 0.807031 0.758594 0.217188 0.179688
0 0.683333 0.707812 0.063542 0.062500
0 0.618490 0.696094 0.020313 0.032813
0 0.602083 0.691797 0.019792 0.027344
0 0.585677 0.681250 0.013021 0.020313
0 0.557552 0.712891 0.084896 0.089844
0 0.510417 0.693359 0.031250 0.041406
0 0.487240 0.689063 0.014063 0.023438
0 0.455729 0.678125 0.022917 0.007812
0 0.458854 0.701172 0.053125 0.069531
0 0.409635 0.686328 0.017188 0.008594
0 0.402083 0.685937 0.010417 0.009375
0 0.392969 0.685156 0.009896 0.010937
0 0.313021 0.686328 0.009375 0.017969
0 0.279688 0.682812 0.011458 0.017188
0 0.266927 0.678125 0.018229 0.007812
0 0.245312 0.686328 0.037500 0.025781
0 0.222135 0.683203 0.045312 0.028906
0 0.119010 0.686719 0.083854 0.062500
0 0.046615 0.701172 0.061979 0.042969
0 0.021094 0.700781 0.024479 0.045312
0 0.459115 0.700781 0.053646 0.068750
5 0.427344 0.680078 0.011979 0.014844
3 0.635156 0.728906 0.045312 0.150000
1 0.596094 0.668359 0.002604 0.013281
2 0.597917 0.631641 0.004167 0.022656
2 0.564063 0.632031 0.019792 0.025000
2 0.422396 0.682031 0.007292 0.012500