0 0.648438 0.826953 0.066667 0.074219
0 0.760677 0.812500 0.068229 0.035937
0 0.101042 0.799219 0.042708 0.053125
0 0.167448 0.796094 0.040104 0.039062
0 0.206250 0.792969 0.051042 0.039062
0 0.525521 0.796094 0.011458 0.015625
0 0.482812 0.795703 0.012500 0.016406
0 0.509635 0.791016 0.007812 0.010156
0 0.498437 0.789062 0.006250 0.009375
0 0.490365 0.794922 0.007812 0.014844
0 0.519531 0.792969 0.006771 0.010937
0 0.474479 0.792969 0.009375 0.014063
0 0.514323 0.790234 0.003646 0.008594
0 0.507292 0.787891 0.005208 0.010156
1 0.550000 0.776563 0.003125 0.010937
1 0.503385 0.750781 0.001563 0.007812
1 0.494271 0.749609 0.001042 0.008594
1 0.477083 0.770703 0.002083 0.008594
1 0.475000 0.770703 0.002083 0.008594
2 0.457292 0.760937 0.008333 0.025000
2 0.598177 0.777344 0.005729 0.017188