0 0.071875 0.589063 0.009375 0.034375
0 0.072396 0.572656 0.008333 0.009375
0 0.136198 0.591797 0.042188 0.044531
0 0.131771 0.578516 0.033333 0.022656
0 0.154167 0.584375 0.071875 0.062500
0 0.237760 0.598437 0.095312 0.048438
0 0.321354 0.604297 0.069792 0.041406
0 0.351042 0.590625 0.042708 0.031250
0 0.399740 0.605859 0.032813 0.039844
0 0.460417 0.613281 0.053125 0.059375
0 0.527344 0.666016 0.129688 0.169531
0 0.581771 0.624219 0.026042 0.065625
0 0.623177 0.621875 0.066146 0.070312
0 0.589844 0.603906 0.013021 0.012500
0 0.702604 0.645312 0.153125 0.160938
0 0.769792 0.651172 0.046875 0.099219
0 0.812240 0.648047 0.097396 0.085156
0 0.911979 0.648828 0.100000 0.074219
0 0.892969 0.759375 0.214062 0.346875
4 0.345573 0.587109 0.003646 0.010156
4 0.349479 0.588281 0.007292 0.014063
3 0.165885 0.590234 0.025521 0.050781
3 0.379948 0.602344 0.048438 0.064062
3 0.422135 0.608984 0.025521 0.069531
3 0.434896 0.603516 0.013542 0.038281
3 0.876563 0.634766 0.035417 0.049219
3 0.812760 0.612109 0.024479 0.028906
1 0.646875 0.470313 0.007292 0.025000
1 0.685156 0.467969 0.005729 0.026562
2 0.465365 0.566406 0.008854 0.009375
2 0.948698 0.589453 0.013021 0.011719
2 0.312760 0.577344 0.020313 0.078125
2 0.747917 0.578516 0.008333 0.008594