0 0.316667 0.684766 0.028125 0.027344
0 0.424479 0.691406 0.028125 0.039062
0 0.441406 0.685547 0.013021 0.021094
0 0.407292 0.675391 0.007292 0.008594
0 0.953385 0.720313 0.093229 0.051562
0 0.398958 0.673438 0.005208 0.007812
4 0.261719 0.677344 0.011979 0.037500
4 0.803385 0.689063 0.023438 0.045312
1 0.183854 0.596484 0.008333 0.035156
1 0.533854 0.613672 0.008333 0.033594
1 0.896875 0.642578 0.009375 0.025781
2 0.599479 0.606250 0.019792 0.029687
2 0.392448 0.678516 0.002604 0.011719
2 0.400521 0.678125 0.002083 0.009375
2 0.839323 0.658594 0.007812 0.025000
2 0.652604 0.641797 0.019792 0.014844
2 0.652344 0.656250 0.021354 0.015625
2 0.069271 0.563672 0.026042 0.057031
2 0.066146 0.600000 0.023958 0.029687