0 0.147917 0.696094 0.056250 0.057813
0 0.241927 0.695312 0.065104 0.054688
0 0.322135 0.692969 0.041146 0.048438
0 0.358594 0.689453 0.065104 0.044531
0 0.416667 0.683984 0.020833 0.030469
0 0.446875 0.676563 0.006250 0.018750
0 0.548958 0.690625 0.028125 0.035937
0 0.545052 0.669922 0.008854 0.005469
0 0.549740 0.671094 0.014063 0.003125
0 0.565885 0.679297 0.011979 0.016406
0 0.581510 0.679688 0.010937 0.015625
0 0.585938 0.682422 0.013542 0.016406
0 0.600000 0.682422 0.016667 0.024219
0 0.603906 0.687500 0.015104 0.025000
0 0.620833 0.689063 0.023958 0.031250
0 0.640885 0.698047 0.029687 0.042969
0 0.654687 0.705859 0.023958 0.052344
0 0.677083 0.710547 0.050000 0.067969
0 0.726042 0.725000 0.090625 0.092188
0 0.919010 0.789453 0.161979 0.224219
0 0.574219 0.678125 0.008854 0.015625
2 0.198698 0.676563 0.032813 0.112500
2 0.485677 0.679297 0.004687 0.022656
2 0.517708 0.674219 0.002083 0.012500
2 0.528646 0.673047 0.002083 0.008594
2 0.494271 0.625391 0.009375 0.024219
2 0.624219 0.658203 0.005729 0.008594