0 0.876823 0.775391 0.246354 0.413281
0 0.847917 0.631250 0.072917 0.059375
0 0.770052 0.625391 0.027604 0.017969
0 0.650000 0.653125 0.088542 0.104688
0 0.610677 0.642188 0.033854 0.078125
0 0.598958 0.627734 0.010417 0.036719
0 0.592448 0.623828 0.017188 0.027344
0 0.584375 0.621484 0.008333 0.024219
0 0.574219 0.625781 0.014063 0.034375
0 0.567448 0.626172 0.017188 0.044531
0 0.558594 0.621875 0.030729 0.053125
0 0.502083 0.663672 0.147917 0.146094
0 0.330208 0.741016 0.494792 0.389844
0 0.263542 0.585547 0.066667 0.036719
0 0.237240 0.587500 0.047396 0.050000
0 0.199740 0.590234 0.011979 0.027344
0 0.094531 0.565234 0.047396 0.028906
0 0.761458 0.678125 0.175000 0.153125
4 0.244271 0.573828 0.011458 0.046094
4 0.600260 0.607031 0.002604 0.007812
3 0.694010 0.608594 0.021354 0.048438
3 0.578125 0.617188 0.006250 0.025000
1 0.585677 0.582422 0.002604 0.013281