0 0.367188 0.712891 0.143750 0.174219
0 0.451563 0.696875 0.054167 0.092188
0 0.473698 0.667578 0.013021 0.016406
0 0.542969 0.699219 0.117188 0.153125
0 0.595313 0.674219 0.011458 0.037500
0 0.600781 0.671094 0.010937 0.017188
0 0.614323 0.696484 0.031771 0.094531
0 0.680208 0.708984 0.142708 0.155469
0 0.871094 0.794531 0.257812 0.410938
4 0.781250 0.660156 0.016667 0.051562
4 0.797135 0.662891 0.011979 0.066406
3 0.484635 0.685547 0.022396 0.094531
1 0.522396 0.462891 0.009375 0.039844
2 0.655729 0.630078 0.016667 0.005469
2 0.654427 0.619922 0.017188 0.013281