0 0.785677 0.687109 0.007812 0.010156
0 0.770573 0.689453 0.006771 0.011719
0 0.742188 0.699609 0.019792 0.025781
0 0.752083 0.707812 0.035417 0.040625
0 0.727344 0.690625 0.008854 0.012500
0 0.713281 0.703516 0.025521 0.032031
0 0.686719 0.712891 0.041146 0.053906
0 0.654687 0.699219 0.022917 0.025000
0 0.624219 0.703906 0.027604 0.034375
0 0.600781 0.712500 0.042188 0.053125
0 0.422396 0.705469 0.032292 0.025000
0 0.691927 0.694922 0.008854 0.007031
4 0.779688 0.685937 0.002083 0.012500
3 0.766146 0.689844 0.006250 0.017188
1 0.833854 0.644922 0.007292 0.027344
1 0.841406 0.645313 0.007812 0.026562
2 0.832812 0.692187 0.004167 0.015625
2 0.848438 0.688672 0.003125 0.008594
2 0.818750 0.667969 0.011458 0.020313
2 0.792448 0.675000 0.004687 0.010937
2 0.794531 0.685156 0.001563 0.004687
2 0.832552 0.617188 0.010937 0.015625
2 0.803125 0.613281 0.045833 0.031250
2 0.752344 0.617188 0.038021 0.031250
2 0.700521 0.621484 0.033333 0.030469
2 0.603646 0.690234 0.003125 0.013281
2 0.543750 0.692969 0.005208 0.020313
2 0.642969 0.689453 0.002604 0.010156