0 0.876823 0.779297 0.246354 0.441406
0 0.772917 0.665234 0.105208 0.160156
0 0.744271 0.657031 0.082292 0.103125
0 0.671875 0.647266 0.075000 0.069531
0 0.619271 0.640234 0.044792 0.053906
0 0.589062 0.635156 0.032292 0.040625
0 0.582031 0.634766 0.026562 0.033594
0 0.561979 0.632422 0.015625 0.032031
0 0.543229 0.633984 0.032292 0.038281
0 0.500521 0.631641 0.028125 0.038281
0 0.426302 0.691406 0.171354 0.190625
0 0.365365 0.620703 0.018229 0.024219
0 0.340104 0.636719 0.041667 0.048438
0 0.308854 0.629297 0.030208 0.033594
0 0.361719 0.580469 0.008854 0.010937
0 0.345573 0.596484 0.013021 0.016406
0 0.244010 0.642578 0.054688 0.050781
0 0.223438 0.624609 0.008333 0.013281
0 0.102083 0.776953 0.204167 0.446094
4 0.521094 0.619922 0.004687 0.016406
3 0.491667 0.622266 0.010417 0.036719
2 0.448958 0.562500 0.021875 0.023438
2 0.483073 0.596094 0.011979 0.007812
2 0.411198 0.581250 0.005729 0.009375
2 0.398438 0.581641 0.005208 0.008594
2 0.386458 0.539844 0.022917 0.034375
2 0.388802 0.485547 0.045312 0.066406
2 0.471875 0.385937 0.106250 0.118750
2 0.324479 0.391797 0.078125 0.085156
2 0.171875 0.617578 0.002083 0.008594
2 0.125260 0.615625 0.002604 0.012500
2 0.483854 0.588281 0.008333 0.007812
2 0.575000 0.606641 0.003125 0.014844