0 0.111979 0.819922 0.223958 0.319531
0 0.179167 0.716406 0.036458 0.046875
0 0.195052 0.705078 0.042188 0.035156
0 0.254688 0.748047 0.123958 0.125781
0 0.324740 0.736719 0.078646 0.089063
0 0.371875 0.724609 0.031250 0.052344
0 0.438021 0.759766 0.157292 0.211719
0 0.515625 0.725000 0.015625 0.037500
0 0.544010 0.721094 0.008854 0.018750
0 0.176562 0.673438 0.037500 0.020313
0 0.059115 0.643359 0.041146 0.014844
0 0.356771 0.711719 0.015625 0.015625
5 0.045052 0.620313 0.090104 0.054688
3 0.532813 0.722266 0.021875 0.058594
1 0.548958 0.669531 0.004167 0.012500
1 0.597135 0.634375 0.004687 0.017188
2 0.536458 0.692578 0.007292 0.010156
2 0.548698 0.682812 0.007812 0.012500