0 0.096615 0.578906 0.035937 0.017188
0 0.222135 0.583984 0.017188 0.022656
0 0.245833 0.583984 0.030208 0.028906
0 0.286198 0.592187 0.024479 0.028125
0 0.442448 0.623828 0.036979 0.055469
0 0.467187 0.616016 0.021875 0.030469
0 0.488021 0.617969 0.004167 0.014063
0 0.490885 0.610938 0.006771 0.018750
0 0.494531 0.610937 0.005729 0.017188
0 0.502083 0.615234 0.015625 0.027344
0 0.514323 0.617969 0.022396 0.032813
0 0.548698 0.639453 0.066146 0.083594
0 0.576562 0.626563 0.013542 0.050000
0 0.944531 0.644531 0.055729 0.042188
0 0.898438 0.643750 0.051042 0.043750
0 0.866667 0.642969 0.036458 0.067187
0 0.627604 0.613672 0.009375 0.011719
0 0.685417 0.618750 0.010417 0.015625
0 0.720573 0.622656 0.021354 0.020313
0 0.708333 0.621484 0.015625 0.017969
0 0.698437 0.620312 0.013542 0.017188
0 0.692448 0.619922 0.009896 0.016406
0 0.674479 0.615625 0.004167 0.015625
0 0.786458 0.630859 0.031250 0.032031
0 0.800000 0.620703 0.010417 0.007031
0 0.576823 0.604297 0.003646 0.007031
0 0.583333 0.607031 0.004167 0.004687
4 0.483333 0.611719 0.012500 0.040625
4 0.987760 0.623437 0.007812 0.017188
4 0.584896 0.612500 0.006250 0.017188
3 0.402083 0.658203 0.062500 0.197656
3 0.604167 0.621484 0.016667 0.052344
3 0.650000 0.631250 0.032292 0.078125
3 0.830208 0.662891 0.084375 0.182031
3 0.951042 0.645313 0.027083 0.053125
3 0.766146 0.628906 0.013542 0.037500
3 0.678385 0.619531 0.006771 0.023438
3 0.622656 0.613281 0.002604 0.010937
2 0.667708 0.613672 0.009375 0.021094
2 0.635156 0.620703 0.005729 0.021094
2 0.697656 0.598828 0.007812 0.007031
2 0.848437 0.601953 0.005208 0.011719
2 0.590365 0.594141 0.011979 0.010156