0 0.651562 0.719531 0.086458 0.092188
0 0.554948 0.696094 0.016146 0.025000
0 0.527344 0.705469 0.049479 0.062500
0 0.508594 0.685547 0.004687 0.005469
0 0.497135 0.694141 0.021354 0.025781
0 0.482812 0.691797 0.015625 0.021094
0 0.473438 0.689844 0.011458 0.018750
0 0.465885 0.691016 0.007812 0.013281
0 0.409115 0.690625 0.005729 0.004687
0 0.392448 0.689063 0.010937 0.012500
0 0.380990 0.691406 0.009896 0.012500
0 0.188021 0.692578 0.026042 0.022656
0 0.158854 0.688281 0.030208 0.018750
0 0.458594 0.689844 0.007812 0.007812