0 0.013542 0.698047 0.027083 0.057031
0 0.021615 0.739844 0.011979 0.035937
0 0.342969 0.698438 0.008854 0.034375
0 0.360156 0.685547 0.030729 0.032031
0 0.375781 0.676562 0.009896 0.009375
0 0.420052 0.681250 0.005729 0.021875
0 0.515625 0.678516 0.009375 0.010156
0 0.494010 0.685547 0.043229 0.028906
0 0.536198 0.682031 0.021354 0.028125
0 0.592708 0.687891 0.019792 0.035156
0 0.607031 0.694141 0.029687 0.053906
0 0.636198 0.701953 0.065104 0.066406
0 0.670052 0.695312 0.036979 0.054688
0 0.498698 0.733984 0.130729 0.152344
6 0.529427 0.664844 0.038021 0.032813
4 0.557552 0.668750 0.004687 0.012500
3 0.576042 0.694922 0.022917 0.075781
2 0.550260 0.657812 0.004687 0.009375
2 0.580208 0.655078 0.006250 0.010156
2 0.625000 0.642578 0.008333 0.021094
2 0.722135 0.603516 0.016146 0.046094