0 0.891927 0.842578 0.216146 0.314844
0 0.842187 0.745313 0.110417 0.068750
0 0.778906 0.732422 0.046354 0.046094
0 0.728906 0.764453 0.125521 0.117969
0 0.683854 0.715625 0.005208 0.006250
0 0.663542 0.733594 0.039583 0.064062
0 0.576302 0.710156 0.070312 0.042188
0 0.569792 0.813281 0.220833 0.303125
0 0.476823 0.709766 0.008854 0.014844
0 0.438021 0.713281 0.006250 0.029687
0 0.410417 0.711719 0.032292 0.039062
0 0.391667 0.712891 0.010417 0.032031
0 0.365885 0.712891 0.020313 0.036719
0 0.354687 0.713281 0.019792 0.040625
0 0.214583 0.714844 0.056250 0.060937
0 0.180469 0.720313 0.118229 0.081250
0 0.049219 0.722266 0.098437 0.100781
0 0.475000 0.709375 0.005208 0.014063
2 0.743229 0.682422 0.012500 0.017969
2 0.467448 0.712109 0.010937 0.047656