0 0.795052 0.821094 0.409896 0.357812
0 0.982552 0.737109 0.034896 0.047656
0 0.943490 0.788281 0.113021 0.189062
0 0.629688 0.709766 0.006250 0.021094
0 0.626042 0.708984 0.008333 0.027344
0 0.622656 0.712500 0.005729 0.029687
0 0.615625 0.712109 0.009375 0.035156
0 0.608854 0.710547 0.014583 0.039844
0 0.602344 0.715625 0.021354 0.053125
0 0.591667 0.717578 0.023958 0.061719
0 0.576042 0.720703 0.036458 0.072656
0 0.553646 0.725781 0.042708 0.092188
0 0.498177 0.735938 0.113021 0.129688
0 0.184635 0.803906 0.369271 0.392188