0 0.019792 0.705078 0.039583 0.035156
0 0.146875 0.810937 0.293750 0.285938
0 0.255208 0.726172 0.039583 0.058594
0 0.256510 0.703516 0.017188 0.013281
0 0.328125 0.705469 0.015625 0.004687
0 0.364063 0.708203 0.029167 0.016406
0 0.405990 0.740625 0.070312 0.081250
0 0.433073 0.719922 0.011979 0.030469
0 0.437760 0.716016 0.017188 0.025781
0 0.448698 0.711719 0.004687 0.006250
0 0.492188 0.716406 0.003125 0.014063
0 0.479167 0.715234 0.015625 0.019531
0 0.500781 0.715234 0.016146 0.021094
0 0.509375 0.713281 0.004167 0.014063
0 0.515625 0.716406 0.008333 0.020313
0 0.531250 0.728516 0.033333 0.047656
0 0.546094 0.721875 0.009896 0.028125
0 0.551823 0.712109 0.006771 0.013281
0 0.565104 0.719922 0.010417 0.014844
0 0.562760 0.716406 0.006771 0.009375
0 0.572656 0.712891 0.006771 0.016406
0 0.576302 0.713672 0.002604 0.005469
0 0.603906 0.739453 0.055729 0.069531
0 0.567188 0.712109 0.003125 0.002344
0 0.568229 0.710938 0.002083 0.004687
3 0.557292 0.717969 0.004167 0.015625
2 0.374740 0.708203 0.002604 0.011719
2 0.305990 0.705469 0.003646 0.017188