0 0.983854 0.877344 0.032292 0.214062
0 0.996615 0.748047 0.006771 0.053906
0 0.949219 0.719531 0.101562 0.168750
0 0.975521 0.665625 0.027083 0.020313
0 0.898698 0.654687 0.034896 0.032813
0 0.815885 0.729688 0.208854 0.226562
0 0.712760 0.692969 0.075521 0.135937
0 0.699740 0.682031 0.057813 0.095312
0 0.675521 0.669922 0.013542 0.052344
0 0.668490 0.662891 0.022396 0.036719
0 0.658854 0.661719 0.011458 0.032813
0 0.655208 0.659766 0.010417 0.028906
0 0.638802 0.666406 0.022396 0.062500
0 0.602604 0.691016 0.088542 0.122656
0 0.535938 0.742578 0.209375 0.257031
0 0.450260 0.687500 0.075521 0.095312
4 0.301302 0.655469 0.005729 0.032813
7 0.276302 0.698438 0.065104 0.178125
2 0.853125 0.596484 0.022917 0.032031