0 0.954427 0.842187 0.091146 0.210938
0 0.824740 0.828906 0.242188 0.239063
0 0.728125 0.763672 0.076042 0.082031
0 0.638021 0.765625 0.093750 0.117188
0 0.548438 0.725000 0.033333 0.026562
0 0.525260 0.740234 0.063021 0.083594
0 0.430208 0.728906 0.044792 0.071875
0 0.112500 0.798438 0.225000 0.403125
0 0.091667 0.652344 0.047917 0.039062
0 0.463802 0.717969 0.023438 0.040625
0 0.475521 0.714063 0.007292 0.031250
6 0.603385 0.707812 0.079687 0.103125
6 0.455990 0.684375 0.017188 0.021875
3 0.485156 0.717578 0.014063 0.050781
3 0.456510 0.732031 0.028646 0.093750
3 0.333594 0.759766 0.094271 0.236719
2 0.677083 0.684375 0.009375 0.023438