0 0.086979 0.664844 0.173958 0.196875
0 0.157812 0.625000 0.097917 0.075000
0 0.204687 0.611719 0.033333 0.017188
0 0.228125 0.616406 0.013542 0.007812
0 0.245573 0.614063 0.029687 0.010937
0 0.309375 0.613672 0.029167 0.022656
0 0.282031 0.616797 0.010937 0.005469
0 0.327604 0.633984 0.032292 0.074219
0 0.394792 0.680469 0.148958 0.215625
0 0.464844 0.636328 0.019271 0.064844
0 0.473698 0.617969 0.007812 0.009375
0 0.492708 0.630859 0.037500 0.050781
0 0.554948 0.633594 0.028646 0.035937
6 0.508333 0.612109 0.038542 0.064844
3 0.598177 0.652344 0.039062 0.120313
3 0.910417 0.741797 0.179167 0.516406
2 0.291406 0.608984 0.007812 0.021094
2 0.444792 0.564844 0.023958 0.018750
2 0.468490 0.565625 0.021354 0.020313
2 0.494792 0.566016 0.030208 0.019531