0 0.596615 0.701562 0.007812 0.017188
0 0.573438 0.703516 0.018750 0.019531
0 0.561979 0.717969 0.018750 0.017188
0 0.557292 0.732812 0.028125 0.035937
0 0.513281 0.661719 0.005729 0.004687
0 0.492188 0.735156 0.046875 0.059375
0 0.465365 0.712891 0.011979 0.010156
0 0.472656 0.719141 0.003646 0.010156
0 0.427604 0.713672 0.018750 0.019531
0 0.444531 0.714453 0.015104 0.017969
0 0.381510 0.741406 0.089063 0.096875
0 0.338802 0.713281 0.031771 0.029687
0 0.229167 0.708984 0.094792 0.049219
0 0.145052 0.703125 0.019271 0.007812
0 0.080208 0.696094 0.031250 0.017188
0 0.357552 0.656641 0.017188 0.008594
0 0.379427 0.656641 0.010937 0.003906
0 0.407552 0.657031 0.021354 0.009375
0 0.389063 0.655859 0.011458 0.005469
3 0.583594 0.714453 0.006771 0.025781
3 0.526562 0.709375 0.009375 0.025000
3 0.038542 0.757812 0.077083 0.348438
2 0.649479 0.588281 0.079167 0.140625
2 0.545052 0.668750 0.016146 0.035937