0 0.503646 0.671875 0.022917 0.037500
0 0.494531 0.660156 0.007812 0.007812
0 0.519792 0.682422 0.042708 0.071094
0 0.566406 0.665234 0.019271 0.013281
0 0.616406 0.682031 0.039062 0.062500
0 0.636458 0.686328 0.054167 0.067969
0 0.692187 0.697656 0.087500 0.092188
0 0.566146 0.695312 0.083333 0.107813
0 0.434635 0.687500 0.044271 0.076563
0 0.470313 0.709375 0.048958 0.189062
5 0.618490 0.649219 0.047396 0.045312
3 0.486458 0.677734 0.021875 0.089844
3 0.404948 0.688672 0.031771 0.111719
3 0.327083 0.741016 0.081250 0.271094
2 0.587760 0.631250 0.007812 0.015625
2 0.587760 0.643359 0.006771 0.008594
2 0.523958 0.646094 0.003125 0.004687