0 0.920052 0.816797 0.159896 0.185156
0 0.802604 0.782422 0.103125 0.116406
0 0.740365 0.763672 0.079687 0.085156
0 0.686198 0.753125 0.057813 0.064062
0 0.671615 0.732422 0.027604 0.028906
0 0.620313 0.737109 0.019792 0.044531
0 0.616146 0.718750 0.027083 0.020313
0 0.599479 0.736328 0.026042 0.046094
0 0.566927 0.720313 0.023438 0.012500
0 0.560937 0.749219 0.075000 0.090625
0 0.523177 0.728516 0.027604 0.041406
0 0.507031 0.720703 0.017188 0.024219
4 0.498698 0.710156 0.003646 0.014063
4 0.153646 0.693359 0.022917 0.097656
4 0.137760 0.655859 0.015104 0.039844
3 0.893750 0.827734 0.141667 0.321094
3 0.642188 0.751953 0.039583 0.122656
3 0.383073 0.712500 0.009896 0.037500
3 0.121094 0.748828 0.089063 0.164844