0 0.199219 0.580859 0.095312 0.022656
0 0.357031 0.586719 0.060937 0.012500
0 0.425260 0.592188 0.029687 0.006250
0 0.524479 0.645703 0.122917 0.163281
0 0.535417 0.594531 0.012500 0.014063
0 0.580729 0.598438 0.018750 0.014063
0 0.606771 0.612500 0.052083 0.053125
0 0.695573 0.638281 0.131771 0.135937
0 0.453385 0.595313 0.017188 0.003125
3 0.919271 0.639844 0.098958 0.195312
2 0.295573 0.631641 0.016146 0.063281
2 0.399740 0.617188 0.009896 0.037500
2 0.446615 0.611719 0.006771 0.026562
2 0.468229 0.608594 0.005208 0.020313