0 0.791927 0.823047 0.132812 0.072656
0 0.770573 0.793750 0.030729 0.012500
0 0.754167 0.793359 0.021875 0.010156
0 0.743750 0.793359 0.015625 0.010156
0 0.735417 0.792578 0.013542 0.008594
0 0.505469 0.797266 0.024479 0.036719
0 0.492188 0.795312 0.009375 0.023438
0 0.411979 0.796484 0.029167 0.032031
0 0.028906 0.782031 0.040104 0.025000
0 0.147656 0.787500 0.040104 0.031250
0 0.301563 0.786719 0.016667 0.017188
0 0.517969 0.790625 0.005729 0.009375
4 0.711458 0.805078 0.008333 0.049219
1 0.493229 0.769922 0.001042 0.003906
2 0.820312 0.698047 0.027083 0.060156
2 0.593490 0.763281 0.005729 0.015625
2 0.073438 0.762500 0.004167 0.010937