0 0.870833 0.755469 0.258333 0.479687
0 0.727865 0.680078 0.207813 0.224219
0 0.600781 0.640234 0.084896 0.094531
0 0.549219 0.625000 0.044271 0.051562
0 0.528385 0.619141 0.017188 0.038281
0 0.520833 0.612109 0.013542 0.019531
0 0.515104 0.613672 0.009375 0.019531
0 0.467448 0.617188 0.113021 0.064062
0 0.412760 0.613281 0.015104 0.017188
0 0.406771 0.619531 0.021875 0.029687
0 0.388281 0.627344 0.039062 0.053125
0 0.367188 0.633594 0.042708 0.057813
0 0.276563 0.623437 0.052083 0.048438
0 0.153646 0.676172 0.223958 0.171094
0 0.059635 0.801172 0.119271 0.300781
0 0.512500 0.610547 0.008333 0.011719
0 0.330990 0.744531 0.465104 0.425000
4 0.691146 0.564453 0.009375 0.017969