0 0.101823 0.674609 0.203646 0.425781
0 0.240625 0.572266 0.178125 0.192969
0 0.285156 0.551562 0.098437 0.106250
0 0.333854 0.543359 0.066667 0.102344
0 0.365365 0.539453 0.025521 0.075781
0 0.376823 0.535156 0.032813 0.067187
0 0.394531 0.529687 0.027604 0.048438
0 0.401823 0.526563 0.021354 0.042188
0 0.411198 0.524609 0.011979 0.038281
0 0.415104 0.521094 0.010417 0.031250
0 0.419792 0.521094 0.012500 0.029687
0 0.445573 0.518750 0.018229 0.023438
0 0.454167 0.516406 0.005208 0.015625
0 0.465625 0.517969 0.015625 0.021875
0 0.476562 0.510156 0.008333 0.006250
0 0.479687 0.525391 0.015625 0.041406
0 0.491146 0.532031 0.027083 0.060937
0 0.521875 0.533203 0.062500 0.072656
0 0.648698 0.567578 0.115104 0.167969
0 0.823958 0.594922 0.352083 0.294531
0 0.417969 0.512500 0.026562 0.040625
6 0.398698 0.494922 0.015104 0.019531
4 0.434896 0.517969 0.005208 0.020313
4 0.467187 0.522266 0.013542 0.046094
2 0.499219 0.489063 0.006771 0.010937
2 0.540365 0.437109 0.016146 0.025781