0 0.031510 0.756641 0.063021 0.158594
0 0.049740 0.674219 0.085938 0.032813
0 0.094531 0.673828 0.041146 0.027344
0 0.151042 0.676562 0.011458 0.017188
0 0.262760 0.694922 0.098437 0.092969
0 0.330469 0.685547 0.050521 0.058594
0 0.374219 0.673828 0.024479 0.039844
0 0.401042 0.690625 0.059375 0.075000
0 0.432031 0.675000 0.020313 0.031250
0 0.442969 0.671094 0.008854 0.021875
0 0.447917 0.669141 0.009375 0.017969
0 0.468750 0.670312 0.017708 0.025000
0 0.473698 0.675781 0.023438 0.031250
0 0.498698 0.660547 0.008854 0.007031
0 0.458073 0.667578 0.004687 0.013281
3 0.127344 0.673438 0.016146 0.028125
1 0.471615 0.649219 0.001563 0.006250
2 0.213281 0.473047 0.009896 0.014844