0 0.013802 0.741406 0.027604 0.059375
0 0.049219 0.716406 0.060937 0.028125
0 0.081250 0.732422 0.125000 0.075781
0 0.175260 0.725781 0.072396 0.059375
0 0.240104 0.722656 0.060417 0.056250
0 0.294792 0.720703 0.047917 0.039844
0 0.332552 0.717969 0.058854 0.043750
0 0.439583 0.709375 0.022917 0.020313
0 0.461458 0.707031 0.035417 0.039062
0 0.523438 0.709375 0.020833 0.020313
0 0.541406 0.708984 0.018229 0.019531
0 0.555729 0.705859 0.012500 0.008594
0 0.498958 0.635547 0.026042 0.013281
0 0.658594 0.692969 0.005729 0.007812
0 0.662760 0.693359 0.005729 0.010156
0 0.664583 0.695703 0.004167 0.013281
0 0.646875 0.690234 0.005208 0.003906
0 0.650781 0.690234 0.003646 0.003906
0 0.654427 0.691016 0.005729 0.005469
0 0.662240 0.707031 0.006771 0.015625
0 0.654948 0.707422 0.016146 0.019531
0 0.625260 0.710547 0.013021 0.024219
0 0.632812 0.707031 0.010417 0.017188
0 0.638542 0.699609 0.007292 0.007031
0 0.610417 0.706641 0.027083 0.047656
0 0.594792 0.710547 0.012500 0.027344
0 0.575000 0.719531 0.034375 0.042188
0 0.492188 0.723047 0.053125 0.058594
0 0.380208 0.752734 0.143750 0.136719
0 0.622135 0.698828 0.007812 0.008594
5 0.625260 0.690625 0.008854 0.014063
3 0.645312 0.711328 0.009375 0.032031
3 0.653646 0.708984 0.007292 0.024219
2 0.621354 0.622656 0.009375 0.014063