0 0.553385 0.806250 0.489063 0.387500
0 0.463281 0.696484 0.056771 0.027344
0 0.360156 0.693359 0.016146 0.008594
0 0.335417 0.686328 0.011458 0.007031
0 0.347656 0.714453 0.007812 0.024219
0 0.336719 0.715234 0.024479 0.032031
0 0.320573 0.720313 0.017188 0.051562
0 0.280990 0.732031 0.086979 0.096875
0 0.124219 0.757812 0.248438 0.232813
4 0.493750 0.698438 0.008333 0.021875
1 0.318229 0.483594 0.012500 0.053125
2 0.360417 0.680469 0.015625 0.010937
2 0.359375 0.669141 0.012500 0.010156
2 0.353125 0.699609 0.003125 0.005469
2 0.526563 0.563672 0.017708 0.066406
2 0.443490 0.679688 0.004687 0.006250
2 0.210677 0.688672 0.008854 0.016406