0 0.866927 0.756250 0.266146 0.478125
0 0.721094 0.680859 0.201563 0.222656
0 0.597917 0.640625 0.084375 0.093750
0 0.547135 0.624609 0.043229 0.052344
0 0.526302 0.612891 0.018229 0.022656
0 0.519010 0.614453 0.013021 0.022656
0 0.514323 0.610547 0.006771 0.011719
0 0.337240 0.748828 0.453646 0.422656
0 0.454948 0.620312 0.145313 0.075000
0 0.381510 0.624609 0.027604 0.046094
0 0.368490 0.632031 0.034896 0.051562
0 0.278646 0.623047 0.053125 0.047656
0 0.160677 0.681250 0.215104 0.179688
0 0.064844 0.793359 0.129688 0.313281
4 0.621615 0.590234 0.014063 0.024219
2 0.515885 0.583984 0.005729 0.008594