0 0.892188 0.825000 0.215625 0.350000
0 0.633333 0.703906 0.030208 0.054688
0 0.682292 0.728906 0.100000 0.115625
0 0.539844 0.718359 0.171354 0.336719
0 0.453125 0.699219 0.014583 0.048438
0 0.449219 0.692969 0.022396 0.039062
0 0.406510 0.685937 0.044271 0.020313
0 0.382812 0.684766 0.025000 0.019531
0 0.366146 0.687891 0.020833 0.024219
0 0.346615 0.688672 0.043229 0.030469
0 0.005469 0.748828 0.010937 0.082031
4 0.098437 0.701562 0.021875 0.085938
4 0.432292 0.679297 0.004167 0.019531
2 0.936458 0.575781 0.127083 0.098437
2 0.454688 0.621484 0.013542 0.016406
2 0.749479 0.624609 0.015625 0.035156
2 0.625260 0.650391 0.013021 0.010156