0 0.385417 0.671484 0.051042 0.024219
0 0.503906 0.694141 0.132812 0.111719
0 0.564323 0.665625 0.016146 0.034375
0 0.570312 0.666797 0.014583 0.025781
0 0.578125 0.663672 0.034375 0.025781
0 0.617708 0.658594 0.046875 0.017188
0 0.759375 0.682031 0.079167 0.085938
0 0.793490 0.675000 0.036979 0.029687
0 0.886719 0.800391 0.226562 0.399219
0 0.612760 0.793359 0.373437 0.413281
5 0.073177 0.661328 0.146354 0.236719
3 0.421354 0.685938 0.027083 0.092188
3 0.438542 0.669531 0.014583 0.040625
3 0.446354 0.671484 0.010417 0.033594
1 0.772135 0.586328 0.013021 0.017969