0 0.041146 0.763672 0.082292 0.219531
0 0.150260 0.688672 0.165104 0.136719
0 0.303906 0.782422 0.457813 0.435156
0 0.463281 0.708594 0.141146 0.210938
0 0.497396 0.623828 0.060417 0.055469
0 0.532292 0.645313 0.032292 0.045312
0 0.522396 0.616797 0.020833 0.013281
0 0.542708 0.631641 0.025000 0.024219
0 0.538021 0.614062 0.004167 0.004687
0 0.583854 0.660547 0.077083 0.083594
0 0.580208 0.623828 0.038542 0.024219
0 0.679427 0.675391 0.117188 0.127344
0 0.702865 0.651953 0.075521 0.071094
0 0.837240 0.655859 0.122396 0.091406
0 0.883333 0.610938 0.019792 0.010937
0 0.925000 0.617578 0.080208 0.041406
0 0.960677 0.607422 0.041146 0.016406
0 0.978906 0.616406 0.042188 0.039062
0 0.990365 0.719141 0.019271 0.111719
5 0.635677 0.629688 0.033854 0.057813
6 0.564063 0.608984 0.028125 0.025781
4 0.840365 0.612500 0.015104 0.037500
4 0.870052 0.609375 0.004687 0.014063
4 0.948438 0.614453 0.017708 0.046094
3 0.613802 0.636719 0.017188 0.046875
3 0.737760 0.641016 0.023438 0.069531
3 0.812240 0.652344 0.059896 0.145313
1 0.451823 0.569531 0.006771 0.009375
2 0.949479 0.577344 0.010417 0.014063
2 0.752865 0.549609 0.028646 0.021094
2 0.754167 0.571094 0.028125 0.023438
2 0.678646 0.606250 0.005208 0.012500