3 0.539323 0.648047 0.004687 0.014844
2 0.828125 0.387500 0.058333 0.084375
2 0.065104 0.617578 0.013542 0.058594
2 0.303125 0.622656 0.006250 0.026562
2 0.366406 0.624609 0.003646 0.016406
2 0.401302 0.626172 0.002604 0.010156
2 0.421615 0.627344 0.001563 0.009375
2 0.436719 0.630078 0.001563 0.007031
2 0.448698 0.630469 0.001563 0.006250
2 0.494792 0.605078 0.003125 0.005469
2 0.562760 0.632812 0.002604 0.009375
2 0.610677 0.631641 0.002604 0.014844
2 0.680208 0.633594 0.005208 0.023438
2 0.925260 0.647656 0.013021 0.053125