0 0.895052 0.648828 0.168229 0.107031
0 0.604688 0.621484 0.007292 0.025781
0 0.446875 0.610156 0.007292 0.007812
0 0.428646 0.614063 0.023958 0.026562
0 0.265625 0.600391 0.023958 0.017969
0 0.244531 0.601562 0.026562 0.021875
0 0.157812 0.600000 0.060417 0.032813
0 0.144010 0.594922 0.032813 0.027344
0 0.365625 0.605859 0.006250 0.010156
6 0.646875 0.590625 0.089583 0.118750
6 0.588281 0.605469 0.039062 0.053125
4 0.068490 0.605469 0.042188 0.087500
3 0.526562 0.617969 0.009375 0.031250
3 0.461198 0.616406 0.016146 0.059375
3 0.304427 0.658203 0.068229 0.217969
1 0.476302 0.571875 0.003646 0.015625
2 0.547135 0.614844 0.002604 0.010937
2 0.539844 0.608203 0.001563 0.008594
2 0.508854 0.529297 0.037500 0.032031
2 0.443750 0.525781 0.030208 0.031250
2 0.486198 0.604297 0.005729 0.008594
2 0.476042 0.584375 0.017708 0.014063
2 0.475521 0.601172 0.003125 0.011719
2 0.384375 0.604297 0.004167 0.013281
2 0.327344 0.599219 0.004687 0.014063