0 0.921615 0.683594 0.156771 0.145313
0 0.848177 0.657031 0.072396 0.075000
0 0.756510 0.671094 0.116146 0.107813
0 0.655469 0.672656 0.107813 0.123438
0 0.677604 0.623438 0.060417 0.037500
0 0.597135 0.645312 0.035937 0.048438
0 0.577865 0.630859 0.011979 0.014844
0 0.548177 0.652344 0.072396 0.076563
0 0.511458 0.697266 0.150000 0.202344
0 0.339844 0.651953 0.006771 0.017969
0 0.298698 0.658594 0.011979 0.020313
0 0.247917 0.661328 0.014583 0.025781
0 0.182031 0.664453 0.022396 0.047656
0 0.165365 0.665625 0.019271 0.046875
0 0.056771 0.715234 0.062500 0.094531
6 0.699740 0.607031 0.066146 0.031250
6 0.600521 0.614453 0.023958 0.014844
4 0.857552 0.615625 0.004687 0.007812
4 0.875781 0.619141 0.004687 0.002344
4 0.954167 0.606641 0.008333 0.008594
4 0.789583 0.627344 0.017708 0.037500
3 0.898958 0.619141 0.041667 0.049219
3 0.017188 0.680078 0.034375 0.071094
2 0.275260 0.532031 0.009896 0.062500
2 0.409115 0.578516 0.004687 0.032031
2 0.456250 0.596094 0.003125 0.018750
2 0.465365 0.598828 0.002604 0.011719