0 0.500781 0.655469 0.013021 0.015625
0 0.491927 0.656641 0.007812 0.014844
0 0.480208 0.659766 0.018750 0.024219
0 0.456771 0.664453 0.029167 0.035156
0 0.445312 0.653516 0.008333 0.010156
0 0.437240 0.660547 0.013021 0.024219
0 0.418490 0.665234 0.032813 0.035156
0 0.389844 0.664062 0.023438 0.032813
0 0.363021 0.667969 0.034375 0.042188
0 0.331250 0.671875 0.036458 0.050000
0 0.302865 0.674609 0.042188 0.057031
0 0.234115 0.682422 0.130729 0.092969
0 0.527083 0.658984 0.011458 0.021094
0 0.547135 0.660156 0.007812 0.018750
0 0.578906 0.666016 0.014063 0.027344
0 0.559896 0.669531 0.030208 0.039062
0 0.586979 0.671094 0.009375 0.039062
0 0.602865 0.673047 0.034896 0.046094
0 0.615885 0.678516 0.010937 0.050781
0 0.649479 0.668750 0.078125 0.120313
0 0.717969 0.710547 0.113021 0.121094
0 0.510156 0.664844 0.021354 0.034375
4 0.578125 0.670703 0.012500 0.046094
3 0.424740 0.665234 0.018229 0.046094
3 0.524219 0.666797 0.014063 0.047656
3 0.539844 0.662891 0.008854 0.030469