0 0.891667 0.782813 0.216667 0.176563
0 0.752604 0.740234 0.094792 0.102344
0 0.695312 0.721875 0.058333 0.071875
0 0.659635 0.715625 0.032813 0.048438
0 0.642187 0.712891 0.020833 0.042969
0 0.633073 0.710156 0.016146 0.035937
0 0.625521 0.711328 0.010417 0.030469
0 0.589062 0.721094 0.067708 0.085938
0 0.603906 0.699609 0.010937 0.010156
0 0.556250 0.696094 0.011458 0.014063
0 0.551823 0.694531 0.005729 0.012500
0 0.463802 0.693750 0.018229 0.020313
0 0.420573 0.692969 0.038021 0.032813
0 0.345573 0.683594 0.023438 0.056250
0 0.311458 0.699219 0.062500 0.050000
0 0.257292 0.698828 0.051042 0.046094
0 0.256510 0.673828 0.021354 0.022656
0 0.195833 0.685937 0.064583 0.073438
0 0.112760 0.693359 0.119271 0.091406
5 0.571875 0.682422 0.014583 0.025781