0 0.616927 0.746484 0.085938 0.113281
0 0.579688 0.709766 0.019792 0.030469
0 0.358594 0.705859 0.006771 0.013281
0 0.343750 0.699609 0.003125 0.007031
0 0.340104 0.700000 0.005208 0.007812
0 0.288802 0.704297 0.008854 0.010156
0 0.270052 0.705469 0.003646 0.009375
0 0.262760 0.707031 0.017188 0.010937
0 0.274740 0.702734 0.004687 0.007031
0 0.247656 0.708203 0.013021 0.010156
0 0.244531 0.702734 0.004687 0.003906
0 0.271875 0.698828 0.004167 0.003906
0 0.063802 0.728906 0.023438 0.031250
0 0.085156 0.727734 0.058854 0.032031
0 0.008073 0.730469 0.016146 0.021875
0 0.009896 0.728906 0.019792 0.021875
0 0.314063 0.718359 0.032292 0.033594
3 0.279427 0.703125 0.006771 0.014063
2 0.774219 0.623437 0.117188 0.062500
2 0.318490 0.708594 0.014063 0.062500
2 0.252083 0.714453 0.002083 0.008594
2 0.297396 0.637500 0.003125 0.010937
2 0.314063 0.641016 0.003125 0.005469
2 0.165104 0.578906 0.007292 0.010937