0 0.260677 0.662109 0.070312 0.027344
0 0.302865 0.663672 0.032813 0.025781
0 0.348698 0.657422 0.010937 0.011719
0 0.366927 0.652734 0.019271 0.008594
0 0.358854 0.669141 0.051042 0.027344
0 0.381250 0.653906 0.013542 0.009375
0 0.389583 0.657812 0.016667 0.009375
0 0.397396 0.669922 0.059375 0.028906
0 0.470312 0.675000 0.028125 0.029687
0 0.506510 0.679688 0.046354 0.026562
0 0.527083 0.667578 0.019792 0.016406
0 0.462500 0.657422 0.010417 0.007031
0 0.489063 0.662500 0.018750 0.015625
0 0.517708 0.659375 0.008333 0.004687
0 0.514323 0.660937 0.009896 0.007812
0 0.515625 0.664453 0.012500 0.007031
0 0.604688 0.686328 0.054167 0.035156
0 0.555990 0.705859 0.056771 0.077344
0 0.618750 0.701172 0.017708 0.050781
0 0.647917 0.710547 0.064583 0.071094
0 0.687500 0.690625 0.006250 0.012500
0 0.714844 0.735156 0.083854 0.132812
0 0.848958 0.751953 0.256250 0.246094
0 0.941406 0.814453 0.117188 0.303906
0 0.029688 0.646875 0.058333 0.026562
4 0.016927 0.642578 0.009896 0.035156
1 0.505208 0.612891 0.006250 0.024219
2 0.230469 0.632812 0.007812 0.012500
2 0.250260 0.618750 0.008854 0.015625
2 0.386719 0.659375 0.005729 0.009375
2 0.386458 0.670703 0.004167 0.011719
2 0.561719 0.656641 0.004687 0.011719
2 0.573437 0.657031 0.009375 0.014063
2 0.573958 0.639844 0.008333 0.018750
2 0.670052 0.662109 0.007812 0.021094
2 0.684896 0.648047 0.012500 0.025781
2 0.490885 0.614062 0.010937 0.028125