0 0.205990 0.744141 0.252604 0.272656
0 0.544271 0.712109 0.185417 0.186719
0 0.110156 0.649219 0.038021 0.035937
0 0.318490 0.655469 0.034896 0.035937
0 0.335677 0.651563 0.010937 0.021875
0 0.350781 0.653125 0.016146 0.018750
0 0.358854 0.649219 0.010417 0.018750
0 0.390625 0.577344 0.022917 0.007812
0 0.425000 0.580469 0.020833 0.004687
0 0.293490 0.691797 0.098437 0.133594
4 0.402865 0.659766 0.016146 0.047656
4 0.370573 0.650781 0.006771 0.023438
1 0.375000 0.580859 0.004167 0.011719
1 0.348177 0.627734 0.002604 0.008594
2 0.418490 0.615234 0.005729 0.008594