0 0.449479 0.666016 0.005208 0.011719
0 0.465365 0.664453 0.005729 0.008594
0 0.482812 0.663281 0.004167 0.010937
0 0.465625 0.704297 0.051042 0.122656
0 0.547917 0.660547 0.039583 0.022656
0 0.579948 0.662500 0.023438 0.010937
0 0.567969 0.662500 0.002604 0.006250
0 0.556771 0.741797 0.179167 0.238281
0 0.649479 0.703125 0.075000 0.106250
0 0.832552 0.780078 0.334896 0.324219
0 0.979167 0.660156 0.041667 0.032813
4 0.348958 0.675000 0.007292 0.040625
4 0.364063 0.669922 0.003125 0.024219
4 0.373437 0.671094 0.012500 0.048438
4 0.385417 0.667969 0.013542 0.053125
4 0.668490 0.658984 0.006771 0.016406
1 0.489583 0.606250 0.002083 0.010937
2 0.587760 0.622656 0.006771 0.007812
2 0.821615 0.532813 0.034896 0.070312