0 0.828906 0.812109 0.342187 0.375781
0 0.599219 0.709375 0.021354 0.054688
0 0.561979 0.714844 0.082292 0.087500
0 0.525521 0.691406 0.018750 0.028125
0 0.499219 0.703906 0.046354 0.057813
0 0.483073 0.703125 0.029687 0.039062
0 0.469271 0.696875 0.013542 0.023438
0 0.434375 0.716797 0.069792 0.089844
0 0.284115 0.703516 0.004687 0.016406
0 0.259635 0.702344 0.047396 0.029687
0 0.235677 0.702734 0.018229 0.016406
0 0.208594 0.720703 0.053646 0.055469
0 0.111458 0.725000 0.085417 0.064062
0 0.108333 0.707031 0.015625 0.006250
0 0.067708 0.711328 0.017708 0.014844
0 0.041927 0.746484 0.083854 0.094531
0 0.436198 0.687500 0.026562 0.018750
0 0.820052 0.706250 0.119271 0.062500
5 0.283073 0.692578 0.007812 0.019531
3 0.045052 0.696484 0.019271 0.013281
2 0.019531 0.766016 0.039062 0.124219
2 0.339062 0.549219 0.008333 0.014063
2 0.382812 0.635938 0.004167 0.006250