0 0.751823 0.836719 0.101562 0.093750
0 0.694271 0.825391 0.060417 0.074219
0 0.649219 0.820312 0.052604 0.053125
0 0.628125 0.811719 0.044792 0.054688
0 0.605208 0.810547 0.027083 0.044531
0 0.593490 0.807031 0.025521 0.040625
0 0.577344 0.800391 0.028646 0.033594
0 0.558073 0.796875 0.011979 0.021875
0 0.541667 0.794531 0.022917 0.039062
0 0.508854 0.807422 0.043750 0.058594
0 0.475260 0.798828 0.027604 0.036719
0 0.490365 0.793359 0.009896 0.019531
0 0.461979 0.790625 0.008333 0.014063
0 0.451042 0.792578 0.015625 0.021094
0 0.442969 0.789844 0.009896 0.015625
0 0.417708 0.800391 0.035417 0.041406
0 0.392448 0.792578 0.015104 0.021094
0 0.358073 0.808984 0.065104 0.072656
0 0.335938 0.787109 0.007292 0.008594
0 0.319531 0.798828 0.031771 0.035156
0 0.287760 0.802734 0.024479 0.041406
0 0.260677 0.803906 0.043229 0.045312
0 0.219531 0.807422 0.045312 0.053906
0 0.166667 0.812109 0.080208 0.067969
0 0.084375 0.820312 0.095833 0.089063
0 0.026562 0.825000 0.053125 0.095312
4 0.559375 0.798047 0.007292 0.032031
3 0.166667 0.810156 0.030208 0.100000
3 0.566667 0.807031 0.007292 0.026562
2 0.561719 0.779297 0.004687 0.008594