0 0.377083 0.693359 0.046875 0.028906
0 0.541927 0.687891 0.009896 0.025781
0 0.541667 0.674609 0.009375 0.008594
0 0.541667 0.678125 0.009375 0.009375
0 0.500521 0.688672 0.009375 0.025781
0 0.454948 0.690625 0.016146 0.026562
0 0.471875 0.693750 0.027083 0.035937
0 0.463281 0.675391 0.007812 0.002344
0 0.476562 0.673828 0.015625 0.003906
4 0.367448 0.694531 0.010937 0.042188
4 0.396094 0.680469 0.004687 0.015625
4 0.401562 0.681641 0.008333 0.014844
4 0.506250 0.690625 0.010417 0.039062
4 0.512760 0.683594 0.011979 0.037500
3 0.491146 0.693359 0.012500 0.047656
2 0.381250 0.678125 0.004167 0.006250
2 0.381771 0.657813 0.006250 0.010937