0 0.922656 0.822656 0.154688 0.292187
0 0.740625 0.758984 0.134375 0.139844
0 0.668750 0.733203 0.056250 0.078906
0 0.631250 0.722266 0.040625 0.060156
0 0.614583 0.716797 0.037500 0.055469
0 0.593229 0.704688 0.014583 0.023438
0 0.559115 0.743359 0.081771 0.128906
0 0.492188 0.783594 0.183333 0.245312
0 0.432292 0.686719 0.012500 0.010937
0 0.384896 0.737109 0.096875 0.121094
0 0.284115 0.695312 0.042188 0.046875
0 0.242708 0.698047 0.046875 0.044531
0 0.192448 0.699219 0.044271 0.053125
0 0.136979 0.698828 0.070833 0.058594
0 0.116406 0.816797 0.232813 0.366406
0 0.508854 0.703516 0.009375 0.019531
2 0.786979 0.633594 0.007292 0.051562