0 0.991927 0.786328 0.016146 0.055469
0 0.994271 0.710547 0.011458 0.016406
0 0.926302 0.705078 0.033854 0.024219
0 0.901042 0.701953 0.032292 0.024219
0 0.865885 0.701562 0.050521 0.026562
0 0.820052 0.754297 0.196354 0.125781
0 0.797135 0.688672 0.023438 0.005469
0 0.757552 0.695312 0.055729 0.029687
0 0.725781 0.692969 0.034896 0.032813
0 0.662240 0.691797 0.050521 0.027344
0 0.605729 0.690625 0.077083 0.035937
0 0.551562 0.726953 0.140625 0.108594
0 0.510156 0.723437 0.165104 0.126562
0 0.235937 0.802734 0.471875 0.394531
0 0.053385 0.673438 0.073438 0.045312
0 0.036719 0.692578 0.073438 0.097656
0 0.138021 0.684375 0.030208 0.046875
4 0.676562 0.675391 0.004167 0.005469
3 0.684115 0.732422 0.141146 0.182031
2 0.431250 0.639062 0.020833 0.032813