0 0.925781 0.831250 0.148438 0.253125
0 0.606250 0.738281 0.230208 0.285938
0 0.514062 0.637500 0.086458 0.128125
0 0.449740 0.648047 0.050521 0.063281
0 0.420052 0.637500 0.035937 0.050000
0 0.397917 0.628906 0.018750 0.035937
0 0.388802 0.630078 0.018229 0.041406
0 0.359375 0.641016 0.068750 0.066406
0 0.314583 0.613281 0.015625 0.018750
0 0.148958 0.605859 0.020833 0.028906
0 0.124740 0.605078 0.029687 0.032031
0 0.071094 0.601953 0.046354 0.028906
0 0.063802 0.673828 0.127604 0.194531
6 0.401302 0.600781 0.022396 0.015625
3 0.757812 0.677734 0.025000 0.078906
3 0.730469 0.656641 0.020313 0.028906
1 0.611198 0.585156 0.007812 0.023438
1 0.467187 0.579297 0.002083 0.010156
1 0.452083 0.579297 0.002083 0.008594
1 0.436458 0.577734 0.002083 0.008594
2 0.765625 0.588281 0.058333 0.043750
2 0.714844 0.564063 0.016146 0.023438
2 0.714583 0.587109 0.015625 0.022656
2 0.296615 0.583594 0.011979 0.020313