0 0.216927 0.673828 0.181771 0.174219
0 0.323437 0.715234 0.022917 0.025781
0 0.335677 0.685547 0.010937 0.007031
0 0.463021 0.696484 0.058333 0.027344
0 0.415104 0.705859 0.005208 0.010156
0 0.554167 0.805078 0.486458 0.389844
0 0.359896 0.692578 0.016667 0.010156
4 0.863021 0.731641 0.083333 0.305469
1 0.318229 0.483594 0.012500 0.053125
2 0.359635 0.668750 0.013021 0.010937
2 0.360677 0.680859 0.015104 0.011719
2 0.353385 0.699609 0.003646 0.005469
2 0.443490 0.679688 0.004687 0.006250
2 0.526823 0.564453 0.017188 0.066406
2 0.031250 0.732031 0.016667 0.062500
2 0.121615 0.727344 0.009896 0.032813