0 0.753646 0.706250 0.042708 0.023438
0 0.647917 0.716406 0.008333 0.007812
0 0.639062 0.719922 0.012500 0.013281
0 0.626823 0.716797 0.011979 0.014844
0 0.614062 0.719531 0.012500 0.014063
0 0.601302 0.718359 0.010937 0.013281
0 0.552083 0.716797 0.021875 0.019531
0 0.509896 0.760156 0.118750 0.151562
0 0.501563 0.713281 0.006250 0.012500
0 0.430208 0.732031 0.064583 0.067187
0 0.578385 0.718359 0.014063 0.014844
0 0.117188 0.807812 0.234375 0.270313
2 0.749479 0.408203 0.118750 0.135156
2 0.414844 0.701953 0.004687 0.014844
2 0.548958 0.693750 0.010417 0.020313