0 0.089844 0.772266 0.115104 0.061719
0 0.221354 0.802734 0.152083 0.107031
0 0.386198 0.773438 0.044271 0.045312
0 0.412760 0.753906 0.010937 0.003125
0 0.443229 0.768359 0.021875 0.024219
0 0.450000 0.754297 0.022917 0.007031
0 0.466927 0.760547 0.031771 0.013281
0 0.493490 0.758594 0.021354 0.004687
0 0.507552 0.759766 0.007812 0.007031
0 0.400000 0.799609 0.083333 0.088281
0 0.503385 0.809766 0.147396 0.102344
0 0.759635 0.825781 0.109896 0.092188
0 0.897135 0.791016 0.032813 0.007031
0 0.880469 0.790234 0.024479 0.007031
0 0.570573 0.766016 0.003646 0.008594
0 0.578385 0.767187 0.003646 0.009375
0 0.574740 0.767188 0.006771 0.010937
0 0.584375 0.767188 0.005208 0.007812
0 0.593750 0.763672 0.004167 0.002344
0 0.597656 0.765234 0.004687 0.002344
0 0.603646 0.765625 0.004167 0.001563
0 0.616927 0.761328 0.010937 0.011719
0 0.590885 0.774219 0.013021 0.018750
0 0.600521 0.779297 0.018750 0.025781
0 0.621615 0.792578 0.041146 0.050781
0 0.640885 0.780078 0.017188 0.024219
0 0.651562 0.772266 0.013542 0.007031
0 0.661198 0.780078 0.025521 0.021094
0 0.569010 0.762891 0.003646 0.007031
4 0.842708 0.795703 0.017708 0.063281
4 0.833333 0.788281 0.014583 0.054688
3 0.919271 0.820312 0.055208 0.062500
1 0.041667 0.421094 0.026042 0.068750
1 0.089844 0.455469 0.022396 0.062500
1 0.118229 0.672266 0.011458 0.027344
1 0.135938 0.673438 0.012500 0.026562
1 0.505729 0.677344 0.012500 0.056250
1 0.522917 0.677344 0.013542 0.054688
1 0.729427 0.523828 0.015104 0.053906
1 0.797917 0.526172 0.015625 0.055469
1 0.934375 0.715234 0.013542 0.032031
2 0.050781 0.487500 0.043229 0.062500
2 0.111458 0.583203 0.043750 0.052344
2 0.579687 0.676953 0.025000 0.021094
2 0.579948 0.697656 0.024479 0.020313
2 0.747656 0.568359 0.044271 0.036719
2 0.656250 0.758984 0.003125 0.008594
2 0.560417 0.769922 0.003125 0.008594