0 0.904687 0.839844 0.190625 0.234375
0 0.816927 0.732031 0.013021 0.017188
0 0.761198 0.783594 0.147396 0.151562
0 0.690365 0.749609 0.042188 0.074219
0 0.676042 0.719531 0.015625 0.014063
0 0.605729 0.741797 0.129167 0.216406
0 0.549219 0.730859 0.015104 0.042969
0 0.508073 0.744141 0.051562 0.092969
6 0.550260 0.711719 0.014063 0.028125
4 0.673438 0.750781 0.012500 0.076563
4 0.553646 0.707031 0.005208 0.004687
4 0.024740 0.693750 0.029687 0.126562
3 0.896354 0.806641 0.207292 0.386719
3 0.738542 0.798437 0.097917 0.259375
3 0.535156 0.729297 0.018229 0.058594
3 0.464844 0.738281 0.050521 0.176563
3 0.170313 0.720313 0.042708 0.100000
2 0.488281 0.682422 0.005729 0.013281
2 0.488021 0.693359 0.007292 0.008594
2 0.392708 0.675781 0.009375 0.006250
2 0.392969 0.683203 0.009896 0.007031