0 0.441146 0.639844 0.012500 0.007812
0 0.451562 0.660938 0.017708 0.034375
0 0.459375 0.648047 0.013542 0.016406
0 0.510156 0.669922 0.051562 0.069531
0 0.426823 0.673438 0.048438 0.060937
0 0.379427 0.645703 0.009896 0.011719
0 0.861719 0.737891 0.032813 0.017969
2 0.366406 0.650000 0.005729 0.023438
2 0.417969 0.640625 0.001563 0.004687
2 0.403906 0.647266 0.002604 0.013281
2 0.849479 0.684766 0.036458 0.022656
2 0.572135 0.635156 0.001563 0.006250
2 0.587500 0.632812 0.002083 0.007812
2 0.607031 0.630859 0.002604 0.008594
2 0.632552 0.628906 0.002604 0.010937
2 0.549740 0.636328 0.001563 0.005469
2 0.560417 0.635547 0.001042 0.005469
2 0.110156 0.644531 0.002604 0.007812
2 0.171354 0.644922 0.002083 0.007031
2 0.194531 0.644141 0.001563 0.005469