0 0.091146 0.728516 0.068750 0.019531
0 0.352604 0.725000 0.019792 0.007812
0 0.377604 0.716016 0.013542 0.010156
0 0.439844 0.685547 0.006771 0.008594
0 0.412760 0.724219 0.013021 0.004687
0 0.426563 0.723438 0.015625 0.006250
0 0.498698 0.709375 0.004687 0.006250
0 0.500781 0.711719 0.004687 0.006250
0 0.502083 0.714063 0.005208 0.007812
0 0.503646 0.706641 0.004167 0.005469
0 0.505990 0.708594 0.004687 0.006250
0 0.507812 0.712500 0.005208 0.006250
0 0.511979 0.707422 0.004167 0.005469
0 0.507292 0.702734 0.004167 0.005469
0 0.531771 0.701562 0.004167 0.004687
0 0.533333 0.704297 0.004167 0.005469
0 0.530208 0.705469 0.004167 0.004687
0 0.529687 0.708594 0.003125 0.004687
0 0.533073 0.709375 0.004687 0.006250
0 0.536979 0.708594 0.004167 0.006250
0 0.529948 0.715234 0.005729 0.007031
0 0.536198 0.715234 0.006771 0.007031
0 0.522656 0.705469 0.003646 0.006250
0 0.525781 0.709766 0.004687 0.008594
0 0.522656 0.711719 0.004687 0.006250
0 0.519531 0.712500 0.005729 0.007812
0 0.505208 0.726562 0.006250 0.010937
0 0.512760 0.727344 0.006771 0.012500
0 0.524740 0.728516 0.011979 0.017969
0 0.501823 0.726562 0.005729 0.014063
0 0.483073 0.727734 0.011979 0.016406
0 0.496615 0.728516 0.014063 0.017969
0 0.452344 0.734375 0.031771 0.034375
0 0.556771 0.683594 0.007292 0.009375
0 0.563021 0.706641 0.010417 0.013281
0 0.568750 0.710156 0.007292 0.012500
0 0.568229 0.721875 0.010417 0.017188
0 0.585156 0.710156 0.028646 0.034375
0 0.581250 0.741797 0.034375 0.057031
0 0.624219 0.751953 0.074479 0.094531
0 0.570312 0.686719 0.007292 0.007812
0 0.564323 0.680859 0.005729 0.007031
0 0.273698 0.746484 0.078646 0.063281
0 0.915365 0.839844 0.169271 0.320312
0 0.567188 0.682422 0.006250 0.005469
5 0.566406 0.694141 0.017188 0.019531
3 0.402865 0.701953 0.005729 0.013281
3 0.507812 0.712891 0.003125 0.008594
3 0.516667 0.728906 0.006250 0.021875
3 0.492708 0.710547 0.003125 0.007031
3 0.535156 0.726562 0.003646 0.012500
1 0.551823 0.693750 0.003646 0.015625
2 0.551823 0.715234 0.003646 0.014844
2 0.473438 0.719141 0.002083 0.005469
2 0.306510 0.712500 0.004687 0.018750