0 0.834115 0.667969 0.130729 0.070312
0 0.782813 0.664453 0.079167 0.063281
0 0.739062 0.665234 0.060417 0.055469
0 0.575260 0.667969 0.035937 0.042188
0 0.553906 0.669141 0.016146 0.030469
0 0.516667 0.661328 0.012500 0.011719
0 0.525521 0.657422 0.006250 0.005469
0 0.519531 0.675000 0.021354 0.029687
0 0.466927 0.669922 0.019271 0.025781
0 0.455208 0.673047 0.008333 0.017969
0 0.447396 0.674609 0.012500 0.013281
0 0.439323 0.673828 0.005729 0.014844
0 0.404427 0.674609 0.013021 0.016406
0 0.388281 0.676953 0.023438 0.036719
0 0.367188 0.683594 0.033333 0.053125
0 0.312240 0.705078 0.104688 0.119531
0 0.254167 0.693359 0.054167 0.072656
4 0.482813 0.666016 0.005208 0.022656
7 0.541406 0.675781 0.006771 0.043750
2 0.315625 0.590234 0.031250 0.035156
2 0.370312 0.578906 0.035417 0.050000
2 0.342708 0.627344 0.016667 0.018750
2 0.342708 0.641016 0.015625 0.008594
2 0.346354 0.648438 0.012500 0.018750
2 0.426823 0.659766 0.004687 0.010156
2 0.084375 0.668359 0.005208 0.017969