0 0.868229 0.817969 0.163542 0.146875
0 0.762500 0.754297 0.050000 0.050781
0 0.694271 0.757031 0.066667 0.039062
0 0.651042 0.739844 0.030208 0.020313
0 0.637240 0.745703 0.049479 0.032031
0 0.602865 0.747656 0.038021 0.045312
0 0.575781 0.742969 0.017188 0.046875
0 0.523177 0.732422 0.015104 0.041406
0 0.514583 0.723047 0.014583 0.024219
0 0.507552 0.730469 0.013021 0.040625
0 0.463542 0.726562 0.055208 0.067187
0 0.404427 0.704297 0.014063 0.017969
0 0.254167 0.691406 0.012500 0.026562
0 0.235156 0.689063 0.028646 0.029687
0 0.150260 0.694531 0.065104 0.053125
0 0.018229 0.693359 0.036458 0.094531
0 0.494792 0.730078 0.022917 0.049219
6 0.548698 0.700391 0.028646 0.013281
4 0.963021 0.814063 0.037500 0.115625
4 0.947917 0.796484 0.012500 0.039844
4 0.919010 0.758203 0.016146 0.039844
3 0.832552 0.832031 0.121354 0.335938
3 0.763021 0.781250 0.045833 0.103125
3 0.649740 0.751563 0.016146 0.054688
3 0.632552 0.748437 0.016146 0.046875
3 0.551042 0.763281 0.054167 0.175000
3 0.262760 0.693750 0.010937 0.034375
3 0.240104 0.696094 0.018750 0.054688
1 0.558073 0.673437 0.002604 0.009375
1 0.541667 0.673047 0.002083 0.008594
1 0.526042 0.669922 0.002083 0.008594
1 0.509115 0.670312 0.002604 0.009375
1 0.735938 0.692969 0.008333 0.029687
1 0.634635 0.648828 0.005729 0.019531
2 0.994271 0.817578 0.011458 0.024219
2 0.965885 0.707422 0.068229 0.050781
2 0.897917 0.674609 0.020833 0.027344
2 0.898958 0.701953 0.020833 0.027344
2 0.403125 0.671875 0.012500 0.023438