0 0.080729 0.716016 0.064583 0.114844
0 0.205729 0.701562 0.089583 0.075000
0 0.269010 0.696484 0.048438 0.061719
0 0.375781 0.680469 0.020313 0.025000
0 0.388021 0.679297 0.008333 0.022656
0 0.404167 0.676953 0.013542 0.016406
0 0.428646 0.673828 0.013542 0.014844
0 0.455990 0.673438 0.021354 0.015625
0 0.469531 0.673047 0.008854 0.013281
0 0.488802 0.671094 0.013021 0.026562
0 0.479948 0.675391 0.005729 0.016406
0 0.509896 0.682422 0.026042 0.036719
0 0.523698 0.690625 0.033854 0.043750
0 0.884896 0.826172 0.230208 0.347656
0 0.473958 0.671875 0.008333 0.010937
4 0.414583 0.669531 0.003125 0.010937
3 0.029687 0.727734 0.059375 0.219531
1 0.437760 0.621875 0.002604 0.012500
1 0.404948 0.651953 0.002604 0.008594
2 0.444792 0.653906 0.003125 0.004687
2 0.433073 0.664453 0.003646 0.005469
2 0.534896 0.648047 0.007292 0.011719
2 0.433333 0.673828 0.003125 0.011719
2 0.439583 0.675391 0.002083 0.008594
2 0.443490 0.671094 0.001563 0.007812
2 0.725521 0.631250 0.008333 0.029687