0 0.010417 0.835547 0.020833 0.080469
0 0.096354 0.818750 0.122917 0.078125
0 0.178906 0.810547 0.060937 0.060156
0 0.226042 0.805859 0.037500 0.041406
0 0.263281 0.802734 0.032813 0.038281
0 0.285938 0.804297 0.025000 0.036719
0 0.305208 0.803125 0.025000 0.035937
0 0.323177 0.802344 0.010937 0.034375
0 0.325781 0.802344 0.015104 0.034375
0 0.355469 0.799609 0.005729 0.025781
0 0.360677 0.796484 0.015104 0.024219
0 0.370833 0.789453 0.007292 0.010156
0 0.411198 0.785937 0.008854 0.007812
0 0.484896 0.798438 0.013542 0.029687
0 0.503385 0.805859 0.033854 0.049219
0 0.530990 0.795703 0.026562 0.046094
0 0.517188 0.790625 0.004167 0.009375
0 0.545573 0.796094 0.004687 0.017188
0 0.552865 0.798438 0.006771 0.021875
0 0.559635 0.799609 0.014063 0.024219
0 0.566406 0.803125 0.008854 0.028125
0 0.572135 0.803906 0.013021 0.031250
0 0.583073 0.804297 0.023438 0.036719
0 0.590625 0.806250 0.018750 0.034375
0 0.603646 0.809766 0.035417 0.039844
0 0.679948 0.827344 0.060937 0.075000
0 0.738281 0.839063 0.102604 0.093750
0 0.853385 0.861719 0.151562 0.142187
0 0.933594 0.878125 0.132812 0.171875
0 0.426042 0.793359 0.005208 0.010156
0 0.448958 0.789453 0.003125 0.007031
0 0.457813 0.789062 0.005208 0.006250
4 0.316927 0.795313 0.007812 0.037500
4 0.344531 0.808203 0.027604 0.099219
4 0.624479 0.791016 0.005208 0.010156
3 0.191927 0.811328 0.032813 0.083594
1 0.471094 0.761719 0.003646 0.010937
1 0.516406 0.713672 0.004687 0.007031
2 0.462760 0.762109 0.006771 0.011719