0 0.950521 0.719141 0.098958 0.124219
0 0.593750 0.662891 0.019792 0.008594
0 0.568490 0.661719 0.027604 0.017188
0 0.535156 0.658984 0.020313 0.014844
0 0.527344 0.653906 0.006771 0.007812
0 0.508073 0.656250 0.006771 0.010937
0 0.499479 0.657031 0.007292 0.010937
0 0.489844 0.657422 0.013021 0.014844
0 0.439323 0.654297 0.016146 0.030469
0 0.412760 0.660547 0.005729 0.021094
0 0.420052 0.656641 0.010937 0.014844
0 0.402083 0.664844 0.025000 0.029687
0 0.358333 0.667578 0.017708 0.028906
0 0.332813 0.684766 0.054167 0.064844
0 0.263802 0.651953 0.006771 0.003906
0 0.228385 0.651953 0.014063 0.005469
0 0.108854 0.680859 0.082292 0.050781
0 0.040365 0.656250 0.032813 0.010937
4 0.481510 0.658594 0.005729 0.025000
4 0.459115 0.653516 0.003646 0.017969
4 0.428906 0.659766 0.004687 0.021094
2 0.276302 0.550391 0.033854 0.039844
2 0.320052 0.548828 0.047396 0.039844
2 0.369792 0.547656 0.052083 0.042188
2 0.418490 0.540234 0.045312 0.052344
2 0.427083 0.617578 0.012500 0.014844
2 0.449219 0.614453 0.014063 0.021094
2 0.437500 0.634766 0.006250 0.008594
2 0.473958 0.626953 0.004167 0.035156
2 0.519792 0.660938 0.012500 0.045312
2 0.561198 0.665625 0.002604 0.010937
2 0.355208 0.647656 0.002083 0.006250