0 0.547396 0.790234 0.008333 0.021094
0 0.552083 0.792969 0.010417 0.026562
0 0.558594 0.794141 0.010937 0.030469
0 0.558333 0.797656 0.008333 0.029687
0 0.573958 0.793750 0.031250 0.045312
0 0.580990 0.800391 0.031771 0.039844
0 0.665625 0.828516 0.085417 0.110156
0 0.746615 0.861328 0.170313 0.160156
0 0.901823 0.885156 0.196354 0.229687
0 0.489844 0.787500 0.016146 0.020313
0 0.483333 0.787109 0.012500 0.021094
0 0.478385 0.789453 0.014063 0.027344
0 0.467448 0.791016 0.019271 0.032031
0 0.459115 0.790234 0.027604 0.038281
0 0.452083 0.791797 0.016667 0.039844
0 0.444531 0.798828 0.017188 0.035156
0 0.419792 0.792578 0.048958 0.049219
0 0.413802 0.799609 0.031771 0.055469
0 0.387500 0.798828 0.053125 0.066406
0 0.374479 0.802734 0.037500 0.069531
0 0.357812 0.805859 0.044792 0.077344
0 0.324219 0.810547 0.077604 0.089844
0 0.313802 0.819531 0.054688 0.103125
0 0.266406 0.825781 0.094271 0.135937
0 0.148698 0.828125 0.179688 0.187500
0 0.068490 0.860547 0.136979 0.255469
4 0.604427 0.808984 0.010937 0.042969
4 0.603646 0.786719 0.010417 0.021875
1 0.650000 0.207813 0.034375 0.125000