0 0.009115 0.666016 0.018229 0.028906
0 0.038802 0.683203 0.009896 0.072656
0 0.108594 0.670312 0.035937 0.054688
0 0.236458 0.654297 0.013542 0.025781
0 0.938021 0.692187 0.123958 0.179688
0 0.895052 0.630859 0.046354 0.044531
0 0.804427 0.701953 0.235937 0.194531
0 0.676562 0.671875 0.105208 0.110937
0 0.681771 0.635156 0.029167 0.018750
0 0.640625 0.627734 0.014583 0.011719
0 0.631250 0.635547 0.026042 0.027344
0 0.610417 0.637500 0.047917 0.023438
0 0.597135 0.654297 0.069271 0.083594
0 0.559115 0.645313 0.038021 0.045312
0 0.515885 0.644531 0.034896 0.045312
0 0.534115 0.641406 0.024479 0.037500
0 0.477083 0.651563 0.047917 0.054688
0 0.485417 0.626953 0.019792 0.014844
0 0.451823 0.640234 0.024479 0.036719
0 0.438281 0.635938 0.017188 0.034375
0 0.300521 0.646094 0.009375 0.017188
0 0.266406 0.689844 0.075521 0.092188
0 0.300260 0.635547 0.010937 0.003906
6 0.326823 0.628906 0.021354 0.015625
3 0.182292 0.653125 0.023958 0.040625
3 0.733594 0.623437 0.018229 0.034375
3 0.498698 0.629688 0.008854 0.021875
2 0.160417 0.548047 0.013542 0.069531
2 0.331250 0.604297 0.007292 0.033594
2 0.412760 0.625000 0.003646 0.018750
2 0.427604 0.624219 0.004167 0.014063
2 0.433073 0.623437 0.002604 0.012500
2 0.434896 0.623047 0.002083 0.010156
2 0.666406 0.611328 0.007812 0.007031
2 0.622917 0.617969 0.004167 0.009375
2 0.560417 0.605078 0.021875 0.016406
2 0.558073 0.587500 0.020313 0.017188
2 0.298958 0.620703 0.012500 0.007031