0 0.834896 0.810937 0.330208 0.378125
0 0.732812 0.685547 0.051042 0.049219
0 0.654948 0.718359 0.127604 0.150781
0 0.556250 0.667188 0.010417 0.015625
0 0.584115 0.696094 0.057813 0.087500
0 0.542969 0.702734 0.039062 0.121094
0 0.451302 0.683594 0.016146 0.050000
0 0.462760 0.693359 0.028646 0.077344
0 0.373437 0.697656 0.043750 0.098437
5 0.287760 0.644922 0.027604 0.063281
7 0.436458 0.678906 0.008333 0.045312
3 0.028906 0.834375 0.057813 0.331250
3 0.339323 0.751563 0.092188 0.312500
3 0.409896 0.720703 0.059375 0.214844
3 0.501823 0.728125 0.078646 0.276562
1 0.648438 0.623437 0.008333 0.010937