0 0.688542 0.706250 0.013542 0.012500
0 0.685677 0.702344 0.009896 0.009375
0 0.671615 0.702344 0.009896 0.009375
0 0.652344 0.699609 0.013021 0.010156
0 0.598438 0.721094 0.018750 0.023438
0 0.591146 0.699219 0.007292 0.009375
0 0.582552 0.694922 0.006771 0.005469
0 0.585938 0.703906 0.007292 0.010937
0 0.579167 0.708203 0.011458 0.013281
0 0.574479 0.716016 0.014583 0.016406
0 0.544531 0.751563 0.045312 0.050000
0 0.461458 0.763281 0.073958 0.071875
0 0.355469 0.762109 0.086979 0.072656
5 0.455469 0.721484 0.085938 0.111719
4 0.736979 0.707812 0.004167 0.015625
3 0.781250 0.748828 0.016667 0.053906
1 0.177604 0.654297 0.012500 0.035156
1 0.855469 0.541406 0.011979 0.046875
1 0.810417 0.544141 0.012500 0.046094
1 0.936198 0.694141 0.010937 0.025781
1 0.159115 0.450781 0.023438 0.067187
1 0.104688 0.424609 0.025000 0.074219
2 0.894271 0.664453 0.055208 0.038281
2 0.792188 0.721875 0.003125 0.012500
2 0.763542 0.713672 0.002083 0.007031
2 0.654427 0.708594 0.001563 0.007812
2 0.635938 0.721094 0.003125 0.012500