0 0.463281 0.761719 0.180729 0.237500
0 0.537240 0.701172 0.031771 0.067969
0 0.544010 0.672656 0.011979 0.010937
0 0.565885 0.692188 0.044271 0.053125
0 0.627083 0.706250 0.078125 0.076563
0 0.661979 0.700000 0.028125 0.057813
0 0.687240 0.696094 0.049479 0.051562
0 0.703385 0.696484 0.047396 0.060156
0 0.831510 0.781641 0.336979 0.277344
0 0.457812 0.684375 0.043750 0.039062
0 0.300521 0.680859 0.012500 0.019531
0 0.283854 0.682422 0.031250 0.019531
0 0.268229 0.677344 0.016667 0.010937
0 0.250781 0.671484 0.022396 0.007031
0 0.247135 0.691406 0.050521 0.034375
0 0.221354 0.673438 0.017708 0.006250
0 0.222656 0.685156 0.017188 0.017188
0 0.199479 0.694141 0.047917 0.033594
0 0.175260 0.678516 0.027604 0.022656
0 0.192188 0.672266 0.025000 0.011719
0 0.115625 0.667969 0.031250 0.012500
0 0.123177 0.715234 0.114062 0.097656
0 0.042188 0.708984 0.065625 0.046094
3 0.044792 0.703906 0.034375 0.056250
1 0.475781 0.592969 0.003646 0.015625
1 0.529948 0.636328 0.003646 0.016406
2 0.352083 0.690234 0.005208 0.016406
2 0.248177 0.712891 0.017188 0.041406
2 0.782552 0.587500 0.036979 0.048438
2 0.549479 0.648438 0.009375 0.017188
2 0.538021 0.656250 0.014583 0.012500
2 0.529688 0.657813 0.002083 0.015625
2 0.457813 0.597656 0.005208 0.007812