0 0.883073 0.758984 0.193229 0.167969
0 0.742708 0.764844 0.246875 0.225000
0 0.644271 0.703906 0.064583 0.045312
0 0.508854 0.714844 0.018750 0.029687
0 0.498438 0.707031 0.027083 0.043750
0 0.487240 0.700781 0.004687 0.012500
0 0.474740 0.703906 0.022396 0.039062
0 0.430729 0.703125 0.088542 0.057813
0 0.489844 0.812500 0.364063 0.375000
0 0.288021 0.700000 0.008333 0.017188
0 0.264583 0.700391 0.042708 0.024219
0 0.236979 0.706250 0.019792 0.015625
0 0.199219 0.719141 0.067187 0.058594
0 0.168750 0.709766 0.029167 0.030469
0 0.157552 0.703125 0.013021 0.014063
0 0.153906 0.715625 0.006771 0.020313
5 0.079948 0.685938 0.159896 0.201563
2 0.443229 0.667187 0.015625 0.012500
2 0.385156 0.632422 0.004687 0.007031
2 0.343750 0.553516 0.010417 0.014844
2 0.340365 0.701953 0.008854 0.021094
2 0.425260 0.666797 0.019271 0.011719
2 0.406510 0.667578 0.016146 0.011719