0 0.551042 0.805078 0.495833 0.389844
0 0.392708 0.727344 0.123958 0.101562
0 0.472396 0.696484 0.038542 0.028906
0 0.344792 0.717969 0.028125 0.043750
0 0.318490 0.715625 0.014063 0.028125
0 0.294792 0.720313 0.039583 0.050000
0 0.335938 0.685938 0.011458 0.006250
0 0.045312 0.712109 0.090625 0.049219
4 0.343750 0.684766 0.003125 0.008594
3 0.328906 0.713672 0.009896 0.036719
1 0.318229 0.483203 0.013542 0.052344
2 0.359635 0.669141 0.013021 0.010156
2 0.360938 0.681250 0.015625 0.010937
2 0.030990 0.733594 0.016146 0.060937
2 0.121615 0.727734 0.009896 0.033594
2 0.155990 0.714063 0.006771 0.023438
2 0.213281 0.687500 0.011979 0.017188
2 0.240365 0.698437 0.003646 0.012500
2 0.526823 0.563672 0.017188 0.067969