0 0.453385 0.682031 0.068229 0.053125
0 0.531771 0.685937 0.051042 0.059375
0 0.553646 0.668359 0.034375 0.033594
0 0.581771 0.665625 0.029167 0.028125
0 0.595833 0.664453 0.009375 0.024219
0 0.614063 0.664453 0.021875 0.021094
0 0.672135 0.662109 0.017188 0.014844
0 0.654687 0.662891 0.022917 0.024219
0 0.405729 0.666016 0.019792 0.021094
0 0.380469 0.669141 0.029687 0.033594
0 0.346354 0.671094 0.038542 0.026562
0 0.217708 0.673438 0.037500 0.023438
0 0.191927 0.676563 0.024479 0.029687
0 0.142187 0.685156 0.031250 0.031250
0 0.128125 0.681250 0.039583 0.031250
0 0.081510 0.683594 0.071354 0.040625
0 0.024219 0.682422 0.048438 0.046094
0 0.915104 0.837891 0.169792 0.324219
3 0.652865 0.660156 0.007812 0.020313
1 0.786719 0.452734 0.026562 0.036719
2 0.973958 0.503125 0.052083 0.112500
2 0.644531 0.571094 0.018229 0.053125
2 0.222656 0.548828 0.048438 0.049219
2 0.220052 0.590234 0.054688 0.047656