0 0.573177 0.766797 0.182812 0.252344
0 0.694271 0.743359 0.059375 0.074219
0 0.899219 0.804297 0.167187 0.189844
0 0.968229 0.779687 0.063542 0.090625
0 0.729427 0.735156 0.011979 0.035937
0 0.188542 0.673047 0.094792 0.067969
0 0.337500 0.673047 0.041667 0.030469
0 0.931510 0.733984 0.048438 0.028906
6 0.756510 0.719922 0.050521 0.086719
6 0.663281 0.700391 0.038021 0.021094
3 0.792708 0.796875 0.104167 0.264062
3 0.079687 0.651562 0.059375 0.118750
3 0.022656 0.644141 0.045312 0.147656
2 0.332552 0.639844 0.003646 0.018750