0 0.041146 0.656641 0.082292 0.030469
0 0.071094 0.648047 0.046354 0.021094
0 0.217969 0.720703 0.214062 0.205469
0 0.395573 0.667969 0.041146 0.048438
0 0.433073 0.662109 0.028646 0.036719
0 0.463281 0.666406 0.032813 0.045312
0 0.495312 0.658594 0.009375 0.014063
0 0.504167 0.663281 0.013542 0.026562
0 0.525000 0.671875 0.044792 0.053125
0 0.557031 0.661328 0.016146 0.019531
0 0.660938 0.692578 0.100000 0.089844
0 0.829948 0.687500 0.150521 0.110937
0 0.145573 0.656641 0.036979 0.028906
0 0.479687 0.662500 0.007292 0.025000
0 0.482292 0.658594 0.006250 0.015625
0 0.446875 0.664453 0.006250 0.028906
0 0.377604 0.655469 0.008333 0.009375
0 0.307812 0.656250 0.015625 0.012500
0 0.252083 0.655469 0.026042 0.015625
0 0.235156 0.658203 0.013021 0.010156
0 0.193229 0.650781 0.045833 0.015625
5 0.551042 0.651172 0.015625 0.025781
3 0.605208 0.663672 0.010417 0.036719
2 0.495052 0.629688 0.010937 0.010937
2 0.509635 0.629297 0.006771 0.010156
2 0.524479 0.619531 0.020833 0.015625
2 0.349219 0.519922 0.006771 0.008594
2 0.339844 0.235156 0.241146 0.170313
2 0.610417 0.244531 0.229167 0.157812
2 0.880990 0.249609 0.238021 0.150781
2 0.411458 0.577734 0.003125 0.005469