0 0.813542 0.812891 0.372917 0.374219
0 0.559375 0.724219 0.112500 0.125000
0 0.501823 0.716016 0.039062 0.075781
0 0.475000 0.706250 0.007292 0.012500
0 0.468229 0.696484 0.018750 0.008594
0 0.451823 0.707812 0.011979 0.015625
0 0.426823 0.707031 0.017188 0.042188
0 0.413802 0.710547 0.040104 0.049219
0 0.393750 0.709766 0.007292 0.019531
0 0.388542 0.706250 0.011458 0.017188
0 0.354167 0.721094 0.079167 0.095312
0 0.223958 0.771484 0.240625 0.235156
5 0.430469 0.687891 0.031771 0.072656
4 0.480208 0.707031 0.006250 0.028125
1 0.419531 0.547266 0.007812 0.036719
2 0.561979 0.616406 0.009375 0.037500
2 0.491146 0.679297 0.004167 0.011719
2 0.411719 0.675391 0.006771 0.019531