0 0.058073 0.685547 0.116146 0.116406
0 0.169010 0.682813 0.128646 0.100000
0 0.302083 0.668359 0.075000 0.061719
0 0.348177 0.665234 0.053646 0.052344
0 0.396615 0.660547 0.035937 0.039844
0 0.423177 0.658594 0.022396 0.029687
0 0.443750 0.657031 0.018750 0.026562
0 0.548698 0.651953 0.009896 0.021094
0 0.547135 0.654687 0.010937 0.017188
0 0.557812 0.655078 0.008333 0.011719
0 0.532292 0.668359 0.036458 0.055469
0 0.489062 0.701172 0.104167 0.138281
0 0.567708 0.655078 0.007292 0.011719
0 0.582552 0.657813 0.006771 0.014063
0 0.585677 0.661328 0.008854 0.022656
0 0.604687 0.661719 0.013542 0.021875
0 0.611719 0.668750 0.019271 0.032813
0 0.635156 0.673047 0.032813 0.041406
0 0.656250 0.681641 0.029167 0.057031
0 0.676042 0.687109 0.039583 0.067969
0 0.712500 0.694922 0.071875 0.080469
0 0.809896 0.721484 0.162500 0.149219
4 0.621875 0.667578 0.011458 0.039844
3 0.574479 0.666016 0.012500 0.049219
3 0.592969 0.666797 0.016146 0.049219
2 0.684115 0.633984 0.013021 0.021094