0 0.272135 0.677734 0.030729 0.017969
0 0.397656 0.672656 0.025521 0.012500
0 0.413281 0.674219 0.013021 0.009375
0 0.131510 0.762500 0.259896 0.254688
0 0.458594 0.689063 0.051562 0.067187
0 0.519531 0.699609 0.081771 0.100781
0 0.560417 0.688672 0.029167 0.057031
0 0.572656 0.680859 0.011979 0.033594
0 0.597917 0.680078 0.003125 0.016406
0 0.621875 0.686328 0.050000 0.072656
0 0.732812 0.763281 0.237500 0.264062
0 0.598177 0.676562 0.005729 0.017188
3 0.583594 0.689063 0.029687 0.084375
2 0.399219 0.609766 0.027604 0.041406