0 0.019792 0.879297 0.039583 0.241406
0 0.095313 0.740234 0.178125 0.158594
0 0.148438 0.655859 0.012500 0.013281
0 0.173958 0.648047 0.009375 0.011719
0 0.172135 0.633594 0.006771 0.009375
0 0.178906 0.641016 0.008854 0.010156
0 0.174479 0.616797 0.006250 0.007031
0 0.230729 0.747266 0.154167 0.164844
0 0.385937 0.737891 0.171875 0.296094
0 0.485156 0.709766 0.035937 0.044531
0 0.499219 0.722656 0.063021 0.085938
0 0.559115 0.748828 0.110937 0.149219
0 0.772917 0.827344 0.454167 0.345313
1 0.152083 0.573828 0.003125 0.005469
1 0.158854 0.574219 0.003125 0.006250
2 0.238281 0.544531 0.007812 0.010937