0 0.989323 0.789453 0.021354 0.039844
0 0.988021 0.850781 0.023958 0.100000
0 0.932031 0.775781 0.111979 0.095312
0 0.864063 0.759375 0.092708 0.065625
0 0.815104 0.745703 0.017708 0.036719
0 0.743750 0.766797 0.155208 0.169531
0 0.655729 0.741016 0.010417 0.042969
0 0.576562 0.750000 0.063542 0.103125
0 0.572396 0.716797 0.021875 0.013281
0 0.541667 0.730078 0.031250 0.052344
0 0.508333 0.732031 0.065625 0.095312
0 0.472917 0.717578 0.016667 0.028906
0 0.186979 0.710938 0.023958 0.048438
0 0.314323 0.704688 0.006771 0.018750
4 0.988542 0.741016 0.022917 0.064844
4 0.920573 0.767578 0.024479 0.124219
4 0.847396 0.728516 0.014583 0.050781
4 0.812760 0.726562 0.003646 0.006250
4 0.091927 0.714062 0.029687 0.087500
4 0.661719 0.731250 0.004687 0.025000
3 0.858594 0.780078 0.065104 0.171094
3 0.627604 0.749609 0.080208 0.277344
3 0.281771 0.705469 0.012500 0.037500
2 0.885156 0.689062 0.009896 0.025000