0 0.414323 0.796094 0.219271 0.270313
0 0.553125 0.743750 0.069792 0.092188
0 0.520313 0.721094 0.018750 0.034375
0 0.530208 0.697266 0.011458 0.013281
0 0.508594 0.696094 0.013021 0.014063
0 0.585677 0.731250 0.009896 0.037500
0 0.586979 0.678516 0.007292 0.010156
0 0.590104 0.672266 0.007292 0.010156
0 0.584115 0.662500 0.005729 0.007812
0 0.579948 0.673047 0.006771 0.010156
0 0.574479 0.666797 0.007292 0.008594
0 0.574479 0.655859 0.005208 0.007031
0 0.570573 0.652344 0.005729 0.006250
0 0.568750 0.650781 0.004167 0.006250
0 0.565885 0.648828 0.004687 0.005469
0 0.545573 0.648828 0.004687 0.005469
0 0.550260 0.650000 0.005729 0.006250
0 0.556771 0.650781 0.004167 0.006250
0 0.560417 0.653125 0.005208 0.006250
0 0.552604 0.653906 0.005208 0.006250
0 0.556510 0.657031 0.004687 0.001563
0 0.537240 0.674609 0.007812 0.010156
0 0.531771 0.679297 0.008333 0.011719
0 0.528385 0.682422 0.009896 0.011719
0 0.546875 0.678906 0.008333 0.014063
0 0.498958 0.681641 0.010417 0.013281
0 0.497396 0.662891 0.005208 0.008594
0 0.521354 0.668750 0.007292 0.009375
0 0.532813 0.662109 0.006250 0.008594
0 0.534635 0.657813 0.004687 0.006250
0 0.531510 0.653906 0.004687 0.006250
0 0.521615 0.661719 0.005729 0.004687
0 0.507552 0.658984 0.004687 0.007031
0 0.521354 0.657422 0.005208 0.003906
0 0.506510 0.678125 0.007812 0.010937
0 0.509635 0.664062 0.006771 0.009375
0 0.511458 0.663281 0.006250 0.010937
0 0.512500 0.657031 0.005208 0.004687
0 0.511979 0.653516 0.005208 0.003906
0 0.513021 0.651563 0.005208 0.006250
0 0.503385 0.650781 0.004687 0.004687
0 0.505729 0.649609 0.003125 0.003906
0 0.495312 0.649219 0.004167 0.006250
0 0.517708 0.649609 0.004167 0.005469
5 0.583854 0.716016 0.027083 0.055469
5 0.554948 0.668750 0.010937 0.021875
5 0.551302 0.690234 0.011979 0.014844
5 0.489063 0.660156 0.011458 0.021875
5 0.499740 0.646875 0.004687 0.006250
5 0.523438 0.652734 0.007292 0.011719
5 0.527083 0.649219 0.005208 0.007812
3 0.576562 0.651172 0.003125 0.007031
2 0.509896 0.694141 0.002083 0.010156
2 0.292448 0.633203 0.008854 0.035156
2 0.371094 0.653906 0.005729 0.025000
2 0.559896 0.682031 0.006250 0.009375
2 0.528385 0.629297 0.007812 0.005469
2 0.541927 0.629687 0.007812 0.004687