0 0.487760 0.800781 0.044271 0.059375
0 0.530208 0.792578 0.032292 0.042969
0 0.588542 0.809375 0.046875 0.059375
0 0.241406 0.787891 0.074479 0.047656
0 0.298698 0.787891 0.021354 0.027344
0 0.371094 0.783203 0.016146 0.016406
0 0.282812 0.784766 0.019792 0.022656
0 0.562500 0.793750 0.018750 0.020313
0 0.509115 0.785547 0.004687 0.007031
6 0.719792 0.772266 0.134375 0.128906
6 0.617448 0.784766 0.045312 0.061719
4 0.564062 0.793359 0.005208 0.024219
4 0.969531 0.832031 0.024479 0.117188
4 0.925521 0.827344 0.028125 0.090625
4 0.893750 0.829297 0.019792 0.086719
4 0.821875 0.817187 0.016667 0.075000
2 0.357812 0.683984 0.021875 0.049219