0 0.699479 0.742578 0.247917 0.244531
0 0.459896 0.657422 0.008333 0.017969
0 0.468490 0.659375 0.015104 0.025000
0 0.492188 0.662500 0.041667 0.051562
0 0.436979 0.657031 0.029167 0.039062
0 0.392187 0.637500 0.014583 0.014063
0 0.304427 0.658984 0.058854 0.063281
0 0.348437 0.659375 0.026042 0.034375
2 0.811979 0.635938 0.008333 0.026562
2 0.957812 0.638281 0.011458 0.039062
2 0.580990 0.641406 0.001563 0.007812
2 0.407292 0.639844 0.003125 0.012500
2 0.416406 0.643750 0.002604 0.007812
2 0.421615 0.657813 0.001563 0.007812
2 0.377344 0.625000 0.007812 0.028125
2 0.213021 0.642187 0.022917 0.087500
2 0.185156 0.642188 0.002604 0.012500