0 0.916406 0.837891 0.167187 0.324219
0 0.713802 0.744141 0.118229 0.117969
0 0.660417 0.716406 0.012500 0.039062
0 0.548698 0.741406 0.089063 0.121875
0 0.586458 0.713672 0.013542 0.035156
0 0.600781 0.707812 0.007812 0.017188
0 0.594792 0.707422 0.005208 0.016406
0 0.588542 0.702344 0.004167 0.010937
0 0.502083 0.691406 0.031250 0.026562
0 0.488542 0.707031 0.050000 0.070312
0 0.449219 0.720313 0.051562 0.075000
0 0.395833 0.728906 0.088542 0.106250
0 0.249740 0.771484 0.274479 0.228906
4 0.648698 0.717969 0.023438 0.092188
3 0.628646 0.755078 0.052083 0.191406
2 0.086979 0.698828 0.026042 0.082031