0 0.938542 0.816016 0.122917 0.316406
0 0.840885 0.747656 0.215104 0.218750
0 0.717969 0.720703 0.103646 0.139844
0 0.673438 0.693750 0.085417 0.120313
0 0.627083 0.687500 0.019792 0.062500
0 0.592708 0.700000 0.069792 0.100000
0 0.520052 0.713281 0.109896 0.139063
0 0.520573 0.667578 0.016146 0.019531
0 0.488281 0.691016 0.052604 0.080469
0 0.408594 0.701953 0.106771 0.116406
0 0.263021 0.752734 0.252083 0.225781
4 0.975000 0.664453 0.019792 0.047656
4 0.933854 0.666016 0.011458 0.030469
4 0.350781 0.666016 0.019271 0.027344
4 0.293229 0.672656 0.006250 0.021875
2 0.638802 0.635547 0.010937 0.016406