0 0.438542 0.707422 0.012500 0.016406
0 0.448698 0.710547 0.015104 0.019531
0 0.080208 0.669141 0.109375 0.053906
0 0.178906 0.688281 0.077604 0.035937
0 0.227865 0.689063 0.031771 0.034375
0 0.280469 0.700000 0.011979 0.018750
0 0.475000 0.719141 0.008333 0.014844
0 0.766146 0.769922 0.086458 0.108594
0 0.940104 0.776563 0.119792 0.195312
0 0.873698 0.765234 0.080729 0.080469
0 0.844531 0.757031 0.059896 0.081250
0 0.812760 0.753125 0.020313 0.048438
0 0.803906 0.737109 0.006771 0.011719
0 0.724740 0.743359 0.006771 0.021094
0 0.738802 0.735156 0.011979 0.007812
0 0.682292 0.748828 0.043750 0.055469
0 0.632812 0.745703 0.017708 0.047656
0 0.572396 0.744922 0.028125 0.058594
0 0.661979 0.727734 0.005208 0.010156
6 0.696354 0.727344 0.032292 0.060937
6 0.669792 0.715234 0.018750 0.011719
4 0.851042 0.769141 0.033333 0.116406
3 0.649219 0.742969 0.023438 0.089063
3 0.715625 0.745313 0.010417 0.039062
3 0.603385 0.755078 0.053646 0.163281
2 0.637760 0.710547 0.003646 0.005469
2 0.637500 0.715625 0.003125 0.004687