0 0.150781 0.865234 0.300521 0.269531
0 0.257031 0.789844 0.084896 0.079687
0 0.293229 0.775000 0.011458 0.009375
0 0.319010 0.788672 0.050521 0.044531
0 0.345573 0.773047 0.008854 0.007031
0 0.350000 0.775000 0.013542 0.007812
0 0.367969 0.788672 0.022396 0.050781
0 0.500000 0.848047 0.325000 0.303906
0 0.727083 0.841016 0.187500 0.214844
0 0.990365 0.931250 0.019271 0.137500
0 0.533594 0.763281 0.011979 0.009375
0 0.532292 0.775391 0.014583 0.014844
3 0.199479 0.769141 0.069792 0.100781
2 0.338021 0.774219 0.003125 0.007812