0 0.873177 0.810937 0.253646 0.378125
0 0.666406 0.731641 0.069271 0.080469
0 0.643229 0.725000 0.048958 0.062500
0 0.615885 0.718750 0.026562 0.046875
0 0.612240 0.715625 0.025521 0.035937
0 0.598177 0.709766 0.014063 0.024219
0 0.596615 0.700000 0.017188 0.010937
0 0.587240 0.721484 0.017188 0.061719
0 0.577344 0.732422 0.032813 0.096094
0 0.564583 0.750000 0.055208 0.129688
0 0.468229 0.800391 0.207292 0.283594
0 0.480208 0.707031 0.023958 0.034375
0 0.469010 0.701172 0.017188 0.024219
0 0.393490 0.699219 0.057813 0.067187
0 0.370833 0.694531 0.017708 0.020313
0 0.294010 0.751953 0.189062 0.178906
0 0.279427 0.691016 0.036979 0.022656
0 0.254427 0.687109 0.013021 0.014844
0 0.205729 0.689844 0.051042 0.039062
0 0.134375 0.811719 0.268750 0.376563
2 0.801302 0.640625 0.020313 0.034375