0 0.049219 0.680469 0.098437 0.076563
0 0.190625 0.691016 0.158333 0.072656
0 0.443750 0.669922 0.006250 0.010156
0 0.445833 0.677344 0.009375 0.025000
0 0.462760 0.684766 0.036979 0.049219
0 0.503385 0.669531 0.014063 0.031250
0 0.649740 0.680859 0.022396 0.041406
0 0.675781 0.701953 0.073438 0.091406
0 0.599479 0.704688 0.092708 0.140625
0 0.520833 0.742578 0.169792 0.227344
0 0.829427 0.675000 0.089063 0.050000
0 0.953646 0.689844 0.092708 0.098437
0 0.821354 0.783594 0.357292 0.362500
0 0.956510 0.920703 0.086979 0.158594
6 0.367188 0.640625 0.168750 0.243750
1 0.453906 0.650000 0.003646 0.012500