0 0.538802 0.619922 0.023438 0.039844
0 0.560156 0.628906 0.043229 0.064062
0 0.591146 0.641016 0.054167 0.105469
0 0.661979 0.659375 0.145833 0.157812
0 0.437500 0.676953 0.153125 0.200781
0 0.499479 0.625000 0.023958 0.076563
0 0.373177 0.611719 0.025521 0.029687
0 0.346094 0.648438 0.058854 0.109375
0 0.289323 0.667969 0.123438 0.167187
0 0.145573 0.712500 0.291146 0.267188
4 0.538802 0.595703 0.005729 0.010156
3 0.507292 0.608984 0.011458 0.028906
3 0.520313 0.620703 0.017708 0.061719
2 0.519792 0.581250 0.003125 0.006250