0 0.196094 0.677344 0.082812 0.064062
0 0.334635 0.668359 0.009896 0.033594
0 0.343229 0.657813 0.018750 0.015625
0 0.355990 0.669531 0.033854 0.035937
0 0.374479 0.666016 0.013542 0.021094
0 0.390104 0.665625 0.013542 0.018750
0 0.402604 0.665625 0.014583 0.021875
0 0.396615 0.655469 0.010937 0.006250
0 0.419271 0.664062 0.007292 0.015625
0 0.425521 0.664844 0.010417 0.018750
0 0.440104 0.662891 0.008333 0.013281
0 0.446354 0.661719 0.007292 0.010937
0 0.468490 0.666016 0.013021 0.044531
0 0.511198 0.707422 0.104688 0.142969
0 0.335677 0.599609 0.022396 0.008594
0 0.283854 0.600781 0.020833 0.007812
0 0.295052 0.600391 0.016146 0.005469
0 0.573177 0.638281 0.018229 0.025000
0 0.582812 0.657422 0.025000 0.033594
0 0.589063 0.647656 0.022917 0.032813
0 0.614844 0.631641 0.016146 0.019531
0 0.621875 0.634766 0.014583 0.021094
0 0.650781 0.631641 0.013021 0.017969
0 0.628646 0.696094 0.075000 0.087500
0 0.863542 0.766016 0.272917 0.285156
0 0.054427 0.671484 0.015104 0.008594
0 0.450260 0.660547 0.009896 0.013281
5 0.289583 0.656250 0.083333 0.101562
3 0.413021 0.662500 0.008333 0.026562
3 0.433333 0.660156 0.008333 0.020313
2 0.529167 0.597656 0.020833 0.046875
2 0.550521 0.622656 0.006250 0.009375