0 0.909635 0.755859 0.180729 0.366406
0 0.771875 0.675391 0.154167 0.155469
0 0.689063 0.651563 0.075000 0.115625
0 0.663021 0.643750 0.057292 0.078125
0 0.640104 0.632422 0.052083 0.072656
0 0.611719 0.630859 0.015104 0.044531
0 0.605208 0.627734 0.016667 0.039844
0 0.594531 0.628125 0.010937 0.034375
0 0.550521 0.627734 0.027083 0.032031
0 0.512240 0.626953 0.024479 0.028906
0 0.492969 0.625781 0.007812 0.018750
0 0.482813 0.625781 0.016667 0.021875
0 0.444271 0.622266 0.028125 0.032031
0 0.413542 0.625000 0.021875 0.043750
0 0.389583 0.626563 0.042708 0.053125
0 0.364844 0.627344 0.020313 0.056250
0 0.261719 0.668750 0.218229 0.201563
0 0.091406 0.653906 0.182812 0.142187
0 0.590104 0.628906 0.006250 0.029687
0 0.585938 0.628125 0.007292 0.025000
0 0.582552 0.627734 0.007812 0.022656
0 0.578125 0.627734 0.006250 0.019531
4 0.502083 0.617578 0.004167 0.013281
2 0.374219 0.572656 0.003646 0.015625