0 0.406510 0.781250 0.005729 0.003125
0 0.390104 0.783203 0.021875 0.007031
0 0.415625 0.781250 0.017708 0.009375
0 0.450000 0.794531 0.014583 0.026562
0 0.444271 0.794922 0.005208 0.027344
0 0.436458 0.797266 0.016667 0.032031
0 0.415104 0.787500 0.013542 0.014063
0 0.401042 0.796484 0.021875 0.030469
0 0.349740 0.796484 0.032813 0.035156
0 0.377865 0.798047 0.031771 0.033594
0 0.423698 0.799609 0.029687 0.035156
0 0.494010 0.794922 0.024479 0.021094
0 0.508333 0.792969 0.014583 0.017188
0 0.516927 0.783984 0.005729 0.005469
0 0.519531 0.791797 0.009896 0.014844
0 0.523958 0.797656 0.015625 0.020313
0 0.541406 0.792578 0.011979 0.011719
0 0.551042 0.794531 0.011458 0.015625
0 0.556771 0.796484 0.010417 0.017969
0 0.564323 0.796875 0.020313 0.017188
0 0.925781 0.839453 0.077604 0.021094
5 0.539062 0.783203 0.010417 0.014844
4 0.538021 0.793750 0.004167 0.017188
4 0.542448 0.792969 0.003646 0.020313
4 0.544531 0.793359 0.004687 0.019531
4 0.623698 0.803125 0.004687 0.020313
4 0.648698 0.805469 0.013021 0.037500
4 0.677344 0.820703 0.009896 0.039844
4 0.671094 0.819531 0.014063 0.057813
4 0.728385 0.825000 0.017188 0.056250
3 0.531510 0.798828 0.008854 0.030469
1 0.112500 0.389453 0.090625 0.246094
1 0.262760 0.742969 0.006771 0.017188
1 0.820052 0.742188 0.011979 0.031250
1 0.806510 0.729297 0.017188 0.057031
1 0.563281 0.671094 0.006771 0.028125
1 0.594531 0.673438 0.006771 0.028125
1 0.455729 0.746875 0.008333 0.029687
1 0.463542 0.746094 0.007292 0.029687
1 0.797656 0.729688 0.013021 0.053125
1 0.651302 0.764844 0.005729 0.015625
2 0.103385 0.575000 0.088021 0.081250
2 0.247396 0.662500 0.011458 0.025000
2 0.258073 0.697656 0.027604 0.029687
2 0.814063 0.815625 0.010417 0.020313
2 0.816667 0.835938 0.009375 0.026562
2 0.508594 0.714063 0.019271 0.018750
2 0.508073 0.730859 0.020313 0.016406
2 0.571875 0.692187 0.021875 0.020313
2 0.702344 0.734375 0.020313 0.025000