0 0.977083 0.653125 0.045833 0.046875
0 0.886719 0.637109 0.128646 0.069531
0 0.697135 0.590625 0.008854 0.010937
0 0.676302 0.604297 0.019271 0.024219
0 0.663802 0.597656 0.014063 0.018750
0 0.248438 0.597656 0.044792 0.020313
0 0.204687 0.636719 0.136458 0.087500
0 0.154948 0.600391 0.036979 0.017969
0 0.116667 0.622656 0.066667 0.057813
0 0.081771 0.593359 0.044792 0.010156
0 0.065365 0.629297 0.130729 0.074219
0 0.008333 0.613672 0.016667 0.033594
0 0.012760 0.593359 0.025521 0.019531
0 0.704688 0.589844 0.007292 0.007812
3 0.540885 0.615625 0.017188 0.056250
3 0.329688 0.596094 0.009375 0.023438
1 0.743750 0.424219 0.010417 0.039062
1 0.694531 0.430859 0.009896 0.036719
1 0.475000 0.532813 0.008333 0.034375
1 0.031510 0.516797 0.013021 0.035156
1 0.807031 0.524219 0.014063 0.040625
2 0.757812 0.484375 0.012500 0.051562
2 0.760938 0.533984 0.019792 0.053906
2 0.421615 0.429688 0.011979 0.050000
2 0.415104 0.536328 0.054167 0.036719