0 0.487240 0.744531 0.022396 0.025000
0 0.503385 0.737891 0.013021 0.013281
0 0.472135 0.734766 0.010937 0.010156
0 0.342188 0.749609 0.009375 0.010156
0 0.207292 0.748047 0.073958 0.042969
0 0.971094 0.728516 0.057813 0.025781
0 0.722396 0.744531 0.040625 0.040625
0 0.699219 0.744141 0.014063 0.032031
0 0.545833 0.770312 0.087500 0.121875
5 0.407031 0.697656 0.118229 0.218750
3 0.473698 0.741797 0.005729 0.019531
3 0.884375 0.745703 0.037500 0.085156
1 0.491406 0.632422 0.005729 0.022656
2 0.333594 0.744141 0.006771 0.011719