0 0.036198 0.885547 0.072396 0.228906
0 0.130990 0.719531 0.260937 0.257812
0 0.281250 0.678125 0.066667 0.109375
0 0.254167 0.654687 0.027083 0.020313
0 0.367188 0.670312 0.045833 0.065625
0 0.398958 0.664844 0.030208 0.054688
0 0.493490 0.724219 0.202604 0.229687
0 0.583073 0.662891 0.123438 0.155469
0 0.808594 0.789844 0.382812 0.418750
0 0.938021 0.607812 0.123958 0.087500
0 0.666667 0.655078 0.048958 0.050781
0 0.034635 0.642969 0.069271 0.046875
5 0.354427 0.624219 0.035937 0.026562
3 0.328646 0.687891 0.055208 0.189844
3 0.642187 0.643750 0.020833 0.059375
2 0.229167 0.623437 0.003125 0.007812
2 0.260677 0.630078 0.003646 0.014844