0 0.551823 0.805859 0.494271 0.388281
0 0.442969 0.694141 0.075521 0.033594
0 0.481250 0.697266 0.020833 0.025781
0 0.361198 0.708203 0.009896 0.024219
0 0.335156 0.685938 0.010937 0.006250
0 0.359896 0.691406 0.017708 0.009375
0 0.339323 0.691016 0.015104 0.008594
0 0.333854 0.716016 0.018750 0.032031
0 0.283073 0.733984 0.103646 0.111719
0 0.125521 0.724219 0.107292 0.070312
4 0.703906 0.669922 0.032813 0.113281
4 0.743229 0.690234 0.050000 0.180469
1 0.318229 0.483203 0.013542 0.053906
2 0.526823 0.563672 0.017188 0.067969
2 0.359375 0.669141 0.012500 0.010156
2 0.360937 0.680859 0.014583 0.010156
2 0.353385 0.699609 0.003646 0.005469
2 0.213021 0.687500 0.012500 0.017188
2 0.240365 0.699219 0.003646 0.010937
2 0.121615 0.727734 0.008854 0.033594
2 0.031250 0.732813 0.017708 0.060937