0 0.039323 0.723047 0.078646 0.042969
0 0.236198 0.707031 0.084896 0.035937
0 0.339583 0.700781 0.038542 0.017188
0 0.400781 0.696875 0.017188 0.012500
0 0.433073 0.696484 0.015104 0.008594
0 0.549479 0.695312 0.009375 0.017188
0 0.559635 0.697266 0.016146 0.021094
0 0.569010 0.694141 0.011979 0.019531
0 0.577865 0.691797 0.004687 0.007031
0 0.585417 0.697266 0.008333 0.021094
0 0.602344 0.701172 0.032813 0.041406
0 0.626302 0.700391 0.019271 0.027344
0 0.711979 0.730469 0.130208 0.142187
0 0.829167 0.716797 0.101042 0.085156
2 0.482292 0.681250 0.005208 0.021875
2 0.535937 0.685547 0.001042 0.007031
2 0.563281 0.651562 0.002604 0.004687