0 0.443229 0.694141 0.073958 0.033594
0 0.480990 0.696875 0.020313 0.026562
0 0.553646 0.805078 0.492708 0.386719
0 0.266667 0.739062 0.126042 0.132812
0 0.194010 0.722266 0.055729 0.061719
0 0.045312 0.771484 0.090625 0.255469
0 0.335677 0.685938 0.010937 0.006250
0 0.335417 0.713672 0.015625 0.028906
0 0.360156 0.692187 0.017188 0.009375
1 0.318490 0.482812 0.013021 0.053125
2 0.121615 0.727734 0.009896 0.033594
2 0.155729 0.714063 0.007292 0.023438
2 0.213281 0.685547 0.011979 0.013281
2 0.359375 0.668750 0.012500 0.010937
2 0.360677 0.680859 0.015104 0.011719
2 0.353125 0.699609 0.003125 0.005469
2 0.526302 0.563281 0.017188 0.068750