0 0.027344 0.701563 0.054688 0.100000
0 0.164844 0.677734 0.081771 0.063281
0 0.220573 0.671484 0.030729 0.047656
0 0.267969 0.667578 0.030729 0.039844
0 0.289583 0.660547 0.013542 0.021094
0 0.346875 0.655469 0.014583 0.026562
0 0.401302 0.662109 0.028646 0.033594
0 0.411198 0.649609 0.003646 0.008594
0 0.532031 0.632812 0.135937 0.214062
0 0.645573 0.665625 0.094271 0.068750
0 0.763281 0.675391 0.155729 0.111719
7 0.514844 0.702734 0.066146 0.249219
3 0.318229 0.723047 0.064583 0.225781
2 0.238021 0.644922 0.021875 0.032031
2 0.238021 0.682813 0.020833 0.042188
2 0.376823 0.641016 0.003646 0.008594
2 0.377083 0.632422 0.010417 0.007031