0 0.652865 0.779687 0.145313 0.157812
0 0.585156 0.752344 0.048438 0.090625
0 0.555990 0.738281 0.042188 0.056250
0 0.533854 0.727734 0.029167 0.038281
0 0.496875 0.744531 0.056250 0.078125
0 0.414323 0.718359 0.009896 0.017969
0 0.460938 0.771875 0.121875 0.156250
0 0.410938 0.715625 0.009375 0.010937
0 0.386458 0.730469 0.047917 0.062500
0 0.320312 0.743750 0.091667 0.095312
0 0.275781 0.719922 0.031771 0.027344
0 0.233333 0.721484 0.058333 0.033594
0 0.192969 0.714453 0.034896 0.024219
0 0.156771 0.703516 0.016667 0.010156
0 0.043490 0.816797 0.086979 0.257031