0 0.115104 0.733203 0.037500 0.014844
0 0.157031 0.732031 0.021354 0.015625
0 0.015625 0.731250 0.031250 0.018750
0 0.191927 0.763672 0.071354 0.091406
0 0.272396 0.812891 0.182292 0.219531
0 0.350521 0.768750 0.097917 0.104688
0 0.390885 0.740234 0.019271 0.032031
0 0.414062 0.757422 0.042708 0.055469
0 0.436198 0.738281 0.006771 0.007812
0 0.457812 0.769141 0.061458 0.077344
0 0.492448 0.753906 0.022396 0.032813
0 0.504687 0.747656 0.012500 0.021875
0 0.521094 0.742969 0.010937 0.017188
0 0.566927 0.744141 0.008854 0.010156
0 0.575000 0.747656 0.010417 0.012500
0 0.593750 0.742578 0.008333 0.005469
0 0.601302 0.743359 0.007812 0.003906
0 0.581510 0.743750 0.005729 0.006250
0 0.550781 0.745313 0.006771 0.014063
0 0.545833 0.745703 0.008333 0.014844
0 0.540104 0.747266 0.009375 0.017969
0 0.527604 0.746875 0.007292 0.017188
0 0.490625 0.734766 0.005208 0.002344
0 0.496354 0.734766 0.006250 0.002344
0 0.568490 0.705859 0.003646 0.003906
0 0.133333 0.728125 0.003125 0.004687
3 0.521615 0.749609 0.007812 0.028906
3 0.534375 0.752344 0.010417 0.037500
1 0.608073 0.720313 0.002604 0.012500
2 0.138542 0.716406 0.007292 0.026562
2 0.612760 0.710547 0.006771 0.017969
2 0.622135 0.721484 0.009896 0.011719