0 0.505208 0.784375 0.005208 0.007812
0 0.508073 0.783984 0.001563 0.007031
0 0.500521 0.782422 0.005208 0.005469
0 0.516146 0.785156 0.006250 0.007812
0 0.538542 0.782422 0.009375 0.013281
0 0.537760 0.792969 0.008854 0.012500
0 0.548698 0.794141 0.015104 0.013281
0 0.556510 0.795703 0.009896 0.016406
0 0.562760 0.796484 0.017188 0.016406
0 0.521875 0.796875 0.015625 0.020313
0 0.510417 0.783203 0.003125 0.005469
0 0.206250 0.827344 0.320833 0.157812
0 0.294271 0.792187 0.021875 0.028125
0 0.350260 0.796484 0.031771 0.032031
0 0.378385 0.798047 0.029687 0.032031
0 0.391146 0.782813 0.020833 0.004687
0 0.400781 0.796875 0.020313 0.029687
0 0.415365 0.785547 0.015104 0.008594
0 0.427344 0.798437 0.025521 0.032813
0 0.438542 0.796484 0.015625 0.028906
0 0.439323 0.780859 0.013021 0.003906
0 0.450260 0.794141 0.013021 0.024219
4 0.328385 0.786328 0.005729 0.024219
4 0.334896 0.786719 0.005208 0.021875
4 0.413021 0.795703 0.010417 0.038281
4 0.429688 0.798047 0.009375 0.038281
4 0.648958 0.807422 0.010417 0.030469
4 0.728385 0.824219 0.016146 0.053125
4 0.804167 0.827734 0.012500 0.069531
4 0.821615 0.829688 0.014063 0.070312
4 0.571094 0.802734 0.006771 0.024219
4 0.539062 0.793359 0.003125 0.016406
4 0.543490 0.793359 0.004687 0.017969
4 0.548958 0.792969 0.003125 0.018750
1 0.133854 0.409375 0.075000 0.225000
1 0.183073 0.475781 0.040104 0.107813
1 0.263542 0.743750 0.004167 0.012500
1 0.455729 0.746875 0.006250 0.028125
1 0.463281 0.746484 0.006771 0.027344
1 0.562500 0.671094 0.006250 0.026562
1 0.593750 0.673438 0.006250 0.026562
1 0.977344 0.409766 0.029687 0.091406
1 0.802344 0.729688 0.015104 0.053125
1 0.815885 0.743359 0.009896 0.025781
1 0.794010 0.729688 0.014063 0.050000
1 0.650000 0.764844 0.004167 0.014063
2 0.257031 0.698047 0.022396 0.027344
2 0.809635 0.813672 0.007812 0.016406
2 0.811979 0.834375 0.006250 0.021875
2 0.700521 0.734375 0.017708 0.021875
2 0.489583 0.789453 0.002083 0.005469
2 0.508333 0.713672 0.018750 0.016406
2 0.507812 0.730078 0.018750 0.016406
2 0.571094 0.692969 0.020313 0.018750
2 0.248438 0.663672 0.010417 0.024219