0 0.831510 0.831641 0.336979 0.336719
0 0.744010 0.735547 0.096354 0.057031
0 0.608854 0.745312 0.164583 0.181250
0 0.522656 0.733984 0.021354 0.046094
0 0.471094 0.711328 0.022396 0.075781
0 0.416667 0.724609 0.102083 0.169531
0 0.228125 0.687500 0.075000 0.042188
0 0.167708 0.687109 0.060417 0.041406
0 0.202083 0.676563 0.020833 0.014063
0 0.305208 0.798437 0.300000 0.314063
0 0.098177 0.684375 0.046354 0.056250
0 0.072396 0.680469 0.081250 0.070312
0 0.035937 0.696094 0.012500 0.031250
4 0.718229 0.714844 0.008333 0.025000
4 0.497656 0.698828 0.007812 0.027344
4 0.492188 0.706641 0.009375 0.039844
4 0.484635 0.707031 0.006771 0.032813
3 0.790104 0.733984 0.023958 0.064844
3 0.680729 0.712500 0.023958 0.065625
3 0.990365 0.741016 0.019271 0.067969
1 0.658333 0.547656 0.007292 0.029687
1 0.615885 0.548047 0.007812 0.028906
2 0.730729 0.678516 0.012500 0.019531