0 0.965365 0.930078 0.069271 0.139844
0 0.992708 0.808594 0.014583 0.046875
0 0.934896 0.781250 0.062500 0.053125
0 0.894010 0.773438 0.042188 0.040625
0 0.871615 0.767578 0.041146 0.038281
0 0.848958 0.763281 0.029167 0.028125
0 0.829948 0.751172 0.034896 0.044531
0 0.791667 0.753516 0.026042 0.028906
0 0.767448 0.738672 0.015104 0.007031
0 0.777865 0.744141 0.015104 0.014844
0 0.754948 0.746484 0.015104 0.024219
0 0.737500 0.739844 0.011458 0.017188
0 0.718490 0.737109 0.014063 0.017969
0 0.710938 0.733984 0.005208 0.011719
0 0.708333 0.732422 0.003125 0.010156
0 0.706771 0.728906 0.013542 0.009375
0 0.690365 0.744922 0.031771 0.041406
0 0.655990 0.725000 0.008854 0.010937
0 0.666927 0.725781 0.005729 0.009375
0 0.675521 0.727734 0.007292 0.016406
0 0.551042 0.724219 0.029167 0.040625
0 0.493750 0.725781 0.043750 0.057813
0 0.572917 0.720703 0.013542 0.021094
0 0.565365 0.714844 0.004687 0.014063
0 0.559375 0.712500 0.010417 0.006250
0 0.161198 0.663281 0.020313 0.015625
0 0.192969 0.665234 0.030729 0.014844
0 0.224219 0.673828 0.019271 0.022656
0 0.268750 0.675000 0.013542 0.020313
0 0.292188 0.680859 0.047917 0.028906
0 0.276302 0.671094 0.014063 0.010937
0 0.318750 0.679688 0.010417 0.015625
0 0.318490 0.673437 0.013021 0.009375
0 0.353125 0.684375 0.017708 0.015625
0 0.380729 0.685937 0.009375 0.012500
4 0.847917 0.763672 0.012500 0.044531
4 0.774219 0.733203 0.003646 0.003906
4 0.395573 0.683984 0.006771 0.011719
4 0.401302 0.690234 0.003646 0.021094
3 0.745312 0.745703 0.008333 0.033594
3 0.671615 0.726172 0.003646 0.013281
3 0.627604 0.722266 0.008333 0.025781
3 0.592187 0.735156 0.039583 0.178125
3 0.210938 0.672266 0.015625 0.038281
2 0.803646 0.729687 0.006250 0.009375
2 0.810417 0.721094 0.010417 0.006250
2 0.658594 0.709375 0.009896 0.007812
2 0.609375 0.720313 0.003125 0.010937