0 0.067708 0.719141 0.135417 0.152344
0 0.178906 0.753516 0.232813 0.202344
0 0.274479 0.686719 0.020833 0.023438
0 0.306250 0.691016 0.057292 0.055469
0 0.340885 0.685547 0.009896 0.021094
0 0.266146 0.677734 0.007292 0.007031
0 0.374740 0.717578 0.090104 0.110156
0 0.402865 0.697266 0.048438 0.058594
0 0.431250 0.681641 0.010417 0.019531
0 0.443229 0.684375 0.020833 0.026562
0 0.471615 0.678906 0.011979 0.017188
0 0.464583 0.678906 0.003125 0.009375
0 0.520833 0.723437 0.111458 0.125000
0 0.563802 0.678516 0.023438 0.021094
0 0.589844 0.716016 0.051562 0.105469
0 0.659896 0.727734 0.145833 0.157031
0 0.791927 0.764062 0.242188 0.235937
0 0.921094 0.824219 0.157812 0.350000
4 0.841667 0.633203 0.027083 0.032031
4 0.688802 0.641406 0.011979 0.015625
3 0.455208 0.679688 0.005208 0.017188
3 0.460677 0.679688 0.004687 0.014063
3 0.470573 0.678516 0.006771 0.017969
2 0.744792 0.545703 0.037500 0.052344
2 0.549740 0.641016 0.010937 0.024219