0 0.052083 0.897656 0.104167 0.204687
0 0.176302 0.803516 0.331771 0.311719
0 0.435677 0.827734 0.290104 0.344531
0 0.807292 0.824219 0.385417 0.351562
0 0.009115 0.695312 0.018229 0.028125
0 0.027865 0.692578 0.025521 0.022656
0 0.051563 0.692578 0.018750 0.022656
0 0.088802 0.699219 0.014063 0.015625
0 0.326562 0.713281 0.026042 0.042188
0 0.398177 0.707031 0.007812 0.018750
0 0.464323 0.714844 0.055729 0.035937
0 0.491667 0.711328 0.010417 0.011719
0 0.568229 0.742188 0.100000 0.071875
0 0.578385 0.716797 0.011979 0.014844
0 0.879167 0.765625 0.071875 0.054688
0 0.932552 0.756641 0.134896 0.071094
0 0.550000 0.700781 0.009375 0.009375
0 0.014844 0.672266 0.013021 0.017969
0 0.193750 0.704688 0.043750 0.028125
6 0.554948 0.700000 0.009896 0.010937
3 0.295313 0.688281 0.038542 0.078125
3 0.347396 0.708984 0.025000 0.046094
3 0.678385 0.746875 0.043229 0.106250
3 0.751302 0.743359 0.026562 0.066406
3 0.504427 0.714062 0.033854 0.040625
1 0.702604 0.680859 0.005208 0.016406
1 0.716667 0.549609 0.015625 0.041406
1 0.467448 0.648438 0.003646 0.015625
1 0.491927 0.647656 0.003646 0.015625
1 0.514583 0.649609 0.003125 0.016406
1 0.538021 0.649219 0.003125 0.015625
2 0.635938 0.679297 0.006250 0.008594
2 0.636458 0.692187 0.008333 0.015625