0 0.395052 0.744922 0.218229 0.283594
0 0.114844 0.766016 0.229687 0.342969
0 0.265365 0.689063 0.118229 0.131250
0 0.491927 0.660937 0.030729 0.046875
0 0.404167 0.650391 0.045833 0.028906
0 0.455990 0.652344 0.016146 0.023438
0 0.409115 0.589063 0.022396 0.006250
0 0.431510 0.590625 0.017188 0.006250
0 0.168229 0.652344 0.032292 0.023438
0 0.200000 0.653516 0.022917 0.024219
0 0.110938 0.579688 0.013542 0.004687
0 0.075521 0.581641 0.021875 0.003906
5 0.228125 0.643359 0.027083 0.032031
1 0.397135 0.596094 0.002604 0.009375
2 0.259896 0.615625 0.020833 0.017188