0 0.834375 0.320703 0.331250 0.361719
0 0.703125 0.291406 0.136458 0.075000
0 0.452083 0.325391 0.115625 0.124219
0 0.409635 0.271484 0.009896 0.014844
0 0.396094 0.278516 0.017188 0.022656
3 0.360156 0.278516 0.008854 0.025781
1 0.554948 0.175391 0.013021 0.049219
1 0.487760 0.053125 0.010937 0.048438
1 0.431510 0.060938 0.011979 0.048438
1 0.154688 0.198828 0.011458 0.047656
1 0.498437 0.131641 0.012500 0.067969
1 0.501823 0.188672 0.019271 0.066406
2 0.070833 0.203516 0.082292 0.050781
2 0.058594 0.039453 0.024479 0.078906