0 0.069010 0.896484 0.138021 0.207031
0 0.217969 0.808594 0.350521 0.317188
0 0.495052 0.823828 0.227604 0.305469
0 0.829948 0.826172 0.340104 0.347656
0 0.983333 0.787500 0.025000 0.042188
0 0.809635 0.759375 0.041146 0.056250
0 0.710417 0.752344 0.062500 0.059375
0 0.007552 0.694531 0.015104 0.043750
0 0.051562 0.697266 0.027083 0.028906
0 0.067187 0.694141 0.009375 0.019531
0 0.119271 0.700391 0.007292 0.010156
0 0.037500 0.691406 0.009375 0.021875
0 0.330729 0.707422 0.011458 0.017969
0 0.361719 0.709766 0.021354 0.028906
0 0.386979 0.707422 0.014583 0.019531
0 0.401562 0.707422 0.017708 0.032031
0 0.529427 0.723047 0.065104 0.035156
0 0.555208 0.719531 0.023958 0.020313
0 0.589583 0.716797 0.005208 0.007031
0 0.598958 0.722266 0.019792 0.017969
0 0.085938 0.692187 0.012500 0.015625
0 0.967448 0.771094 0.065104 0.076563
3 0.020573 0.695312 0.025521 0.059375
3 0.073698 0.698047 0.017188 0.035156
3 0.375260 0.720313 0.032813 0.098437
3 0.409896 0.730078 0.035417 0.096094
3 0.490625 0.713672 0.015625 0.038281
3 0.527344 0.717187 0.025521 0.039062
3 0.580469 0.705859 0.021354 0.067969
3 0.601042 0.731641 0.018750 0.046094
3 0.621094 0.748437 0.025521 0.085938
3 0.644271 0.751563 0.037500 0.101562
3 0.705208 0.755859 0.034375 0.083594
3 0.753125 0.769141 0.030208 0.072656
3 0.703385 0.716016 0.020313 0.014844
3 0.426563 0.694531 0.005208 0.014063
3 0.824479 0.744141 0.022917 0.057031
1 0.749740 0.550781 0.015104 0.042188
1 0.735417 0.684766 0.006250 0.016406
1 0.495573 0.651953 0.003646 0.016406
1 0.520052 0.652344 0.003646 0.015625
1 0.542708 0.652734 0.003125 0.014844
1 0.566406 0.652344 0.003646 0.015625
2 0.667187 0.696484 0.008333 0.014844