0 0.806771 0.824609 0.386458 0.350781
0 0.052865 0.896094 0.105729 0.207813
0 0.007292 0.692969 0.014583 0.025000
0 0.052083 0.696875 0.018750 0.029687
0 0.023698 0.693750 0.019271 0.026562
0 0.210938 0.703125 0.011458 0.026562
0 0.253125 0.705469 0.031250 0.037500
0 0.317448 0.705859 0.007812 0.021094
0 0.350260 0.705469 0.013021 0.021875
0 0.356771 0.698047 0.006250 0.005469
0 0.498698 0.723828 0.080729 0.042969
0 0.552344 0.712500 0.007812 0.010937
0 0.557292 0.720313 0.010417 0.021875
0 0.570312 0.726953 0.029167 0.035156
0 0.435156 0.827344 0.288021 0.345313
0 0.177604 0.801172 0.330208 0.307031
6 0.846615 0.700000 0.306771 0.187500
4 0.655990 0.721875 0.007812 0.023438
3 0.031771 0.700000 0.014583 0.025000
3 0.331771 0.709766 0.025000 0.050781
3 0.474479 0.713672 0.029167 0.039844
3 0.505729 0.716797 0.032292 0.038281
3 0.644531 0.739453 0.040104 0.061719
3 0.677083 0.748047 0.045833 0.097656
1 0.467448 0.647656 0.003646 0.014063
1 0.491927 0.647266 0.003646 0.013281
1 0.514583 0.648438 0.003125 0.014063
1 0.537760 0.649219 0.003646 0.015625
1 0.716667 0.549219 0.014583 0.040625
2 0.636198 0.692578 0.007812 0.014844
2 0.635938 0.680469 0.006250 0.006250