0 0.160677 0.792969 0.321354 0.387500
0 0.632552 0.724609 0.048438 0.050781
0 0.541146 0.769922 0.140625 0.192969
0 0.451302 0.724609 0.071354 0.078906
0 0.283073 0.708984 0.052604 0.050781
0 0.369792 0.703125 0.023958 0.034375
0 0.389063 0.706250 0.007292 0.025000
0 0.403906 0.705859 0.013021 0.024219
0 0.400260 0.698828 0.004687 0.007031
0 0.495573 0.705859 0.027604 0.027344
0 0.556771 0.709766 0.057292 0.035156
0 0.602604 0.702344 0.020833 0.010937
0 0.605990 0.716797 0.025521 0.033594
4 0.629427 0.725000 0.011979 0.070312