0 0.029687 0.752734 0.059375 0.089844
0 0.118229 0.705859 0.087500 0.052344
0 0.215885 0.683594 0.029687 0.025000
0 0.277344 0.682422 0.044271 0.036719
0 0.293750 0.668359 0.011458 0.008594
0 0.327083 0.674219 0.023958 0.029687
0 0.566667 0.737891 0.222917 0.257031
0 0.519531 0.650781 0.041146 0.037500
0 0.500521 0.645703 0.015625 0.024219
0 0.482292 0.644531 0.007292 0.017188
0 0.478385 0.641797 0.014063 0.022656
0 0.633594 0.640234 0.020313 0.025781
0 0.682552 0.672656 0.088021 0.087500
0 0.851823 0.705469 0.263021 0.198437
0 0.929948 0.676953 0.140104 0.135156
0 0.990104 0.619141 0.019792 0.047656
0 0.979687 0.617969 0.040625 0.048438
0 0.895833 0.608594 0.041667 0.012500
0 0.737500 0.650000 0.061458 0.057813
0 0.738281 0.620703 0.031771 0.007031
0 0.696354 0.635938 0.050000 0.031250
0 0.675000 0.635156 0.031250 0.031250
0 0.645573 0.628125 0.030729 0.010937
3 0.209375 0.738672 0.022917 0.125781
3 0.963802 0.601172 0.019271 0.022656
3 0.729167 0.617188 0.015625 0.014063
3 0.709635 0.624609 0.011979 0.024219
3 0.759115 0.621094 0.017188 0.029687
3 0.642187 0.628906 0.013542 0.023438
2 0.279167 0.588672 0.009375 0.050781
2 0.375260 0.604688 0.005729 0.029687
2 0.415104 0.619922 0.004167 0.021094
2 0.434896 0.628906 0.003125 0.017188
2 0.448698 0.630859 0.002604 0.013281
2 0.456771 0.631250 0.002083 0.010937
2 0.463802 0.631641 0.001563 0.010156
2 0.467969 0.632812 0.001563 0.009375
2 0.538542 0.604688 0.013542 0.010937
2 0.839583 0.580859 0.012500 0.022656
2 0.710938 0.598828 0.010417 0.014844