0 0.729948 0.792188 0.193229 0.217188
0 0.916406 0.812500 0.167187 0.142187
0 0.899219 0.758984 0.092188 0.038281
0 0.848437 0.770312 0.066667 0.067187
0 0.625260 0.741016 0.014063 0.030469
0 0.599219 0.733594 0.005729 0.018750
0 0.540885 0.696875 0.007812 0.015625
0 0.536719 0.708203 0.007812 0.011719
0 0.520833 0.691406 0.007292 0.012500
0 0.518490 0.697266 0.007812 0.008594
0 0.518490 0.705859 0.008854 0.008594
0 0.199479 0.721484 0.214583 0.202344
0 0.532552 0.733203 0.020313 0.030469
0 0.044010 0.709766 0.088021 0.125781
0 0.554427 0.712109 0.008854 0.005469
0 0.551302 0.709766 0.008854 0.007031
0 0.633073 0.734766 0.009896 0.022656
6 0.571354 0.719141 0.014583 0.021094
3 0.547656 0.735547 0.013021 0.047656
3 0.590365 0.741797 0.016146 0.061719
3 0.613802 0.741797 0.015104 0.049219
3 0.556771 0.725781 0.007292 0.026562
3 0.533333 0.711719 0.004167 0.010937
3 0.542708 0.712500 0.005208 0.010937
1 0.569531 0.701172 0.002604 0.007031
2 0.977083 0.650000 0.026042 0.031250
2 0.980469 0.683984 0.026562 0.036719
2 0.596615 0.613672 0.041146 0.041406
2 0.659896 0.609375 0.046875 0.053125
2 0.119792 0.503906 0.016667 0.073438
2 0.350521 0.612500 0.007292 0.035937
2 0.414844 0.637891 0.004687 0.024219
2 0.446875 0.651172 0.003125 0.017969
2 0.463542 0.664844 0.002083 0.014063