0 0.925781 0.769141 0.148438 0.222656
0 0.637760 0.708594 0.040104 0.043750
0 0.585677 0.698828 0.017188 0.021094
0 0.565365 0.703906 0.024479 0.032813
0 0.549219 0.695703 0.009896 0.011719
0 0.539583 0.696875 0.010417 0.014063
0 0.529948 0.696484 0.005729 0.011719
0 0.513021 0.709766 0.035417 0.049219
0 0.533333 0.694531 0.002083 0.007812
0 0.618229 0.695703 0.006250 0.002344
0 0.602604 0.697656 0.004167 0.006250
0 0.612760 0.695703 0.004687 0.002344
0 0.316406 0.713281 0.029687 0.025000
0 0.124740 0.685156 0.031771 0.009375
0 0.713542 0.693750 0.007292 0.010937
5 0.917969 0.681250 0.164062 0.193750
2 0.411458 0.628125 0.030208 0.073438
2 0.498698 0.487891 0.081771 0.085156
2 0.633594 0.481641 0.135937 0.089844
2 0.757812 0.475391 0.084375 0.086719
2 0.594271 0.655469 0.009375 0.017188
2 0.239323 0.687891 0.021354 0.077344