0 0.045573 0.694141 0.091146 0.057031
0 0.101823 0.694531 0.021354 0.032813
0 0.295052 0.688672 0.011979 0.017969
0 0.344010 0.689063 0.020313 0.015625
0 0.326042 0.690234 0.011458 0.010156
0 0.363021 0.687500 0.010417 0.012500
0 0.432552 0.699219 0.055729 0.067187
0 0.457292 0.691797 0.009375 0.039844
0 0.463802 0.691797 0.011979 0.032031
0 0.473698 0.696484 0.005729 0.013281
0 0.482031 0.694922 0.013021 0.016406
0 0.505729 0.692578 0.031250 0.039844
0 0.580469 0.720703 0.096354 0.107031
0 0.626823 0.705469 0.040104 0.068750
4 0.678385 0.696094 0.014063 0.034375
3 0.744531 0.695312 0.029687 0.076563
2 0.512760 0.448828 0.017188 0.025781
2 0.427344 0.645703 0.003646 0.005469