0 0.867969 0.633594 0.264062 0.140625
0 0.645573 0.640625 0.094271 0.081250
0 0.606250 0.621875 0.017708 0.020313
0 0.543229 0.646484 0.116667 0.080469
0 0.584115 0.619141 0.009896 0.008594
0 0.175521 0.674219 0.065625 0.051562
0 0.220052 0.663281 0.028646 0.037500
0 0.248698 0.658984 0.046354 0.053906
0 0.387760 0.646875 0.043229 0.051562
0 0.422135 0.630078 0.066146 0.036719
0 0.481510 0.628906 0.005729 0.010937
0 0.486979 0.626172 0.008333 0.010156
0 0.493229 0.623047 0.006250 0.010156
0 0.500000 0.628125 0.011458 0.012500
0 0.502604 0.617969 0.006250 0.007812
4 0.703906 0.625391 0.017188 0.066406
4 0.594010 0.618359 0.016146 0.028906
4 0.573958 0.610547 0.010417 0.013281
4 0.196094 0.659766 0.025521 0.078906
4 0.195573 0.659766 0.023438 0.085156
4 0.038281 0.678125 0.017188 0.064062
3 0.782813 0.596094 0.034375 0.045312
3 0.166927 0.667969 0.036979 0.068750
3 0.189063 0.661328 0.026042 0.075781
3 0.226042 0.661719 0.019792 0.051562
3 0.293229 0.655859 0.070833 0.094531
1 0.534896 0.405859 0.011458 0.046094
1 0.605729 0.400781 0.011458 0.046875
1 0.669531 0.553906 0.007812 0.023438
2 0.568229 0.434375 0.051042 0.018750