0 0.648958 0.753516 0.006250 0.011719
0 0.638281 0.748437 0.016146 0.025000
0 0.619792 0.752734 0.007292 0.013281
0 0.598698 0.755078 0.031771 0.046094
0 0.545052 0.753516 0.035937 0.039844
0 0.524219 0.753125 0.008854 0.017188
0 0.652865 0.754297 0.003646 0.007031
0 0.607552 0.749609 0.017188 0.021094
3 0.576823 0.760937 0.026562 0.114062
3 0.627083 0.746875 0.011458 0.042188
2 0.485937 0.745703 0.004167 0.017969
2 0.275521 0.757031 0.012500 0.050000
2 0.897917 0.679297 0.012500 0.042969
2 0.728646 0.708594 0.005208 0.021875
2 0.678906 0.717969 0.003646 0.014063
2 0.661719 0.720703 0.002604 0.010156
2 0.655469 0.722656 0.001563 0.007812