0 0.561458 0.689453 0.012500 0.016406
0 0.543229 0.689844 0.010417 0.015625
0 0.520833 0.705078 0.051042 0.066406
0 0.703125 0.692969 0.016667 0.018750
0 0.633594 0.685156 0.007812 0.009375
0 0.622135 0.687500 0.007812 0.006250
0 0.552604 0.685937 0.006250 0.007812
0 0.493490 0.685937 0.009896 0.004687
0 0.464583 0.687109 0.013542 0.005469
0 0.412240 0.691016 0.016146 0.005469
0 0.268229 0.697656 0.037500 0.009375
0 0.555990 0.678516 0.002604 0.003906
0 0.548177 0.680859 0.003646 0.005469
2 0.770833 0.641016 0.020833 0.017969