0 0.398177 0.580859 0.002604 0.003906
0 0.415104 0.576562 0.002083 0.003125
0 0.395313 0.580469 0.003125 0.004687
0 0.386198 0.582422 0.002604 0.005469
0 0.389063 0.581641 0.003125 0.005469
0 0.391927 0.586719 0.004687 0.006250
0 0.387760 0.588672 0.005729 0.007031
0 0.380208 0.583984 0.004167 0.005469
0 0.378646 0.586719 0.005208 0.006250
0 0.371354 0.593750 0.005208 0.007812
0 0.426042 0.584766 0.004167 0.007031
0 0.428646 0.580078 0.004167 0.005469
0 0.437500 0.586719 0.004167 0.004687
0 0.442969 0.591797 0.005729 0.008594
0 0.459896 0.593359 0.010417 0.008594
0 0.466406 0.609375 0.005729 0.012500
0 0.472656 0.613281 0.008854 0.012500
0 0.407552 0.591406 0.006771 0.012500
0 0.411198 0.588672 0.005729 0.008594
0 0.434115 0.583203 0.001563 0.005469
0 0.450260 0.586328 0.007812 0.003906
0 0.340104 0.581641 0.005208 0.007031
0 0.316146 0.579688 0.005208 0.004687
0 0.302865 0.580469 0.004687 0.004687
0 0.294271 0.580859 0.002083 0.005469
0 0.304167 0.590234 0.006250 0.007031
0 0.280469 0.586719 0.003646 0.007812
0 0.258854 0.598047 0.011458 0.017969
0 0.210677 0.597656 0.008854 0.009375
0 0.188281 0.603125 0.016146 0.015625
0 0.177083 0.604688 0.008333 0.010937
0 0.167188 0.598828 0.010417 0.008594
0 0.173698 0.601953 0.007812 0.010156
0 0.163542 0.608984 0.014583 0.011719
0 0.154948 0.607812 0.010937 0.010937
0 0.148177 0.603125 0.009896 0.006250
0 0.144792 0.612500 0.016667 0.012500
0 0.135156 0.609766 0.016146 0.014844
0 0.128646 0.608984 0.006250 0.011719
0 0.119010 0.610938 0.006771 0.012500
0 0.109635 0.613672 0.016146 0.016406
0 0.096615 0.613281 0.016146 0.014063
0 0.078906 0.615234 0.018229 0.013281
0 0.054948 0.617969 0.022396 0.010937
0 0.020052 0.620313 0.014063 0.010937
0 0.395313 0.599609 0.008333 0.010156
0 0.403125 0.610938 0.010417 0.014063
0 0.390365 0.614844 0.009896 0.014063
0 0.411979 0.613281 0.010417 0.007812
0 0.411719 0.622656 0.010937 0.014063
0 0.404948 0.630078 0.017188 0.021094
0 0.387500 0.624219 0.012500 0.017188
5 0.225000 0.590234 0.014583 0.022656
5 0.190625 0.592188 0.023958 0.021875
5 0.155208 0.595703 0.013542 0.011719
4 0.423177 0.594141 0.001563 0.008594
4 0.473698 0.604687 0.002604 0.004687
3 0.402865 0.593359 0.002604 0.010156
1 0.455990 0.568750 0.002604 0.003125
1 0.456510 0.579688 0.002604 0.003125
2 0.354167 0.559375 0.011458 0.014063
2 0.368750 0.558984 0.015625 0.013281
2 0.385156 0.558594 0.017188 0.012500
2 0.401302 0.556250 0.015104 0.017188
2 0.433073 0.615234 0.001563 0.007031
2 0.403906 0.571484 0.003646 0.003906
2 0.403906 0.575391 0.003646 0.003906
2 0.821354 0.535156 0.012500 0.051562
2 0.659115 0.579297 0.008854 0.033594
2 0.590365 0.596875 0.004687 0.023438
2 0.553385 0.605859 0.003646 0.017969
2 0.528385 0.612891 0.002604 0.014844
2 0.511979 0.617188 0.002083 0.012500
2 0.490104 0.619531 0.002083 0.009375
2 0.483073 0.620313 0.001563 0.007812
2 0.476823 0.621094 0.001563 0.007812
2 0.471615 0.620703 0.001563 0.007031
2 0.467969 0.621484 0.001563 0.007031
2 0.463802 0.621094 0.001563 0.006250
2 0.460938 0.620703 0.001042 0.005469
2 0.166146 0.615625 0.003125 0.015625
2 0.206510 0.619141 0.002604 0.013281
2 0.235677 0.621484 0.002604 0.013281
2 0.258333 0.622266 0.002083 0.010156
2 0.275260 0.623047 0.001563 0.008594
2 0.289323 0.623437 0.001563 0.007812
2 0.301302 0.623047 0.001563 0.007031
2 0.311198 0.622656 0.001563 0.006250
2 0.360938 0.626172 0.002083 0.008594
2 0.372396 0.619141 0.002083 0.007031
2 0.377865 0.614844 0.001563 0.006250
2 0.380469 0.610547 0.001563 0.005469
2 0.319531 0.623047 0.001563 0.005469
2 0.107552 0.609766 0.004687 0.019531
2 0.012760 0.600391 0.005729 0.021094
2 0.106510 0.662891 0.002604 0.010156
2 0.457813 0.620703 0.001042 0.005469
2 0.455729 0.619922 0.001042 0.005469