0 0.769531 0.743359 0.115104 0.066406
0 0.566667 0.738281 0.165625 0.082812
0 0.543490 0.713281 0.126562 0.059375
0 0.427083 0.719141 0.107292 0.063281
0 0.279687 0.710938 0.115625 0.064062
0 0.148177 0.701563 0.136979 0.068750
0 0.988542 0.765234 0.022917 0.033594
4 0.909896 0.759375 0.180208 0.481250
4 0.815365 0.722266 0.011979 0.022656
4 0.428125 0.806641 0.135417 0.374219
4 0.254948 0.763281 0.083854 0.339062
4 0.250781 0.757812 0.090104 0.289062
4 0.815625 0.721484 0.011458 0.021094
3 0.839323 0.769922 0.039062 0.078906
3 0.650260 0.744141 0.078646 0.103906
3 0.333073 0.712891 0.059896 0.078906