0 0.079688 0.644531 0.014583 0.014063
0 0.053906 0.646094 0.040104 0.025000
0 0.091406 0.645703 0.031771 0.021094
0 0.243490 0.657031 0.042188 0.034375
0 0.330729 0.687500 0.154167 0.171875
0 0.423438 0.659375 0.054167 0.076563
0 0.460156 0.661719 0.020313 0.021875
0 0.491927 0.664453 0.039062 0.019531
0 0.531250 0.662891 0.046875 0.038281
0 0.561719 0.666406 0.016146 0.018750
0 0.591927 0.664844 0.046354 0.037500
0 0.686719 0.670312 0.036979 0.032813
0 0.710417 0.673828 0.010417 0.027344
0 0.718490 0.673047 0.014063 0.028906
0 0.731771 0.672656 0.026042 0.031250
0 0.775781 0.676953 0.074479 0.071094
0 0.810156 0.658203 0.024479 0.024219
0 0.840625 0.679297 0.055208 0.064844
0 0.884375 0.684375 0.072917 0.084375
0 0.943750 0.689062 0.112500 0.134375
0 0.259375 0.638672 0.043750 0.025781
0 0.155729 0.650391 0.016667 0.022656
0 0.152865 0.642578 0.010937 0.008594
4 0.490365 0.645703 0.004687 0.017969
3 0.201563 0.666406 0.076042 0.168750
3 0.626042 0.663672 0.026042 0.078906
1 0.749740 0.622266 0.005729 0.021094
2 0.655729 0.676953 0.017708 0.028906
2 0.644271 0.571875 0.022917 0.017188
2 0.016146 0.443359 0.032292 0.067969
2 0.295312 0.057031 0.392708 0.114062
2 0.468750 0.668359 0.006250 0.010156
2 0.488021 0.667969 0.005208 0.007812
2 0.539583 0.656250 0.007292 0.017188