0 0.869271 0.791016 0.261458 0.285156
0 0.808594 0.712109 0.051562 0.013281
0 0.748698 0.724609 0.030729 0.038281
0 0.697396 0.743750 0.094792 0.106250
0 0.624219 0.813281 0.229687 0.304688
0 0.594792 0.706641 0.019792 0.019531
0 0.533854 0.742188 0.066667 0.120313
0 0.439844 0.712500 0.023438 0.021875
0 0.427344 0.712500 0.006771 0.021875
0 0.297656 0.713281 0.029687 0.043750
0 0.266667 0.714453 0.030208 0.053906
0 0.188542 0.703906 0.062500 0.068750
0 0.039844 0.718359 0.079687 0.080469
2 0.714583 0.667188 0.013542 0.018750
2 0.233854 0.726953 0.046875 0.158594