0 0.422396 0.792188 0.380208 0.415625
0 0.483594 0.655469 0.105729 0.062500
4 0.641927 0.649609 0.020313 0.074219
4 0.583333 0.651562 0.014583 0.048438
4 0.571354 0.650000 0.008333 0.039062
4 0.087240 0.650781 0.018229 0.048438
4 0.262240 0.651172 0.011979 0.022656
4 0.243490 0.651562 0.009896 0.028125
3 0.275521 0.717969 0.551042 0.564063
2 0.633854 0.513672 0.058333 0.094531
2 0.595052 0.570312 0.019271 0.023438
2 0.594010 0.537500 0.021354 0.040625
2 0.565104 0.605859 0.011458 0.017969
2 0.250260 0.612109 0.020313 0.049219
2 0.429427 0.632812 0.008854 0.007812