0 0.160677 0.702344 0.321354 0.176563
0 0.850000 0.618750 0.300000 0.173437
0 0.387500 0.648047 0.044792 0.052344
0 0.499219 0.647266 0.052604 0.060156
0 0.477604 0.642578 0.012500 0.046094
0 0.639062 0.641016 0.098958 0.080469
0 0.583594 0.641797 0.010937 0.053906
0 0.445312 0.632812 0.017708 0.034375
0 0.455469 0.637109 0.008854 0.021094
4 0.593229 0.639453 0.018750 0.074219
4 0.549479 0.638281 0.029167 0.100000
4 0.267969 0.621875 0.010937 0.023438
3 0.812760 0.723437 0.374479 0.553125
3 0.669792 0.633594 0.060417 0.123438
3 0.563021 0.643750 0.032292 0.075000
3 0.012760 0.658203 0.025521 0.064844
3 0.067448 0.652344 0.032813 0.035937
3 0.300781 0.653516 0.055729 0.092969
3 0.466146 0.631250 0.011458 0.021875
1 0.534635 0.406641 0.011979 0.047656
1 0.605469 0.401562 0.013021 0.046875
2 0.568229 0.435156 0.053125 0.021875