0 0.373437 0.738672 0.090625 0.102344
0 0.496875 0.746484 0.059375 0.075781
0 0.551042 0.741406 0.032292 0.045312
0 0.577604 0.739844 0.025000 0.034375
0 0.593490 0.736328 0.018229 0.030469
0 0.618229 0.750781 0.012500 0.020313
0 0.611719 0.741406 0.008854 0.018750
0 0.960677 0.807031 0.078646 0.125000
0 0.757031 0.756641 0.026562 0.036719
0 0.722656 0.753906 0.018229 0.028125
0 0.709896 0.750781 0.020833 0.026562
0 0.685677 0.744531 0.018229 0.029687
0 0.373177 0.738672 0.091146 0.102344
0 0.534115 0.728516 0.008854 0.017969
0 0.564844 0.723828 0.004687 0.008594
0 0.605469 0.728516 0.003646 0.010156
0 0.608594 0.732812 0.004687 0.010937
5 0.033594 0.676563 0.067187 0.037500
4 0.805990 0.776563 0.022396 0.076563
4 0.826042 0.778906 0.026042 0.089063
4 0.782031 0.754297 0.005729 0.033594
4 0.777604 0.754297 0.005208 0.030469
4 0.813542 0.741797 0.008333 0.017969
4 0.829167 0.743750 0.007292 0.012500
4 0.687760 0.746094 0.009896 0.034375
3 0.423698 0.731641 0.013021 0.061719
3 0.654948 0.764844 0.067187 0.271875
3 0.739583 0.760547 0.017708 0.063281
3 0.895573 0.796094 0.069271 0.137500
3 0.861719 0.779688 0.038021 0.092188
3 0.527083 0.728516 0.008333 0.030469
3 0.602604 0.733203 0.005208 0.021094
2 0.442708 0.732812 0.004167 0.015625
2 0.464844 0.685547 0.007812 0.013281
2 0.812500 0.724219 0.017708 0.009375
2 0.812240 0.714063 0.017188 0.010937
2 0.801562 0.717969 0.004167 0.015625
2 0.214062 0.461328 0.022917 0.035156
2 0.580469 0.712891 0.006771 0.005469