0 0.203125 0.743359 0.153125 0.125781
0 0.335417 0.685938 0.011458 0.006250
0 0.328385 0.715234 0.022396 0.030469
0 0.352604 0.719922 0.032292 0.055469
0 0.442188 0.694531 0.076042 0.034375
0 0.481510 0.696484 0.021354 0.027344
0 0.547917 0.804688 0.492708 0.390625
1 0.373177 0.673047 0.003646 0.013281
1 0.318750 0.483203 0.013542 0.053906
2 0.031250 0.732813 0.016667 0.060937
2 0.121615 0.727344 0.009896 0.032813
2 0.359635 0.668750 0.013021 0.010937
2 0.360677 0.681250 0.015104 0.010937
2 0.526823 0.564063 0.017188 0.067187