0 0.689323 0.785547 0.022396 0.032031
0 0.698437 0.767969 0.016667 0.014063
0 0.674479 0.748047 0.012500 0.014844
0 0.665885 0.742188 0.010937 0.014063
0 0.643229 0.738281 0.009375 0.012500
0 0.633594 0.756250 0.013021 0.015625
0 0.646354 0.762109 0.018750 0.022656
0 0.623437 0.765234 0.011458 0.024219
0 0.615104 0.767969 0.018750 0.018750
0 0.605208 0.778516 0.013542 0.019531
0 0.615625 0.790625 0.026042 0.025000
0 0.612760 0.816406 0.028646 0.020313
0 0.614583 0.838281 0.035417 0.051562
4 0.710938 0.851953 0.016667 0.063281
4 0.667448 0.825391 0.013021 0.060156
4 0.646354 0.792188 0.010417 0.042188
4 0.643750 0.824219 0.016667 0.057813
4 0.634115 0.841797 0.013021 0.069531
4 0.597656 0.838672 0.014063 0.067969
4 0.602344 0.796094 0.011979 0.020313
2 0.693490 0.733203 0.003646 0.007031
2 0.693750 0.754297 0.002083 0.008594
2 0.430990 0.724219 0.021354 0.092188
2 0.501823 0.728906 0.020313 0.051562
2 0.512760 0.763672 0.015104 0.058594
2 0.555729 0.791797 0.010417 0.044531
2 0.089323 0.751563 0.067187 0.203125
2 0.123177 0.328516 0.124479 0.172656