0 0.965885 0.772266 0.068229 0.207031
0 0.928906 0.664453 0.142187 0.128906
0 0.733854 0.659375 0.145833 0.137500
0 0.668750 0.643359 0.046875 0.060156
0 0.647656 0.635156 0.026562 0.043750
0 0.628385 0.630078 0.022396 0.032031
0 0.613281 0.621484 0.007812 0.017969
0 0.610938 0.628516 0.015625 0.041406
0 0.601562 0.651172 0.035417 0.089844
0 0.450260 0.766016 0.386979 0.419531
0 0.049740 0.676172 0.088021 0.161719
0 0.162500 0.652344 0.034375 0.070312
0 0.259896 0.642188 0.013542 0.034375
3 0.214062 0.625000 0.037500 0.092188
1 0.384635 0.538281 0.003646 0.017188
1 0.410677 0.537109 0.003646 0.016406
1 0.437760 0.549219 0.007812 0.015625
2 0.009896 0.491406 0.019792 0.109375
2 0.311458 0.621094 0.010417 0.037500