0 0.414062 0.704688 0.107292 0.129688
0 0.052604 0.746875 0.105208 0.232813
0 0.149479 0.715234 0.161458 0.150781
0 0.277604 0.683203 0.086458 0.089844
0 0.321094 0.679297 0.033854 0.067969
0 0.347396 0.658594 0.038542 0.067187
0 0.368229 0.672656 0.026042 0.048438
0 0.370833 0.647266 0.018750 0.003906
0 0.665625 0.689844 0.093750 0.096875
0 0.590104 0.696484 0.100000 0.108594
0 0.517448 0.677734 0.053646 0.064844
0 0.495312 0.664062 0.013542 0.031250
0 0.489323 0.662500 0.010937 0.028125
0 0.465885 0.659766 0.017188 0.024219
0 0.477083 0.661328 0.023958 0.025781
0 0.453385 0.658594 0.008854 0.017188
0 0.543229 0.666016 0.022917 0.038281
4 0.657813 0.690625 0.037500 0.115625
4 0.476562 0.661328 0.010417 0.042969
2 0.848698 0.545312 0.035937 0.054688
2 0.364844 0.639453 0.003646 0.010156
2 0.804948 0.564844 0.074479 0.068750