0 0.130469 0.747656 0.260937 0.340625
0 0.278646 0.644922 0.128125 0.100781
0 0.457031 0.622266 0.114062 0.072656
0 0.408854 0.745703 0.360417 0.394531
0 0.542708 0.610938 0.022917 0.037500
0 0.551823 0.614063 0.008854 0.045312
0 0.571094 0.616406 0.043229 0.060937
0 0.573177 0.623828 0.030729 0.067969
0 0.588281 0.629297 0.032813 0.082031
0 0.625260 0.637891 0.072396 0.119531
0 0.699219 0.673047 0.177604 0.191406
0 0.854688 0.757031 0.290625 0.451562
0 0.346875 0.616406 0.038542 0.039062
2 0.605729 0.540625 0.009375 0.014063
2 0.679948 0.487500 0.028646 0.042188