0 0.902865 0.758594 0.194271 0.482812
0 0.784115 0.638672 0.116146 0.052344
0 0.703646 0.766797 0.335417 0.350781
0 0.684635 0.646484 0.060937 0.044531
0 0.527344 0.678906 0.101562 0.131250
0 0.496615 0.645703 0.027604 0.033594
0 0.472396 0.651953 0.033333 0.058594
0 0.447135 0.660937 0.050521 0.075000
0 0.397656 0.639844 0.058854 0.020313
0 0.389062 0.714063 0.159375 0.214062
0 0.149479 0.787891 0.298958 0.424219
0 0.510938 0.637500 0.010417 0.010937
4 0.230208 0.636719 0.004167 0.010937
3 0.194792 0.643750 0.056250 0.096875