0 0.812500 0.700781 0.259375 0.120313
0 0.418750 0.673437 0.057292 0.079687
0 0.360156 0.655078 0.033854 0.046094
0 0.496875 0.664453 0.034375 0.041406
0 0.482552 0.661719 0.010937 0.034375
0 0.478906 0.662109 0.006771 0.028906
0 0.455990 0.661328 0.011979 0.016406
0 0.443229 0.662109 0.018750 0.044531
0 0.383594 0.656641 0.014063 0.024219
0 0.383333 0.648047 0.013542 0.011719
4 0.128385 0.686719 0.032813 0.132812
4 0.155208 0.688281 0.033333 0.132812
4 0.473698 0.659375 0.005729 0.025000
2 0.278125 0.589844 0.009375 0.043750