0 0.192969 0.616406 0.085938 0.050000
0 0.359115 0.614063 0.061979 0.053125
0 0.423437 0.600781 0.021875 0.021875
0 0.429167 0.607422 0.023958 0.035156
0 0.482552 0.626563 0.103646 0.123438
0 0.543229 0.605078 0.039583 0.047656
0 0.576823 0.601562 0.027604 0.035937
0 0.563542 0.593359 0.005208 0.008594
0 0.559115 0.592969 0.003646 0.007812
0 0.600781 0.580078 0.020313 0.010156
0 0.607292 0.605859 0.043750 0.052344
0 0.631510 0.600391 0.017188 0.033594
0 0.647917 0.593750 0.012500 0.017188
0 0.653385 0.597266 0.004687 0.022656
0 0.662500 0.599609 0.020833 0.028906
0 0.679948 0.601953 0.016146 0.039844
0 0.783333 0.663672 0.244792 0.235156
5 0.675260 0.579688 0.016146 0.028125
1 0.747135 0.495312 0.004687 0.020313
2 0.411198 0.597266 0.005729 0.021094
2 0.801823 0.540234 0.034896 0.011719
2 0.892969 0.591406 0.004687 0.006250