0 0.044010 0.694141 0.088021 0.117969
0 0.416667 0.670703 0.009375 0.022656
0 0.448177 0.700000 0.090104 0.100000
0 0.486719 0.686719 0.029687 0.075000
0 0.508594 0.675000 0.030729 0.043750
0 0.536458 0.696094 0.045833 0.104688
0 0.611979 0.730078 0.153125 0.192969
0 0.951562 0.680859 0.078125 0.041406
0 0.982031 0.705859 0.035937 0.046094
0 0.956510 0.820703 0.086979 0.183594
0 0.863281 0.746875 0.269271 0.196875
3 0.318750 0.726562 0.060417 0.204687
3 0.362240 0.690234 0.017188 0.092969
3 0.378646 0.695312 0.029167 0.103125
3 0.405208 0.678516 0.016667 0.067969
3 0.716406 0.697266 0.057813 0.102344
1 0.474740 0.623437 0.001563 0.007812
2 0.218229 0.655859 0.019792 0.027344
2 0.519531 0.643359 0.002604 0.008594
2 0.741927 0.623047 0.050521 0.025781
2 0.671354 0.596875 0.015625 0.035937
2 0.671094 0.622656 0.015104 0.015625
2 0.733333 0.655469 0.013542 0.018750