0 0.912760 0.698437 0.174479 0.181250
0 0.823177 0.662891 0.102604 0.107031
0 0.708333 0.680859 0.133333 0.139844
0 0.632812 0.658594 0.059375 0.090625
0 0.586979 0.647266 0.051042 0.063281
0 0.563021 0.630078 0.027083 0.036719
0 0.593750 0.616016 0.031250 0.010156
0 0.609635 0.618750 0.004687 0.010937
0 0.501042 0.676563 0.119792 0.154688
0 0.087760 0.708984 0.175521 0.203906
0 0.134635 0.618359 0.029687 0.019531
0 0.189583 0.659766 0.115625 0.080469
0 0.216406 0.625391 0.060937 0.017969
0 0.258594 0.625781 0.046354 0.021875
0 0.283073 0.626953 0.008854 0.011719
0 0.320833 0.646875 0.088542 0.078125
0 0.562240 0.611328 0.031771 0.021094
5 0.054427 0.555469 0.108854 0.109375
6 0.642187 0.602734 0.060417 0.049219
3 0.392708 0.605859 0.020833 0.019531
3 0.412500 0.613672 0.005208 0.007031
3 0.426823 0.613281 0.009896 0.012500
3 0.438021 0.611328 0.011458 0.011719
1 0.435417 0.549219 0.003125 0.014063
1 0.455729 0.548438 0.003125 0.014063
1 0.481510 0.571094 0.005729 0.021875
2 0.305469 0.562500 0.007812 0.051562
2 0.420312 0.597656 0.004167 0.023438