0 0.396354 0.708984 0.005208 0.011719
0 0.259375 0.710938 0.015625 0.031250
0 0.310417 0.707812 0.008333 0.017188
0 0.511198 0.706641 0.005729 0.011719
0 0.601302 0.750781 0.080729 0.093750
0 0.565365 0.721094 0.014063 0.025000
0 0.534896 0.704688 0.006250 0.004687
0 0.532031 0.721484 0.021354 0.028906
0 0.524219 0.709766 0.007812 0.010156
0 0.518490 0.707031 0.005729 0.006250
0 0.510677 0.707422 0.005729 0.011719
0 0.509896 0.710156 0.005208 0.012500
0 0.523438 0.703125 0.004167 0.003125
0 0.491667 0.722266 0.039583 0.057031
0 0.519531 0.704688 0.003646 0.004687
3 0.558854 0.713672 0.005208 0.017969
3 0.547135 0.714062 0.004687 0.017188
2 0.692187 0.716797 0.004167 0.017969