0 0.062760 0.791797 0.125521 0.308594
0 0.158073 0.676562 0.216146 0.173437
0 0.335677 0.747656 0.451562 0.420312
0 0.365104 0.630469 0.035417 0.050000
0 0.377865 0.625000 0.032813 0.050000
0 0.453385 0.632812 0.147396 0.103125
0 0.513021 0.612109 0.007292 0.017969
0 0.517188 0.613281 0.010417 0.023438
0 0.523958 0.611719 0.018750 0.023438
0 0.544271 0.624219 0.042708 0.050000
0 0.595052 0.639063 0.084896 0.092188
0 0.718490 0.677734 0.201563 0.217969
0 0.865365 0.755859 0.269271 0.478906
0 0.276562 0.621875 0.051042 0.045312
4 0.528125 0.596484 0.005208 0.007031