0 0.796615 0.782422 0.302604 0.242969
0 0.582031 0.723828 0.085938 0.102344
0 0.539844 0.685156 0.013021 0.015625
0 0.508854 0.694922 0.011458 0.027344
0 0.480729 0.692578 0.003125 0.011719
0 0.460156 0.692578 0.047396 0.042969
0 0.348958 0.697656 0.004167 0.007812
0 0.327344 0.694531 0.018229 0.014063
0 0.315365 0.703516 0.018229 0.027344
0 0.302604 0.698438 0.017708 0.023438
0 0.045052 0.721484 0.032813 0.044531
0 0.021875 0.719922 0.042708 0.046094
0 0.012500 0.722266 0.025000 0.052344
0 0.464844 0.782422 0.205729 0.271094
2 0.383073 0.602344 0.006771 0.010937
2 0.202865 0.296484 0.027604 0.038281
2 0.438802 0.646875 0.057813 0.007812