0 0.985156 0.743359 0.029687 0.061719
0 0.913542 0.699609 0.034375 0.028906
0 0.873177 0.707031 0.028646 0.026562
0 0.860938 0.719922 0.038542 0.042969
0 0.652083 0.714844 0.027083 0.031250
0 0.636458 0.712891 0.013542 0.022656
0 0.617188 0.719531 0.036458 0.050000
0 0.579688 0.745703 0.096875 0.121094
0 0.590104 0.706250 0.016667 0.014063
0 0.574219 0.706641 0.005729 0.011719
0 0.570312 0.704688 0.003125 0.007812
0 0.537240 0.713672 0.021354 0.033594
0 0.423698 0.704297 0.024479 0.016406
0 0.266927 0.676172 0.019271 0.016406
0 0.239844 0.683984 0.022396 0.016406
0 0.148698 0.722656 0.086979 0.059375
0 0.194792 0.688672 0.031250 0.011719
5 0.627083 0.698828 0.013542 0.017969
3 0.995312 0.739453 0.009375 0.113281
3 0.839062 0.710156 0.008333 0.035937
1 0.782552 0.655859 0.004687 0.011719
2 0.748437 0.646094 0.035417 0.023438
2 0.751042 0.670703 0.036458 0.024219
2 0.518229 0.701172 0.003125 0.011719
2 0.370833 0.696875 0.013542 0.056250