0 0.577865 0.614062 0.013021 0.017188
0 0.571354 0.612891 0.005208 0.014844
0 0.566667 0.612109 0.007292 0.013281
0 0.561719 0.608984 0.005729 0.008594
0 0.555990 0.612109 0.009896 0.014844
0 0.545833 0.621094 0.019792 0.028125
0 0.542448 0.602344 0.017188 0.007812
0 0.511458 0.642969 0.067708 0.085938
0 0.472656 0.634375 0.039062 0.067187
0 0.438802 0.628125 0.042188 0.050000
0 0.422656 0.614062 0.016146 0.023438
0 0.414844 0.613672 0.014063 0.022656
0 0.408073 0.603516 0.010937 0.013281
0 0.354687 0.656250 0.132292 0.143750
0 0.287240 0.634766 0.057813 0.074219
0 0.270052 0.623047 0.036979 0.053906
0 0.223177 0.617188 0.060937 0.048438
0 0.184896 0.608984 0.029167 0.011719
0 0.142448 0.607422 0.032813 0.014844
0 0.082031 0.646484 0.164062 0.158594
0 0.008333 0.706641 0.016667 0.096094
6 0.584896 0.604688 0.016667 0.029687
2 0.667448 0.496484 0.026562 0.069531
2 0.549479 0.545313 0.004167 0.006250