0 0.022656 0.610156 0.045312 0.142187
0 0.234115 0.592578 0.023438 0.027344
0 0.302865 0.590625 0.093229 0.048438
0 0.341406 0.584766 0.022396 0.010156
0 0.349479 0.577734 0.014583 0.008594
0 0.462760 0.749609 0.417187 0.403906
0 0.641927 0.680859 0.104688 0.200781
0 0.713542 0.656250 0.108333 0.110937
0 0.773698 0.625391 0.058854 0.055469
0 0.863542 0.683984 0.272917 0.313281
0 0.683854 0.598438 0.039583 0.006250
4 0.673177 0.597656 0.005729 0.006250
3 0.252083 0.587109 0.018750 0.039844
3 0.740885 0.609375 0.006771 0.020313
1 0.619531 0.487500 0.005729 0.023438
1 0.652083 0.487109 0.005208 0.022656
2 0.703125 0.585938 0.008333 0.012500