0 0.114062 0.725000 0.029167 0.006250
0 0.281250 0.719922 0.056250 0.014844
0 0.373958 0.729687 0.028125 0.017188
0 0.415885 0.725781 0.025521 0.015625
0 0.515885 0.722656 0.005729 0.003125
0 0.491406 0.721484 0.005729 0.002344
0 0.558333 0.762500 0.084375 0.117188
0 0.619792 0.743750 0.048958 0.062500
0 0.652344 0.737891 0.028646 0.041406
0 0.679948 0.741797 0.039062 0.044531
0 0.722396 0.748438 0.046875 0.060937
0 0.762760 0.751953 0.069271 0.069531
0 0.835417 0.760156 0.107292 0.096875
0 0.934635 0.750781 0.130729 0.095312
0 0.920312 0.834375 0.159375 0.218750
0 0.700260 0.741406 0.027604 0.043750
0 0.593750 0.728125 0.006250 0.012500
0 0.591406 0.726953 0.008854 0.017969
0 0.497396 0.721875 0.005208 0.001563
4 0.496615 0.682422 0.003646 0.011719
4 0.862760 0.705078 0.017188 0.017969
3 0.008073 0.740234 0.016146 0.128906
3 0.158854 0.751562 0.047917 0.126562
3 0.623437 0.750391 0.032292 0.107031
2 0.510417 0.714844 0.003125 0.014063
2 0.478385 0.704687 0.005729 0.025000
2 0.211458 0.653125 0.030208 0.121875