0 0.135937 0.810937 0.271875 0.378125
0 0.281250 0.736328 0.123958 0.146094
0 0.417969 0.722266 0.034896 0.089844
0 0.438281 0.720312 0.027604 0.071875
0 0.450000 0.703125 0.015625 0.026562
0 0.455469 0.695312 0.014063 0.010937
0 0.567188 0.823047 0.320833 0.353906
0 0.976562 0.943359 0.046875 0.113281
0 0.980729 0.766797 0.038542 0.055469
0 0.898177 0.730859 0.122396 0.047656
0 0.850000 0.827344 0.300000 0.243750
0 0.715625 0.729687 0.064583 0.056250
0 0.694792 0.741016 0.045833 0.078906
4 0.987760 0.723047 0.024479 0.058594
4 0.863021 0.699219 0.016667 0.018750
4 0.879948 0.699219 0.011979 0.014063
4 0.223698 0.667969 0.021354 0.070312
3 0.361719 0.757031 0.077604 0.289062