0 0.149740 0.768750 0.163021 0.120313
0 0.533854 0.731641 0.034375 0.055469
0 0.577865 0.743750 0.028646 0.028125
0 0.592448 0.733984 0.018229 0.017969
0 0.615104 0.730859 0.023958 0.017969
0 0.618490 0.753516 0.035937 0.042969
0 0.672396 0.730859 0.014583 0.008594
0 0.675781 0.741016 0.023438 0.025781
0 0.693229 0.734766 0.017708 0.019531
0 0.706771 0.748828 0.028125 0.035156
0 0.718490 0.729297 0.016146 0.014844
0 0.728906 0.733203 0.014063 0.019531
0 0.737760 0.724609 0.008854 0.013281
0 0.778646 0.721484 0.015625 0.016406
0 0.804427 0.711328 0.008854 0.011719
0 0.806771 0.712891 0.010417 0.011719
3 0.404948 0.749609 0.020313 0.058594
3 0.766667 0.724609 0.005208 0.017969
3 0.756771 0.761719 0.036458 0.112500
2 0.386719 0.751562 0.011979 0.048438
2 0.738281 0.728125 0.005729 0.009375
2 0.728906 0.721094 0.001563 0.004687
2 0.710938 0.645703 0.034375 0.028906
2 0.769531 0.633203 0.054688 0.041406