0 0.190365 0.751563 0.380729 0.260937
0 0.056250 0.685937 0.062500 0.034375
0 0.357292 0.659766 0.007292 0.007031
0 0.360156 0.661719 0.006771 0.006250
0 0.363802 0.669531 0.006771 0.010937
0 0.370312 0.670312 0.009375 0.012500
0 0.374740 0.671484 0.006771 0.016406
0 0.372396 0.660156 0.007292 0.007812
0 0.377865 0.660156 0.007812 0.007812
0 0.384896 0.653516 0.013542 0.005469
0 0.369792 0.659766 0.006250 0.008594
0 0.349740 0.665625 0.008854 0.018750
0 0.397135 0.687500 0.056771 0.064062
0 0.443490 0.670313 0.015104 0.021875
0 0.420573 0.667188 0.004687 0.007812
0 0.467969 0.683203 0.061979 0.064844
0 0.684896 0.675000 0.076042 0.073438
0 0.757552 0.675000 0.095312 0.075000
0 0.817969 0.670312 0.057813 0.065625
0 0.853385 0.667188 0.046354 0.057813
0 0.901302 0.659375 0.030729 0.035937
0 0.926302 0.672656 0.053646 0.075000
0 0.960938 0.689453 0.078125 0.125781
0 0.184115 0.682031 0.088021 0.053125
4 0.359115 0.673047 0.005729 0.019531
4 0.428646 0.679688 0.018750 0.073438
4 0.568490 0.675781 0.020313 0.079687
4 0.656250 0.637500 0.008333 0.021875
4 0.663021 0.637500 0.010417 0.018750
4 0.868490 0.638672 0.007812 0.030469
3 0.511458 0.696875 0.096875 0.167187
3 0.638281 0.673047 0.069271 0.089844
1 0.969010 0.607031 0.002604 0.009375
1 0.982552 0.607422 0.002604 0.008594
1 0.954948 0.607422 0.002604 0.007031
2 0.344531 0.622656 0.002604 0.010937