0 0.043750 0.916797 0.087500 0.166406
0 0.050260 0.666797 0.016146 0.055469
0 0.099740 0.671484 0.061979 0.044531
0 0.066927 0.667969 0.048438 0.051562
0 0.174219 0.673438 0.089063 0.043750
0 0.269531 0.675781 0.026562 0.032813
0 0.376042 0.674219 0.160417 0.071875
0 0.451563 0.675000 0.067708 0.065625
0 0.487760 0.665234 0.023438 0.024219
0 0.586458 0.666797 0.030208 0.039844
0 0.627865 0.685937 0.071354 0.056250
0 0.655469 0.666797 0.014063 0.008594
0 0.680208 0.681641 0.058333 0.058594
0 0.764323 0.666016 0.030729 0.021094
0 0.759635 0.685937 0.093229 0.064062
0 0.728385 0.691406 0.105729 0.065625
0 0.816667 0.685156 0.046875 0.053125
0 0.890104 0.696094 0.089583 0.068750
0 0.982292 0.692187 0.035417 0.051562
0 0.955469 0.693359 0.081771 0.060156
0 0.415625 0.792578 0.456250 0.414844
0 0.594271 0.734766 0.138542 0.214844
0 0.860417 0.678516 0.070833 0.074219
6 0.914583 0.654687 0.146875 0.057813
4 0.201302 0.650781 0.009896 0.012500
4 0.786719 0.693359 0.029687 0.091406
4 0.792448 0.687109 0.024479 0.100781
7 0.215625 0.684375 0.068750 0.095312
3 0.027604 0.771484 0.055208 0.161719
3 0.097656 0.681641 0.033854 0.086719
3 0.179427 0.679297 0.025521 0.075781
3 0.226562 0.675781 0.020833 0.064062
3 0.270052 0.669922 0.022396 0.060156
1 0.511458 0.638281 0.005208 0.009375
1 0.569531 0.570312 0.015104 0.054688
2 0.056510 0.636719 0.013021 0.017188
2 0.298958 0.630859 0.007292 0.011719
2 0.501042 0.653125 0.004167 0.006250
2 0.640625 0.656641 0.017708 0.025781
2 0.643750 0.680469 0.008333 0.023438
2 0.564323 0.618359 0.007812 0.022656
2 0.662500 0.524219 0.059375 0.053125
2 0.663542 0.579297 0.059375 0.057031