0 0.496094 0.693750 0.316146 0.173437
0 0.877865 0.790234 0.244271 0.353906
0 0.920573 0.632422 0.136979 0.094531
0 0.737240 0.654687 0.100521 0.118750
0 0.771875 0.644922 0.041667 0.097656
0 0.778125 0.632031 0.048958 0.075000
0 0.787240 0.623828 0.039062 0.061719
0 0.803646 0.612891 0.026042 0.042969
0 0.815625 0.610156 0.007292 0.032813
0 0.806250 0.602734 0.040625 0.035156
0 0.829948 0.594531 0.008854 0.012500
0 0.838542 0.597266 0.014583 0.017969
0 0.846094 0.596484 0.007812 0.013281
0 0.972396 0.603516 0.047917 0.039844
0 0.995573 0.602344 0.008854 0.029687
0 0.989583 0.592969 0.011458 0.015625
0 0.892708 0.610547 0.021875 0.014844
4 0.007812 0.630859 0.015625 0.071094
4 0.018229 0.625000 0.014583 0.060937
4 0.589062 0.615234 0.009375 0.041406
3 0.854948 0.628516 0.033854 0.107031
3 0.909635 0.610547 0.010937 0.016406
1 0.021875 0.196484 0.034375 0.103906
1 0.883333 0.252344 0.027083 0.098437
2 0.153646 0.548438 0.031250 0.053125
2 0.074479 0.541016 0.022917 0.052344
2 0.648438 0.489062 0.039583 0.051562
2 0.869531 0.594922 0.003646 0.005469
2 0.870833 0.602344 0.003125 0.009375
2 0.872917 0.601953 0.002083 0.008594
2 0.872396 0.594922 0.002083 0.005469