0 0.091927 0.860938 0.183854 0.278125
0 0.155990 0.817187 0.014063 0.023438
0 0.225521 0.822656 0.125000 0.093750
0 0.369531 0.790625 0.009896 0.010937
0 0.398177 0.791406 0.016146 0.007812
0 0.409375 0.861719 0.450000 0.276562
0 0.497135 0.810547 0.113021 0.050781
0 0.453906 0.796875 0.007812 0.006250
0 0.588802 0.810547 0.019271 0.030469
0 0.900000 0.814062 0.032292 0.032813
0 0.950521 0.844922 0.028125 0.027344
0 0.942187 0.869922 0.059375 0.049219
0 0.948437 0.904297 0.103125 0.191406
0 0.823437 0.808984 0.020833 0.033594
0 0.738542 0.810547 0.021875 0.028906
0 0.579167 0.795312 0.002083 0.003125
4 0.716406 0.803125 0.004687 0.023438
4 0.724740 0.809766 0.013021 0.039844
4 0.753646 0.804688 0.008333 0.031250
4 0.766667 0.797266 0.007292 0.017969
4 0.771094 0.792188 0.005729 0.015625
3 0.173437 0.810938 0.028125 0.068750
3 0.869010 0.852734 0.071354 0.172656
1 0.080208 0.628906 0.019792 0.040625
1 0.118750 0.578125 0.041667 0.131250
1 0.149479 0.611328 0.021875 0.061719
1 0.138021 0.746094 0.006250 0.017188
1 0.117448 0.717187 0.048438 0.048438
1 0.706771 0.750781 0.007292 0.018750
1 0.590625 0.658203 0.007292 0.032031
1 0.626302 0.656641 0.006771 0.032031
1 0.812760 0.737891 0.015104 0.047656
1 0.827083 0.749609 0.009375 0.025781