0 0.551302 0.805859 0.490104 0.388281
0 0.145833 0.761719 0.204167 0.170313
0 0.084375 0.705469 0.039583 0.051562
0 0.304688 0.726172 0.059375 0.069531
0 0.334896 0.714453 0.015625 0.030469
0 0.356250 0.716016 0.020833 0.036719
0 0.335938 0.685547 0.011458 0.007031
0 0.443229 0.694531 0.075000 0.032813
0 0.480990 0.696875 0.021354 0.026562
1 0.318490 0.483594 0.013021 0.053125
2 0.214063 0.685938 0.010417 0.014063
2 0.240104 0.698437 0.004167 0.012500
2 0.359635 0.668750 0.011979 0.010937
2 0.360937 0.681250 0.014583 0.010937
2 0.526563 0.563672 0.017708 0.067969
2 0.031250 0.733203 0.017708 0.061719