0 0.294010 0.721094 0.111979 0.068750
0 0.345052 0.751953 0.167187 0.188281
0 0.595052 0.723828 0.007812 0.010156
0 0.599219 0.724609 0.003646 0.008594
0 0.600260 0.724609 0.002604 0.010156
0 0.698177 0.755078 0.097396 0.078906
0 0.640104 0.728125 0.034375 0.020313
0 0.609896 0.734375 0.009375 0.020313
0 0.572656 0.723828 0.006771 0.011719
0 0.571875 0.725000 0.005208 0.014063
0 0.570573 0.726562 0.005729 0.015625
0 0.566667 0.727734 0.009375 0.016406
0 0.561719 0.729688 0.010937 0.018750
0 0.559896 0.733203 0.009375 0.021094
0 0.556250 0.734766 0.008333 0.024219
0 0.551823 0.734766 0.014063 0.025781
0 0.517969 0.746094 0.067187 0.079687
0 0.471875 0.733203 0.058333 0.057031
0 0.672917 0.799219 0.163542 0.206250
0 0.582813 0.719141 0.006250 0.005469
0 0.580729 0.726172 0.006250 0.008594
0 0.584896 0.735938 0.017708 0.021875
5 0.586979 0.717578 0.008333 0.014844
4 0.020573 0.725391 0.041146 0.146094
4 0.033333 0.746094 0.045833 0.114062
4 0.577865 0.723828 0.002604 0.010156
4 0.585417 0.738672 0.013542 0.046094
1 0.585938 0.695312 0.002083 0.004687
2 0.688802 0.661719 0.018229 0.026562
2 0.829427 0.615234 0.033854 0.077344