0 0.192448 0.563672 0.093229 0.030469
0 0.242708 0.566406 0.040625 0.026562
0 0.441667 0.554297 0.008333 0.003906
0 0.442708 0.548828 0.007292 0.007031
0 0.447135 0.545312 0.006771 0.009375
0 0.444531 0.557422 0.009896 0.003906
0 0.477604 0.554297 0.005208 0.007031
0 0.479687 0.572266 0.022917 0.024219
0 0.459375 0.601172 0.043750 0.085156
0 0.497917 0.587500 0.041667 0.051562
0 0.386719 0.645313 0.170313 0.201563
0 0.512500 0.564453 0.004167 0.016406
0 0.515365 0.562500 0.005729 0.015625
0 0.515625 0.555078 0.006250 0.013281
0 0.519531 0.548828 0.004687 0.008594
0 0.515885 0.542188 0.003646 0.006250
0 0.549740 0.548047 0.002604 0.003906
0 0.582292 0.580078 0.018750 0.013281
0 0.552865 0.584766 0.045312 0.039844
0 0.533073 0.585156 0.025521 0.042188
0 0.566927 0.618750 0.078646 0.118750
0 0.686719 0.684766 0.254688 0.274219
0 0.904427 0.696875 0.191146 0.284375
0 0.479688 0.544922 0.005208 0.007031
5 0.534115 0.559375 0.029687 0.057813
6 0.487500 0.531641 0.005208 0.005469
6 0.462760 0.554688 0.025521 0.029687
6 0.496875 0.550391 0.030208 0.035156
1 0.562240 0.520312 0.002604 0.009375
1 0.575000 0.520703 0.003125 0.010156
1 0.595833 0.544922 0.003125 0.010156
2 0.121354 0.617969 0.017708 0.068750
2 0.494792 0.530859 0.005208 0.003906
2 0.496354 0.528906 0.008333 0.009375
2 0.511198 0.514453 0.014063 0.011719
2 0.521875 0.514844 0.007292 0.012500
2 0.695052 0.547266 0.016146 0.010156