0 0.169531 0.695312 0.261979 0.226562
0 0.297656 0.622656 0.004687 0.017188
0 0.384115 0.631641 0.057813 0.071094
0 0.416406 0.625781 0.022396 0.040625
0 0.424479 0.610547 0.007292 0.008594
0 0.429167 0.610938 0.005208 0.007812
0 0.464062 0.641406 0.078125 0.101562
0 0.516406 0.626563 0.053646 0.067187
0 0.545833 0.610938 0.007292 0.012500
0 0.560417 0.629297 0.036458 0.072656
0 0.586198 0.633203 0.048438 0.086719
0 0.634896 0.641797 0.096875 0.119531
0 0.771354 0.671094 0.256250 0.204687
0 0.929427 0.746484 0.141146 0.297656
6 0.315365 0.605469 0.031771 0.067187
4 0.322917 0.618750 0.010417 0.053125
3 0.246615 0.590625 0.018229 0.018750
3 0.350521 0.637109 0.034375 0.110156
3 0.480469 0.586719 0.007812 0.009375
3 0.513802 0.623047 0.024479 0.088281
3 0.536719 0.606250 0.014063 0.035937
1 0.175521 0.395703 0.021875 0.032031
1 0.266667 0.601172 0.002083 0.007031
1 0.293750 0.582422 0.005208 0.021094
1 0.467448 0.556250 0.002604 0.010937
1 0.471615 0.555859 0.002604 0.011719
1 0.485156 0.555078 0.002604 0.011719
2 0.527604 0.580078 0.006250 0.014844
2 0.627604 0.570312 0.006250 0.017188
2 0.638802 0.567578 0.008854 0.010156