0 0.131250 0.745703 0.100000 0.030469
0 0.169271 0.745703 0.047917 0.014844
0 0.616146 0.770703 0.142708 0.061719
0 0.684896 0.761719 0.085417 0.037500
0 0.658854 0.842969 0.454167 0.314063
0 0.770313 0.762109 0.021875 0.038281
0 0.805208 0.745703 0.020833 0.014844
0 0.837500 0.753125 0.047917 0.028125
0 0.866667 0.743750 0.009375 0.004687
0 0.882292 0.742578 0.023958 0.005469
0 0.938802 0.741016 0.023438 0.007031
0 0.908073 0.825781 0.159896 0.164062
0 0.959115 0.880078 0.081771 0.239844
3 0.899740 0.732031 0.017188 0.023438
2 0.445052 0.748437 0.040104 0.064062