0 0.288802 0.684375 0.072396 0.085938
0 0.377604 0.655469 0.026042 0.031250
0 0.474219 0.634375 0.005729 0.007812
0 0.461979 0.639844 0.011458 0.006250
0 0.502865 0.648047 0.045312 0.024219
0 0.488281 0.651562 0.051562 0.032813
0 0.586198 0.649219 0.022396 0.025000
0 0.596875 0.647656 0.042708 0.021875
0 0.688281 0.649219 0.021354 0.032813
0 0.709115 0.753125 0.240104 0.326562
0 0.057292 0.717578 0.051042 0.075781
0 0.426563 0.704297 0.273958 0.166406
0 0.556250 0.669531 0.122917 0.087500
4 0.532292 0.655078 0.055208 0.085156
4 0.950000 0.657031 0.017708 0.110937
4 0.971615 0.644531 0.031771 0.114062
4 0.445312 0.624219 0.006250 0.009375
4 0.440104 0.703906 0.059375 0.214062
3 0.974740 0.703516 0.050521 0.102344
3 0.292708 0.689844 0.060417 0.148438
2 0.921354 0.552734 0.031250 0.060156
2 0.809375 0.531250 0.039583 0.054688
2 0.642708 0.596094 0.022917 0.026562
2 0.641406 0.558594 0.019271 0.048438
2 0.403906 0.611719 0.009896 0.020313
2 0.104427 0.555078 0.031771 0.041406
2 0.484896 0.624609 0.004167 0.007031
2 0.516146 0.608984 0.004167 0.019531