0 0.578646 0.748437 0.039583 0.048438
0 0.559635 0.744141 0.024479 0.041406
0 0.543750 0.741016 0.010417 0.032031
0 0.536979 0.739453 0.012500 0.027344
0 0.529167 0.730859 0.012500 0.010156
0 0.520573 0.739844 0.023438 0.028125
0 0.492708 0.739063 0.010417 0.021875
0 0.486979 0.731641 0.004167 0.005469
0 0.477865 0.740625 0.022396 0.031250
0 0.462500 0.755078 0.053125 0.063281
0 0.439844 0.735938 0.006771 0.010937
0 0.429948 0.735156 0.015104 0.012500
0 0.405469 0.743750 0.036979 0.028125
0 0.283854 0.778125 0.110417 0.106250
4 0.920312 0.771484 0.051042 0.163281
3 0.504427 0.740625 0.015104 0.062500
3 0.380729 0.746484 0.013542 0.046094
1 0.485937 0.718359 0.004167 0.005469
2 0.808073 0.658203 0.030729 0.066406
2 0.555208 0.709375 0.005208 0.010937
2 0.511719 0.722266 0.005729 0.007031
2 0.511458 0.714453 0.005208 0.007031
2 0.426563 0.723828 0.002083 0.007031