0 0.120833 0.785156 0.241667 0.275000
0 0.228646 0.719531 0.063542 0.071875
0 0.271354 0.711328 0.038542 0.058594
0 0.303385 0.729688 0.068229 0.101562
0 0.437500 0.800391 0.288542 0.371094
0 0.618750 0.753516 0.114583 0.135156
0 0.558594 0.703125 0.020313 0.035937
0 0.884635 0.641406 0.074479 0.035937
0 0.695833 0.627734 0.033333 0.017969
0 0.643750 0.629687 0.039583 0.031250
0 0.622917 0.626172 0.018750 0.016406
0 0.606771 0.625391 0.020833 0.014844
0 0.581250 0.622266 0.021875 0.014844
0 0.546875 0.620703 0.017708 0.014844
4 0.727083 0.714453 0.019792 0.066406
1 0.684115 0.566406 0.007812 0.020313
1 0.847396 0.560937 0.007292 0.020313
1 0.851302 0.617578 0.003646 0.010156
2 0.676823 0.585156 0.013021 0.014063
2 0.716146 0.619531 0.005208 0.012500
2 0.853125 0.587891 0.014583 0.014844
2 0.333333 0.663281 0.015625 0.037500