0 0.751823 0.792578 0.347396 0.277344
0 0.612500 0.710156 0.041667 0.064062
0 0.588021 0.717578 0.098958 0.128906
0 0.541927 0.715625 0.016146 0.062500
0 0.532552 0.719531 0.021354 0.060937
0 0.520312 0.717969 0.028125 0.054688
0 0.485938 0.712500 0.036458 0.051562
0 0.466146 0.699609 0.005208 0.007031
0 0.458073 0.705469 0.015104 0.021875
0 0.438021 0.710156 0.025000 0.032813
0 0.445312 0.698047 0.009375 0.010156
0 0.423958 0.703125 0.008333 0.015625
0 0.405729 0.697656 0.022917 0.009375
0 0.400781 0.717969 0.053646 0.062500
0 0.352344 0.712891 0.041146 0.047656
0 0.317969 0.703125 0.009896 0.020313
0 0.310938 0.703516 0.009375 0.021094
0 0.292969 0.709766 0.039062 0.036719
0 0.276562 0.700000 0.013542 0.015625
0 0.148177 0.782031 0.296354 0.251563
0 0.062240 0.707813 0.093229 0.053125
0 0.026823 0.709766 0.053646 0.066406
0 0.324740 0.699219 0.007812 0.010937
4 0.975000 0.756641 0.050000 0.213281
4 0.330208 0.701562 0.005208 0.015625
1 0.463802 0.666016 0.001563 0.008594
1 0.470052 0.667187 0.003646 0.004687
1 0.475260 0.666406 0.001563 0.009375
2 0.746615 0.579687 0.016146 0.071875
2 0.846354 0.510938 0.047917 0.060937
2 0.548698 0.662891 0.006771 0.019531
2 0.494010 0.684375 0.004687 0.007812
2 0.593750 0.643359 0.013542 0.025781
2 0.328906 0.682422 0.009896 0.010156
2 0.292448 0.704688 0.005729 0.021875
2 0.380469 0.681250 0.004687 0.018750