0 0.023698 0.694922 0.047396 0.078906
0 0.113021 0.691406 0.127083 0.073438
0 0.491406 0.674219 0.065104 0.117188
0 0.542448 0.676172 0.008854 0.014844
0 0.553385 0.673047 0.005729 0.010156
0 0.577865 0.679688 0.024479 0.029687
0 0.594531 0.674219 0.016146 0.023438
0 0.611979 0.688281 0.030208 0.046875
0 0.645313 0.695312 0.045833 0.059375
0 0.707812 0.707422 0.066667 0.088281
0 0.561458 0.672266 0.004167 0.005469
6 0.576823 0.658594 0.016146 0.012500
4 0.838021 0.679297 0.017708 0.072656
4 0.810937 0.684375 0.012500 0.068750
4 0.786198 0.687500 0.014063 0.048438
4 0.778646 0.689063 0.012500 0.042188
4 0.746615 0.681641 0.011979 0.052344
3 0.522135 0.698828 0.043229 0.150781
3 0.597135 0.676953 0.008854 0.030469
2 0.814323 0.610156 0.019271 0.039062
2 0.709115 0.646875 0.006771 0.014063
2 0.689063 0.644531 0.008333 0.018750
2 0.317448 0.628906 0.017188 0.009375
2 0.176302 0.659375 0.010937 0.012500