0 0.912760 0.844531 0.174479 0.310937
0 0.814844 0.779687 0.185938 0.181250
0 0.626823 0.775000 0.201563 0.276562
0 0.432552 0.733203 0.091146 0.097656
0 0.487760 0.712891 0.034896 0.047656
0 0.383594 0.706250 0.032813 0.025000
0 0.352604 0.710547 0.021875 0.022656
0 0.272396 0.713672 0.043750 0.027344
0 0.313281 0.710156 0.010937 0.014063
0 0.225260 0.710938 0.049479 0.026562
0 0.325781 0.709766 0.004687 0.017969
0 0.322135 0.710156 0.003646 0.012500
3 0.507292 0.713281 0.007292 0.032813
3 0.333594 0.704297 0.015104 0.035156
3 0.185938 0.708203 0.031250 0.049219
2 0.740625 0.728906 0.010417 0.021875
2 0.404948 0.690625 0.006771 0.017188
2 0.084375 0.647266 0.007292 0.027344