0 0.034115 0.802344 0.068229 0.139063
0 0.014323 0.641406 0.015104 0.009375
0 0.023438 0.640234 0.007292 0.002344
0 0.159896 0.706250 0.059375 0.042188
0 0.348698 0.698828 0.018229 0.019531
0 0.316406 0.703516 0.007812 0.010156
0 0.304948 0.735938 0.109896 0.101562
0 0.382031 0.709375 0.017188 0.037500
0 0.428125 0.758203 0.134375 0.155469
0 0.441667 0.698828 0.017708 0.010156
0 0.478385 0.695703 0.006771 0.005469
0 0.490885 0.695312 0.010937 0.004687
0 0.526302 0.727734 0.053646 0.072656
0 0.546094 0.717187 0.029687 0.042188
0 0.556510 0.702344 0.011979 0.017188
0 0.566406 0.702344 0.007812 0.014063
0 0.575521 0.701953 0.013542 0.019531
0 0.584896 0.712500 0.016667 0.029687
0 0.609896 0.703516 0.012500 0.014844
0 0.621615 0.705078 0.009896 0.014844
0 0.606250 0.725391 0.041667 0.053906
0 0.586979 0.696875 0.008333 0.001563
0 0.688802 0.768359 0.139063 0.150781
0 0.907292 0.786328 0.185417 0.171094
3 0.561719 0.701953 0.003646 0.016406
3 0.635938 0.701562 0.004167 0.012500
3 0.628385 0.702344 0.003646 0.012500
2 0.211979 0.700000 0.008333 0.037500
2 0.545573 0.619922 0.034896 0.028906
2 0.592969 0.619141 0.031771 0.028906
2 0.635677 0.619531 0.021354 0.029687