0 0.124740 0.743750 0.249479 0.300000
0 0.325781 0.658594 0.030729 0.046875
0 0.388802 0.642188 0.022396 0.018750
0 0.383333 0.689844 0.144792 0.139063
0 0.448958 0.675000 0.062500 0.100000
0 0.477604 0.655469 0.015625 0.032813
0 0.477344 0.644922 0.018229 0.022656
0 0.550000 0.676562 0.058333 0.121875
0 0.633594 0.701562 0.171354 0.181250
0 0.835938 0.788672 0.328125 0.422656
0 0.522656 0.650000 0.009896 0.043750
4 0.503125 0.647656 0.006250 0.031250
4 0.507292 0.648047 0.004167 0.028906
4 0.509635 0.648438 0.004687 0.028125
4 0.488542 0.644922 0.003125 0.013281
4 0.486198 0.644531 0.002604 0.012500
4 0.687500 0.641406 0.016667 0.028125
4 0.628125 0.619141 0.005208 0.003906
4 0.292969 0.639453 0.010937 0.022656
2 0.488281 0.603125 0.003646 0.015625
2 0.490365 0.615625 0.006771 0.007812
2 0.490885 0.626953 0.005729 0.014844
2 0.495573 0.621094 0.005729 0.010937
2 0.499219 0.599219 0.018229 0.031250
2 0.531250 0.590625 0.015625 0.017188
2 0.531510 0.562109 0.015104 0.038281
2 0.454688 0.618750 0.002083 0.009375