0 0.055729 0.861719 0.111458 0.276562
0 0.131510 0.691406 0.176563 0.171875
0 0.276823 0.691797 0.033854 0.047656
0 0.314063 0.695312 0.064583 0.068750
0 0.342969 0.669922 0.030729 0.022656
0 0.408594 0.671094 0.051562 0.029687
0 0.405469 0.746484 0.173437 0.221094
0 0.520833 0.705078 0.079167 0.108594
0 0.673438 0.703516 0.110417 0.119531
0 0.594010 0.681641 0.050521 0.061719
0 0.562760 0.677344 0.022396 0.031250
0 0.510938 0.667578 0.007292 0.011719
0 0.525260 0.668750 0.021354 0.015625
0 0.479687 0.671484 0.007292 0.013281
0 0.483333 0.668359 0.003125 0.005469
0 0.484635 0.663281 0.004687 0.004687
0 0.455208 0.671484 0.009375 0.014844
2 0.242969 0.677344 0.004687 0.018750
2 0.752083 0.658594 0.010417 0.017188
2 0.840365 0.570703 0.019271 0.047656
2 0.660417 0.637500 0.006250 0.006250