0 0.350781 0.795703 0.031771 0.032031
0 0.378906 0.797266 0.029687 0.032031
0 0.388281 0.783594 0.015104 0.007812
0 0.402083 0.796484 0.021875 0.028906
0 0.414062 0.787500 0.009375 0.014063
0 0.420313 0.782422 0.005208 0.003906
0 0.426563 0.797656 0.027083 0.032813
0 0.440885 0.796094 0.010937 0.028125
0 0.448437 0.791797 0.012500 0.022656
0 0.453906 0.787109 0.005729 0.013281
0 0.507031 0.785547 0.006771 0.008594
0 0.514323 0.789844 0.008854 0.012500
0 0.504948 0.784375 0.005729 0.007812
0 0.520573 0.784766 0.002604 0.007031
0 0.524740 0.785547 0.006771 0.007031
0 0.538281 0.782422 0.008854 0.013281
0 0.538021 0.791406 0.009375 0.010937
0 0.548698 0.793750 0.015104 0.014063
0 0.555469 0.794922 0.007812 0.016406
0 0.564063 0.795703 0.019792 0.016406
0 0.526302 0.787109 0.004687 0.008594
0 0.530208 0.787500 0.006250 0.010937
4 0.292969 0.784375 0.006771 0.028125
4 0.299219 0.790625 0.009896 0.035937
4 0.304167 0.786328 0.004167 0.025781
4 0.309115 0.786328 0.005729 0.027344
4 0.327604 0.791797 0.009375 0.033594
4 0.958854 0.841406 0.031250 0.109375
4 0.890365 0.839063 0.073438 0.321875
4 0.648438 0.806641 0.010417 0.030469
4 0.633854 0.799219 0.005208 0.026562
4 0.539323 0.792578 0.003646 0.016406
4 0.544271 0.791797 0.004167 0.019531
4 0.514844 0.795312 0.005729 0.020313
4 0.727083 0.823047 0.018750 0.053906
1 0.143229 0.417969 0.070833 0.220312
1 0.190365 0.482031 0.038021 0.104688
1 0.263542 0.743750 0.005208 0.014063
1 0.455990 0.746484 0.006771 0.030469
1 0.463281 0.746484 0.006771 0.028906
1 0.562240 0.671094 0.005729 0.026562
1 0.593229 0.673047 0.006250 0.025781
1 0.649740 0.764453 0.004687 0.014844
1 0.792448 0.728516 0.013021 0.047656
1 0.800521 0.728125 0.014583 0.050000
1 0.814323 0.741797 0.010937 0.028906
1 0.972917 0.412109 0.029167 0.089844
2 0.257292 0.698047 0.021875 0.027344
2 0.508073 0.713281 0.018229 0.017188
2 0.507812 0.729688 0.018750 0.015625
2 0.570573 0.692188 0.020313 0.018750
2 0.810417 0.833594 0.006250 0.023438
2 0.808073 0.812891 0.007812 0.017969
2 0.248698 0.663281 0.010937 0.023438
2 0.699479 0.732422 0.018750 0.021094
2 0.489323 0.789062 0.002604 0.006250