0 0.549219 0.805859 0.499479 0.388281
0 0.463542 0.696094 0.056250 0.029687
0 0.411198 0.707031 0.007812 0.009375
0 0.354427 0.710547 0.018229 0.025781
0 0.359635 0.691797 0.018229 0.010156
0 0.335417 0.685938 0.011458 0.006250
0 0.336198 0.718359 0.028646 0.046094
0 0.295833 0.723438 0.070833 0.076563
0 0.179948 0.724219 0.076563 0.065625
0 0.110417 0.726172 0.139583 0.074219
0 0.332813 0.692188 0.021875 0.006250
4 0.677083 0.654687 0.026042 0.064062
4 0.646354 0.626563 0.011458 0.021875
1 0.373177 0.673047 0.003646 0.014844
1 0.318229 0.486328 0.012500 0.058594
2 0.526563 0.564063 0.017708 0.067187
2 0.443490 0.679297 0.004687 0.007031
2 0.360677 0.681250 0.015104 0.010937
2 0.213281 0.687500 0.011979 0.017188
2 0.121615 0.727734 0.009896 0.033594
2 0.031250 0.732813 0.017708 0.060937
2 0.359115 0.669141 0.013021 0.010156