0 0.387760 0.687109 0.027604 0.036719
0 0.404427 0.687891 0.009896 0.027344
0 0.422396 0.669531 0.005208 0.009375
0 0.426823 0.666797 0.007812 0.008594
0 0.447656 0.675781 0.013021 0.012500
0 0.459375 0.674609 0.008333 0.011719
0 0.476042 0.678516 0.019792 0.019531
0 0.475521 0.692578 0.015625 0.030469
0 0.484896 0.694141 0.013542 0.036719
0 0.491927 0.694922 0.014063 0.038281
0 0.501563 0.697266 0.021875 0.041406
0 0.523698 0.703125 0.031771 0.051562
0 0.540104 0.705859 0.030208 0.060156
0 0.590625 0.733203 0.120833 0.130469
0 0.781510 0.785547 0.320312 0.285156
0 0.441927 0.667969 0.005729 0.007812