0 0.646094 0.730469 0.092188 0.090625
0 0.580469 0.702344 0.010937 0.021875
0 0.570052 0.699609 0.015104 0.017969
0 0.561458 0.697656 0.009375 0.014063
0 0.544792 0.704688 0.023958 0.035937
0 0.525260 0.696094 0.016146 0.017188
0 0.516927 0.707422 0.032813 0.046094
0 0.469531 0.696094 0.032813 0.048438
0 0.367188 0.691797 0.012500 0.022656
0 0.360417 0.689063 0.010417 0.015625
0 0.338802 0.689453 0.007812 0.017969
0 0.319271 0.691406 0.022917 0.023438
0 0.278125 0.689063 0.029167 0.028125
0 0.048177 0.701172 0.096354 0.050781
4 0.447135 0.687500 0.008854 0.020313
3 0.589583 0.706641 0.012500 0.046094
3 0.597656 0.700781 0.003646 0.010937
1 0.738802 0.630078 0.008854 0.032031
2 0.990104 0.710156 0.007292 0.009375
2 0.898958 0.707812 0.007292 0.009375
2 0.826302 0.702344 0.005729 0.009375
2 0.771354 0.653516 0.019792 0.025781
2 0.764062 0.659766 0.011458 0.017969
2 0.763802 0.701953 0.007812 0.011719
2 0.740104 0.677344 0.006250 0.014063
2 0.740885 0.692578 0.006771 0.014844
2 0.737240 0.657031 0.051562 0.039062
2 0.736719 0.625000 0.043229 0.025000
2 0.797917 0.532422 0.020833 0.028906
2 0.545833 0.525000 0.023958 0.035937
2 0.398698 0.686328 0.006771 0.025781
2 0.294010 0.571094 0.065104 0.132812
2 0.214583 0.683984 0.023958 0.075781