0 0.975000 0.900000 0.050000 0.200000
0 0.881510 0.837109 0.119271 0.127344
0 0.750260 0.881641 0.191146 0.236719
0 0.545833 0.844922 0.143750 0.197656
0 0.266927 0.848047 0.533854 0.303906
0 0.118750 0.792969 0.237500 0.114062
0 0.672656 0.819141 0.124479 0.133594
0 0.779948 0.805859 0.071354 0.063281
0 0.823958 0.805078 0.039583 0.053906
0 0.921354 0.791406 0.017708 0.025000
0 0.923698 0.792188 0.013021 0.018750
0 0.933073 0.792188 0.013021 0.010937
0 0.951042 0.803516 0.033333 0.030469
1 0.993750 0.626953 0.012500 0.100781
1 0.405990 0.666797 0.018229 0.046094
1 0.386719 0.667578 0.016146 0.049219
1 0.316667 0.367969 0.031250 0.090625
1 0.239583 0.312109 0.035417 0.100781
2 0.979167 0.692578 0.014583 0.052344
2 0.375781 0.552344 0.047396 0.067187
2 0.269271 0.409766 0.063542 0.091406