0 0.967969 0.702734 0.064062 0.147656
0 0.918750 0.674219 0.104167 0.096875
0 0.825260 0.654687 0.050521 0.051562
0 0.803906 0.651172 0.038021 0.044531
0 0.794010 0.647656 0.029687 0.037500
0 0.784115 0.641797 0.032813 0.036719
0 0.763281 0.637891 0.018229 0.021094
0 0.751302 0.634766 0.014063 0.016406
0 0.533594 0.658203 0.106771 0.072656
0 0.490885 0.645703 0.044271 0.053906
0 0.467448 0.649609 0.023438 0.033594
0 0.423958 0.650391 0.041667 0.035156
0 0.380729 0.662500 0.045833 0.046875
0 0.327344 0.667578 0.069271 0.055469
0 0.076563 0.691406 0.153125 0.090625
0 0.741406 0.632422 0.007812 0.013281
2 0.577083 0.585547 0.043750 0.033594
2 0.611719 0.641016 0.005729 0.021094
2 0.668490 0.633594 0.002604 0.007812
2 0.677604 0.633594 0.002083 0.009375