0 0.778385 0.798047 0.443229 0.403906
0 0.320833 0.730469 0.184375 0.178125
0 0.090625 0.730469 0.181250 0.165625
0 0.172135 0.700391 0.092188 0.086719
0 0.034896 0.679688 0.069792 0.037500
0 0.628385 0.700391 0.122396 0.114844
0 0.589844 0.668750 0.031771 0.045312
0 0.572656 0.679688 0.017188 0.050000
0 0.564323 0.676953 0.015104 0.030469
0 0.558333 0.671094 0.005208 0.020313
0 0.553385 0.669922 0.006771 0.013281
0 0.536198 0.675391 0.020313 0.027344
0 0.546354 0.668359 0.005208 0.007031
0 0.526042 0.673047 0.008333 0.019531
0 0.501823 0.668750 0.042188 0.065625
1 0.483594 0.584375 0.004687 0.018750
2 0.645573 0.604297 0.018229 0.025781
2 0.678385 0.595703 0.018229 0.033594
2 0.775260 0.573828 0.007812 0.036719