0 0.025781 0.695312 0.034896 0.059375
0 0.033073 0.671094 0.066146 0.059375
0 0.041667 0.654297 0.083333 0.042969
0 0.089063 0.657031 0.054167 0.056250
0 0.119271 0.657031 0.062500 0.050000
0 0.170833 0.639062 0.020833 0.025000
0 0.165365 0.655078 0.092188 0.057031
0 0.358333 0.638281 0.075000 0.065625
0 0.412240 0.640234 0.078646 0.072656
0 0.452344 0.623828 0.022396 0.027344
0 0.520052 0.677344 0.138021 0.173437
0 0.544271 0.615234 0.065625 0.049219
0 0.578125 0.619531 0.026042 0.045312
0 0.589844 0.601953 0.011979 0.011719
0 0.592448 0.605859 0.009896 0.017969
0 0.600521 0.613281 0.022917 0.031250
0 0.617708 0.611328 0.019792 0.049219
0 0.647656 0.613281 0.056771 0.060937
0 0.678125 0.603125 0.060417 0.040625
0 0.696354 0.630469 0.036458 0.059375
0 0.839063 0.575000 0.061458 0.040625
0 0.764063 0.651953 0.146875 0.158594
0 0.893229 0.691797 0.213542 0.277344
0 0.936719 0.553906 0.060937 0.010937
0 0.900260 0.260156 0.140104 0.039062
5 0.569271 0.585938 0.017708 0.021875
4 0.288281 0.641406 0.014063 0.064062
4 0.929948 0.550781 0.014063 0.012500
3 0.259635 0.648828 0.020313 0.052344
3 0.141146 0.663281 0.072917 0.089063
1 0.890625 0.386328 0.029167 0.099219
1 0.540104 0.203906 0.020833 0.095312
1 0.673177 0.183594 0.024479 0.095312
1 0.012240 0.585938 0.024479 0.037500
1 0.497396 0.500391 0.007292 0.019531
2 0.227604 0.512109 0.061458 0.086719
2 0.227604 0.628906 0.035417 0.145313
2 0.254427 0.603125 0.003646 0.015625
2 0.980990 0.485547 0.019271 0.030469
2 0.658073 0.560547 0.017188 0.021094