0 0.835677 0.831250 0.328646 0.337500
0 0.661719 0.832813 0.047396 0.073438
0 0.608594 0.842969 0.096354 0.114062
0 0.555208 0.817969 0.040625 0.053125
0 0.510417 0.814844 0.021875 0.051562
0 0.427083 0.883203 0.212500 0.233594
0 0.533073 0.811719 0.009896 0.014063
0 0.527083 0.815234 0.006250 0.007031
4 0.081771 0.770703 0.014583 0.030469
4 0.204687 0.785547 0.021875 0.046094
1 0.654948 0.703906 0.004687 0.021875
1 0.688542 0.705859 0.005208 0.021094
1 0.413802 0.749609 0.005729 0.025781
2 0.361198 0.757812 0.014063 0.018750
2 0.134635 0.741016 0.007812 0.016406
2 0.671615 0.717578 0.024479 0.007031