0 0.232812 0.622266 0.145833 0.113281
0 0.091406 0.793359 0.182812 0.283594
0 0.794792 0.754297 0.410417 0.475781
0 0.406771 0.618359 0.094792 0.100781
0 0.355729 0.600781 0.055208 0.064062
0 0.577083 0.621875 0.090625 0.107813
0 0.487240 0.600391 0.051562 0.063281
0 0.811198 0.591406 0.106771 0.054688
0 0.711198 0.580078 0.024479 0.013281
0 0.637500 0.589453 0.016667 0.039844
0 0.627604 0.587500 0.026042 0.035937
0 0.609896 0.581250 0.010417 0.023438
0 0.579427 0.551953 0.050521 0.046094
0 0.539583 0.583203 0.029167 0.057031
0 0.518229 0.576172 0.012500 0.025781
0 0.523438 0.583203 0.004167 0.024219
0 0.512240 0.569531 0.014063 0.020313
0 0.502865 0.563281 0.015104 0.014063
0 0.518750 0.557813 0.012500 0.007812
0 0.508594 0.555469 0.011979 0.009375
0 0.497135 0.552734 0.005729 0.008594
0 0.485156 0.553906 0.018229 0.028125
0 0.489063 0.567578 0.015625 0.003906
0 0.507812 0.591797 0.013542 0.042969
0 0.469010 0.564062 0.013021 0.017188
0 0.462240 0.557422 0.010937 0.014844
0 0.456250 0.582031 0.016667 0.029687
0 0.447396 0.569141 0.016667 0.010156
0 0.448958 0.563672 0.013542 0.007031
0 0.448698 0.559375 0.013021 0.009375
0 0.445052 0.550781 0.013021 0.010937
0 0.443229 0.558594 0.010417 0.014063
0 0.454167 0.548828 0.009375 0.011719
0 0.458073 0.542969 0.008854 0.010937
0 0.466667 0.550781 0.008333 0.006250
0 0.471094 0.547656 0.009896 0.010937
0 0.447917 0.542188 0.010417 0.006250
3 0.445312 0.581250 0.015625 0.029687
3 0.463802 0.540234 0.003646 0.010156