0 0.053906 0.810156 0.107813 0.167187
0 0.076563 0.787891 0.039583 0.028906
0 0.086458 0.783984 0.050000 0.028906
0 0.149740 0.811719 0.111979 0.087500
0 0.208333 0.787109 0.018750 0.021094
0 0.263542 0.824609 0.164583 0.127344
0 0.325000 0.781641 0.013542 0.007031
0 0.377344 0.788281 0.043229 0.062500
0 0.393490 0.796875 0.028646 0.048438
0 0.453906 0.825000 0.122396 0.154688
0 0.464844 0.780078 0.011979 0.005469
0 0.513021 0.795312 0.023958 0.059375
0 0.520052 0.779297 0.007812 0.010156
0 0.536458 0.791797 0.034375 0.039844
0 0.553906 0.785937 0.008854 0.015625
0 0.559375 0.785937 0.005208 0.012500
0 0.571875 0.787109 0.020833 0.022656
0 0.582812 0.785938 0.009375 0.018750
0 0.587500 0.785547 0.008333 0.014844
0 0.600781 0.786328 0.014063 0.022656
0 0.629167 0.795313 0.043750 0.053125
0 0.593229 0.788281 0.001042 0.010937
5 0.088542 0.761328 0.062500 0.032031
3 0.608594 0.783203 0.006771 0.022656
2 0.323438 0.782813 0.003125 0.012500
2 0.671875 0.780859 0.002083 0.008594