0 0.529948 0.736328 0.016146 0.036719
0 0.566146 0.753516 0.076042 0.103906
0 0.609375 0.739063 0.023958 0.045312
0 0.647396 0.725000 0.068750 0.120313
0 0.617448 0.712500 0.006771 0.009375
0 0.571354 0.720703 0.034375 0.014844
0 0.900000 0.823438 0.200000 0.353125
2 0.522135 0.645312 0.010937 0.020313
2 0.577865 0.699219 0.009896 0.009375
2 0.584375 0.691016 0.014583 0.010156
2 0.340104 0.626953 0.012500 0.058594
2 0.419010 0.658594 0.007812 0.037500
2 0.456771 0.673438 0.005208 0.028125
2 0.479687 0.683203 0.004167 0.021094
2 0.493490 0.689453 0.003646 0.017969
2 0.503646 0.694141 0.003125 0.014844
2 0.511458 0.696875 0.003125 0.014063
2 0.516927 0.701562 0.002604 0.012500
2 0.519271 0.706250 0.001042 0.006250
2 0.521875 0.704297 0.002083 0.010156
2 0.452604 0.669141 0.036458 0.022656
2 0.451042 0.689844 0.031250 0.018750