0 0.592448 0.764844 0.065104 0.089063
0 0.622396 0.741016 0.022917 0.036719
0 0.453385 0.730078 0.016146 0.003906
0 0.472656 0.728516 0.019271 0.007031
0 0.496354 0.729688 0.009375 0.003125
0 0.518490 0.728516 0.008854 0.002344
0 0.526302 0.728516 0.005729 0.002344
0 0.535677 0.728125 0.005729 0.003125
0 0.541927 0.729297 0.003646 0.002344
0 0.547396 0.728125 0.005208 0.001563
0 0.398438 0.737109 0.034375 0.025781
0 0.304688 0.744141 0.065625 0.033594
0 0.125260 0.777734 0.172396 0.119531
0 0.733594 0.826563 0.206771 0.259375
0 0.872656 0.762500 0.135937 0.117188
0 0.955208 0.795313 0.089583 0.139063
0 0.802865 0.735547 0.010937 0.014844
0 0.642708 0.739062 0.006250 0.020313
0 0.640365 0.732422 0.005729 0.008594
0 0.636719 0.731250 0.005729 0.006250
0 0.631250 0.728906 0.004167 0.003125
5 0.739844 0.669141 0.089063 0.074219
4 0.559375 0.704688 0.001042 0.006250
4 0.973698 0.714062 0.007812 0.012500
2 0.532292 0.718750 0.004167 0.020313
2 0.551042 0.720313 0.003125 0.012500
2 0.456510 0.701563 0.011979 0.053125
2 0.563281 0.723828 0.001563 0.007031