0 0.991667 0.746094 0.016667 0.075000
0 0.712760 0.715234 0.111979 0.107031
0 0.617448 0.689453 0.039062 0.044531
0 0.567708 0.686719 0.011458 0.012500
0 0.522396 0.721484 0.084375 0.113281
0 0.495052 0.682422 0.011979 0.011719
0 0.481771 0.685547 0.015625 0.017969
0 0.473958 0.681250 0.007292 0.010937
0 0.460677 0.678906 0.007812 0.006250
0 0.454167 0.679297 0.006250 0.003906
0 0.445052 0.678125 0.005729 0.004687
0 0.418750 0.681250 0.007292 0.007812
0 0.405208 0.682422 0.008333 0.011719
0 0.400781 0.682031 0.001563 0.009375
0 0.389323 0.682422 0.005729 0.005469
0 0.342448 0.686328 0.013021 0.016406
0 0.317448 0.681641 0.014063 0.007031
0 0.235417 0.698047 0.050000 0.030469
0 0.216927 0.689844 0.016146 0.012500
0 0.162240 0.700391 0.093229 0.047656
0 0.067969 0.701563 0.043229 0.029687
0 0.165625 0.669922 0.031250 0.019531