0 0.153125 0.698828 0.038542 0.085156
0 0.199740 0.710938 0.099479 0.117188
0 0.286719 0.701953 0.046354 0.092969
0 0.349219 0.716406 0.128646 0.151562
0 0.438802 0.682422 0.083854 0.111719
0 0.528646 0.692578 0.011458 0.014844
0 0.494792 0.694141 0.032292 0.044531
0 0.596094 0.708594 0.120313 0.137500
0 0.957031 0.691797 0.060937 0.038281
4 0.259375 0.690625 0.020833 0.054688
4 0.780469 0.692578 0.016146 0.063281
7 0.706250 0.703125 0.054167 0.214062
3 0.203385 0.718359 0.061979 0.197656
3 0.514583 0.697656 0.029167 0.068750
1 0.744271 0.614453 0.008333 0.022656
1 0.051823 0.512500 0.021354 0.051562
1 0.794271 0.485938 0.029167 0.104688
2 0.013021 0.696484 0.006250 0.022656
2 0.288281 0.642969 0.009896 0.017188
2 0.525000 0.646484 0.009375 0.016406
2 0.740104 0.681250 0.003125 0.017188
2 0.741406 0.701562 0.002604 0.023438
2 0.790885 0.655469 0.003646 0.037500
2 0.902083 0.641016 0.011458 0.019531