0 0.201302 0.714844 0.077604 0.040625
0 0.268490 0.694531 0.010937 0.007812
0 0.291406 0.694141 0.019271 0.008594
0 0.304948 0.694922 0.006771 0.007031
0 0.387500 0.696484 0.020833 0.017969
0 0.400521 0.693359 0.010417 0.010156
0 0.420833 0.694531 0.034375 0.023438
0 0.467448 0.690625 0.016146 0.010937
0 0.485938 0.687891 0.017708 0.013281
0 0.544531 0.684766 0.009896 0.005469
0 0.573438 0.683984 0.004167 0.003906
0 0.601823 0.688281 0.014063 0.017188
0 0.608333 0.685547 0.009375 0.013281
0 0.626302 0.696875 0.031771 0.040625
0 0.643229 0.683203 0.001042 0.008594
0 0.653385 0.688672 0.016146 0.019531
0 0.613281 0.681641 0.001563 0.003906
0 0.670833 0.683984 0.014583 0.016406
0 0.661719 0.681641 0.004687 0.005469
0 0.752083 0.717969 0.138542 0.145313
5 0.650260 0.677344 0.013021 0.023438
2 0.551302 0.683203 0.004687 0.007031
2 0.832031 0.687891 0.009896 0.021094
2 0.551302 0.683203 0.004687 0.007031