0 0.250260 0.795312 0.280729 0.301563
0 0.484115 0.765625 0.105729 0.125000
0 0.890365 0.829688 0.219271 0.214062
0 0.648698 0.788281 0.141146 0.165625
0 0.769531 0.781250 0.139063 0.134375
0 0.698698 0.728516 0.019271 0.019531
0 0.540625 0.741797 0.037500 0.069531
0 0.555469 0.723438 0.007812 0.021875
0 0.560937 0.721484 0.005208 0.017969
0 0.567188 0.718359 0.010417 0.016406
0 0.455990 0.748047 0.059896 0.080469
0 0.400000 0.732422 0.055208 0.058594
0 0.430990 0.722266 0.025521 0.036719
0 0.068750 0.712500 0.123958 0.040625
0 0.102865 0.700391 0.074479 0.039844
0 0.021615 0.706641 0.043229 0.028906
0 0.835938 0.748437 0.031250 0.042188
0 0.139583 0.703516 0.021875 0.024219
2 0.558594 0.627344 0.041146 0.039062
2 0.627083 0.625391 0.046875 0.049219