0 0.098958 0.593750 0.112500 0.071875
0 0.175781 0.583594 0.050521 0.045312
0 0.252865 0.583203 0.113021 0.078906
0 0.287240 0.625000 0.191146 0.181250
0 0.486719 0.581250 0.042188 0.051562
0 0.508333 0.567578 0.017708 0.019531
0 0.546094 0.607812 0.089063 0.117188
0 0.580729 0.564453 0.008333 0.011719
0 0.582292 0.559766 0.006250 0.007031
0 0.908073 0.664062 0.183854 0.268750
0 0.837240 0.603906 0.091146 0.078125
0 0.904687 0.582812 0.013542 0.015625
0 0.779427 0.582813 0.048438 0.034375
0 0.700521 0.601562 0.088542 0.098437
0 0.406510 0.547266 0.104688 0.203906
6 0.473437 0.546875 0.045833 0.075000
1 0.606250 0.468750 0.006250 0.023438
1 0.638542 0.467187 0.006250 0.021875
1 0.716406 0.507812 0.007812 0.017188
2 0.577083 0.558594 0.005208 0.012500
2 0.636979 0.516016 0.016667 0.033594
2 0.498438 0.488281 0.027083 0.023438
2 0.520052 0.487891 0.014063 0.022656
2 0.535937 0.503125 0.009375 0.014063
2 0.530729 0.529297 0.009375 0.010156
2 0.542188 0.528906 0.011458 0.010937
2 0.556250 0.529297 0.015625 0.011719