0 0.018750 0.767188 0.037500 0.117188
0 0.237500 0.710156 0.136458 0.156250
0 0.412240 0.792969 0.400521 0.414062
0 0.376042 0.657422 0.009375 0.019531
0 0.399219 0.654297 0.055729 0.035156
0 0.484896 0.665234 0.104167 0.078906
4 0.624479 0.660156 0.018750 0.071875
4 0.664583 0.643359 0.013542 0.041406
4 0.977344 0.674219 0.045312 0.210938
4 0.573698 0.651953 0.008854 0.047656
4 0.588281 0.652734 0.013021 0.053906
4 0.599479 0.648438 0.013542 0.034375
4 0.569010 0.651172 0.003646 0.035156
4 0.552865 0.637891 0.002604 0.005469
4 0.555990 0.643750 0.006771 0.015625
4 0.123698 0.656250 0.024479 0.053125
4 0.089583 0.652734 0.011458 0.052344
4 0.057813 0.658984 0.019792 0.038281
4 0.156250 0.658203 0.010417 0.049219
2 0.565365 0.607812 0.011979 0.018750
2 0.595313 0.572266 0.018750 0.022656
2 0.594010 0.539453 0.021354 0.041406
2 0.634115 0.514844 0.057813 0.093750
2 0.250521 0.611719 0.019792 0.043750
2 0.429427 0.634766 0.008854 0.007031