0 0.847917 0.721094 0.304167 0.293750
0 0.673958 0.658203 0.147917 0.141406
0 0.603646 0.633594 0.050000 0.081250
0 0.532292 0.625781 0.014583 0.050000
0 0.538021 0.641016 0.012500 0.027344
0 0.526302 0.623828 0.014063 0.042969
0 0.474740 0.630078 0.026562 0.063281
0 0.457552 0.639844 0.033854 0.089063
0 0.354688 0.641016 0.052083 0.077344
0 0.375000 0.608984 0.005208 0.010156
0 0.274479 0.654297 0.142708 0.139844
4 0.127344 0.629297 0.010937 0.016406
3 0.025260 0.682031 0.050521 0.257812
3 0.240365 0.671094 0.086979 0.223438
3 0.390104 0.645703 0.031250 0.132031
3 0.425260 0.650000 0.066146 0.212500
3 0.498437 0.620312 0.017708 0.067187
3 0.510677 0.625000 0.022396 0.081250
3 0.561719 0.664844 0.072396 0.201563
1 0.467708 0.582813 0.001042 0.006250
1 0.469792 0.582422 0.001042 0.005469
1 0.477083 0.581641 0.001042 0.005469