0 0.914844 0.697656 0.170313 0.257812
0 0.713021 0.645312 0.047917 0.031250
0 0.461198 0.616797 0.033854 0.041406
0 0.497396 0.632422 0.048958 0.055469
0 0.411979 0.614453 0.026042 0.036719
0 0.382552 0.609375 0.010937 0.018750
0 0.394792 0.609766 0.012500 0.014844
0 0.297656 0.596094 0.017188 0.012500
0 0.286198 0.591406 0.010937 0.017188
0 0.309896 0.594141 0.008333 0.007031
0 0.129427 0.576172 0.055729 0.027344
0 0.161719 0.587109 0.065104 0.028906
0 0.188802 0.589453 0.013021 0.017969
0 0.260417 0.580859 0.013542 0.013281
5 0.513021 0.607812 0.046875 0.065625
3 0.583073 0.626172 0.015104 0.047656
3 0.427604 0.608203 0.007292 0.030469
1 0.688542 0.552344 0.008333 0.031250
2 0.711198 0.567969 0.030729 0.032813
2 0.272917 0.597266 0.020833 0.066406
2 0.634896 0.611328 0.004167 0.016406
2 0.700781 0.608984 0.004687 0.017969