0 0.859635 0.796094 0.280729 0.407813
0 0.832031 0.705859 0.043229 0.038281
0 0.746615 0.735547 0.135937 0.110156
0 0.625781 0.702344 0.010937 0.028125
0 0.580469 0.692969 0.005729 0.007812
0 0.547656 0.723047 0.081771 0.091406
0 0.553385 0.692578 0.017188 0.011719
0 0.512240 0.692969 0.042188 0.050000
0 0.467969 0.703516 0.006771 0.025781
0 0.416146 0.698828 0.045833 0.050781
0 0.405469 0.800000 0.235937 0.306250
0 0.162760 0.688281 0.011979 0.014063
0 0.171875 0.701562 0.054167 0.042188
0 0.135677 0.697656 0.045312 0.023438
0 0.082031 0.726562 0.128646 0.093750
0 0.017969 0.699609 0.035937 0.022656
0 0.018229 0.709766 0.036458 0.050781
0 0.587500 0.704688 0.015625 0.012500
1 0.868750 0.548828 0.025000 0.082031
2 0.825000 0.634766 0.037500 0.022656
2 0.736719 0.630469 0.025521 0.035937
2 0.060937 0.745703 0.035417 0.077344