0 0.121875 0.639063 0.179167 0.115625
0 0.187500 0.607031 0.071875 0.040625
0 0.357031 0.599219 0.027604 0.023438
0 0.369271 0.597266 0.009375 0.019531
0 0.392188 0.605859 0.042708 0.044531
0 0.417187 0.594531 0.012500 0.014063
0 0.423177 0.593359 0.009896 0.016406
0 0.437500 0.599219 0.031250 0.032813
0 0.455469 0.591016 0.009896 0.010156
0 0.465885 0.589453 0.018229 0.013281
0 0.477344 0.588672 0.004687 0.008594
0 0.482813 0.588672 0.007292 0.008594
0 0.496094 0.593750 0.022396 0.029687
0 0.550000 0.630859 0.101042 0.136719
0 0.597917 0.597266 0.013542 0.032031
0 0.613281 0.598437 0.028646 0.035937
0 0.697917 0.626563 0.108333 0.107813
0 0.908073 0.637109 0.183854 0.138281
0 0.552344 0.588281 0.023438 0.017188
5 0.586458 0.576563 0.007292 0.014063
2 0.509896 0.585156 0.006250 0.015625