0 0.118490 0.593359 0.020313 0.025781
0 0.284635 0.574609 0.138021 0.110156
0 0.427604 0.616406 0.093750 0.050000
0 0.569531 0.601953 0.009896 0.027344
0 0.965365 0.625391 0.026562 0.019531
0 0.985938 0.708984 0.028125 0.035156
0 0.933854 0.644922 0.132292 0.105469
0 0.919792 0.858203 0.160417 0.283594
0 0.777344 0.719141 0.394271 0.305469
0 0.276302 0.732031 0.514062 0.393750
4 0.648698 0.580859 0.006771 0.011719
3 0.048438 0.685937 0.096875 0.521875
3 0.072917 0.600781 0.121875 0.165625
3 0.166667 0.572656 0.078125 0.153125
3 0.353906 0.584766 0.052604 0.108594
3 0.504427 0.623047 0.039062 0.114844
3 0.525260 0.619531 0.033854 0.107813
3 0.554948 0.621484 0.039062 0.097656
3 0.570833 0.598047 0.025000 0.038281
3 0.586458 0.600000 0.037500 0.051562
3 0.611198 0.625000 0.086979 0.101562
3 0.628125 0.582422 0.019792 0.019531
3 0.871875 0.585938 0.030208 0.012500
3 0.921875 0.582813 0.069792 0.021875
1 0.619271 0.573828 0.004167 0.007031
1 0.617188 0.494922 0.010417 0.044531
1 0.317708 0.413281 0.008333 0.034375
1 0.373958 0.415625 0.008333 0.035937
2 0.102344 0.574609 0.007812 0.019531
2 0.817188 0.567188 0.037500 0.018750