0 0.336198 0.684766 0.010937 0.005469
0 0.360417 0.691797 0.018750 0.008594
0 0.344792 0.714063 0.012500 0.029687
0 0.327604 0.716797 0.033333 0.047656
0 0.289844 0.726172 0.067187 0.075781
0 0.224740 0.719922 0.059896 0.052344
0 0.482292 0.697266 0.020833 0.028906
0 0.446875 0.694922 0.068750 0.033594
0 0.550000 0.805859 0.496875 0.388281
0 0.110156 0.808594 0.220312 0.320312
1 0.374740 0.672656 0.003646 0.014063
1 0.319010 0.485937 0.011979 0.059375
1 0.504167 0.590234 0.014583 0.041406
1 0.360937 0.667969 0.012500 0.010937
1 0.361458 0.680469 0.015625 0.010937
2 0.354427 0.698828 0.003646 0.005469
2 0.157031 0.714844 0.006771 0.023438
2 0.123438 0.724219 0.008333 0.021875
2 0.527865 0.563672 0.017188 0.067969
2 0.354427 0.698438 0.003646 0.006250