0 0.459375 0.749219 0.442708 0.407813
0 0.255469 0.591016 0.061979 0.039844
0 0.314583 0.596094 0.061458 0.039062
0 0.344792 0.578516 0.007292 0.007031
0 0.645052 0.683203 0.103646 0.203906
0 0.715104 0.657422 0.108333 0.111719
0 0.628125 0.613281 0.046875 0.023438
0 0.745573 0.617578 0.006771 0.007031
0 0.776823 0.629687 0.061979 0.062500
0 0.864583 0.651563 0.270833 0.250000
3 0.853385 0.725781 0.293229 0.365625
1 0.619271 0.487891 0.006250 0.022656
1 0.651823 0.487891 0.005729 0.022656
2 0.702604 0.586719 0.008333 0.012500