0 0.839323 0.797266 0.321354 0.405469
0 0.686979 0.716016 0.102083 0.100781
0 0.627083 0.700000 0.059375 0.064062
0 0.566927 0.716406 0.106771 0.115625
0 0.559896 0.680078 0.012500 0.013281
0 0.519271 0.683594 0.028125 0.037500
0 0.479427 0.682422 0.007812 0.027344
0 0.426042 0.678906 0.047917 0.045312
0 0.422396 0.776953 0.230208 0.297656
0 0.339583 0.674219 0.016667 0.023438
0 0.328646 0.680859 0.013542 0.014844
0 0.316146 0.676563 0.012500 0.029687
0 0.062760 0.699219 0.076563 0.051562
0 0.024219 0.702344 0.048438 0.057813
6 0.045312 0.658984 0.090625 0.075781
2 0.252083 0.406641 0.018750 0.025781
2 0.386198 0.607031 0.005729 0.009375
2 0.495052 0.636328 0.017188 0.014844