0 0.715885 0.719141 0.070312 0.067969
0 0.651042 0.709375 0.035417 0.037500
0 0.572917 0.757422 0.135417 0.180469
0 0.554948 0.699219 0.041146 0.026562
0 0.594271 0.696875 0.021875 0.007812
0 0.578385 0.700781 0.010937 0.009375
3 0.931250 0.725000 0.053125 0.110937
2 0.796615 0.691797 0.005729 0.021094
2 0.687240 0.694531 0.003646 0.012500
2 0.351042 0.698047 0.021875 0.077344
2 0.494531 0.693359 0.004687 0.021094
2 0.523958 0.675781 0.007292 0.012500
2 0.586979 0.663281 0.011458 0.010937
2 0.579948 0.665234 0.002604 0.005469