0 0.973698 0.689844 0.052604 0.051562
0 0.943229 0.687891 0.052083 0.052344
0 0.901562 0.692578 0.071875 0.066406
0 0.855990 0.697656 0.066146 0.070312
0 0.794531 0.703516 0.095312 0.091406
0 0.753646 0.671875 0.019792 0.015625
0 0.704948 0.686719 0.095312 0.056250
0 0.659896 0.679688 0.061458 0.067187
0 0.610938 0.734766 0.102083 0.210156
0 0.482552 0.668750 0.008854 0.020313
0 0.453385 0.677344 0.061979 0.062500
0 0.262760 0.679297 0.050521 0.058594
0 0.219271 0.671875 0.061458 0.042188
0 0.170573 0.672656 0.071354 0.042188
0 0.129948 0.673438 0.039062 0.039062
0 0.088281 0.666797 0.069271 0.036719
0 0.070312 0.677344 0.053125 0.060937
0 0.414844 0.794922 0.448437 0.410156
6 0.499740 0.649219 0.057813 0.035937
4 0.822656 0.658203 0.006771 0.013281
3 0.044271 0.685937 0.006250 0.048438
3 0.100260 0.682031 0.032813 0.082812
3 0.173177 0.686719 0.033854 0.079687
3 0.209635 0.675391 0.030729 0.067969
3 0.228125 0.685547 0.028125 0.075781
3 0.276823 0.664453 0.018229 0.030469
3 0.852604 0.659375 0.011458 0.006250
1 0.569792 0.571094 0.013542 0.053125
2 0.055729 0.636719 0.012500 0.015625
2 0.298177 0.631641 0.005729 0.008594
2 0.640365 0.657031 0.016146 0.025000
2 0.643750 0.680469 0.007292 0.020313
2 0.661979 0.525000 0.058333 0.051562
2 0.663021 0.578906 0.058333 0.056250
2 0.563802 0.618750 0.005729 0.021875