0 0.292708 0.716797 0.038542 0.039844
0 0.194531 0.721484 0.163021 0.164844
0 0.338281 0.734766 0.069271 0.100781
0 0.446354 0.694922 0.068750 0.035156
0 0.482552 0.698047 0.021354 0.028906
0 0.556250 0.807031 0.497917 0.385937
4 0.763281 0.707031 0.072396 0.203125
3 0.297917 0.716797 0.016667 0.053906
1 0.319271 0.486328 0.012500 0.058594
1 0.503385 0.590625 0.014063 0.042188
1 0.374479 0.671875 0.004167 0.015625
2 0.032292 0.733984 0.017708 0.061719
2 0.360937 0.669141 0.012500 0.011719
2 0.362240 0.679688 0.015104 0.007812
2 0.527865 0.564453 0.017188 0.066406