0 0.390885 0.783594 0.318229 0.379688
0 0.853385 0.794531 0.293229 0.410938
0 0.682813 0.715625 0.160417 0.181250
0 0.519010 0.707812 0.107813 0.187500
0 0.329948 0.670312 0.109896 0.090625
4 0.059115 0.653906 0.030729 0.107813
4 0.072917 0.657422 0.018750 0.052344
1 0.153385 0.475781 0.024479 0.081250
1 0.557292 0.573047 0.007292 0.033594
1 0.959635 0.585156 0.005729 0.009375
2 0.607031 0.597656 0.011979 0.017188
2 0.762500 0.548438 0.005208 0.034375
2 0.698958 0.575781 0.040625 0.032813
2 0.697396 0.600781 0.035417 0.018750