0 0.908594 0.719531 0.182812 0.256250
0 0.788281 0.686328 0.186979 0.164844
0 0.707292 0.664844 0.096875 0.121875
0 0.675781 0.651562 0.127604 0.121875
0 0.602344 0.653906 0.050521 0.085938
0 0.593750 0.648047 0.035417 0.078906
0 0.570573 0.643750 0.047396 0.068750
0 0.566146 0.617578 0.031250 0.017969
0 0.553385 0.637109 0.019271 0.057031
0 0.543750 0.633594 0.040625 0.053125
0 0.510417 0.626172 0.011458 0.022656
0 0.492969 0.633203 0.042188 0.042969
0 0.470052 0.622656 0.011979 0.014063
0 0.455208 0.620313 0.004167 0.007812
0 0.447656 0.623828 0.016146 0.017969
0 0.439844 0.620703 0.004687 0.008594
0 0.432552 0.621875 0.008854 0.010937
0 0.420833 0.624219 0.007292 0.018750
0 0.419271 0.625000 0.004167 0.018750
0 0.411458 0.623437 0.015625 0.025000
0 0.412240 0.626172 0.009896 0.025781
0 0.407812 0.627344 0.008333 0.028125
0 0.400000 0.626953 0.018750 0.032031
0 0.397396 0.629297 0.016667 0.036719
0 0.387760 0.632422 0.021354 0.047656
0 0.378125 0.633203 0.014583 0.053906
0 0.348438 0.634766 0.065625 0.078906
0 0.268490 0.642969 0.123438 0.090625
0 0.115104 0.650781 0.227083 0.120313
6 0.420313 0.615234 0.016667 0.032031
4 0.619010 0.603906 0.019271 0.037500
4 0.539844 0.637891 0.014063 0.074219
4 0.522396 0.632422 0.020833 0.080469
2 0.730990 0.555078 0.019271 0.033594
2 0.725781 0.580469 0.011979 0.026562
2 0.542188 0.596875 0.007292 0.009375
2 0.533594 0.598437 0.009896 0.012500