0 0.838281 0.748438 0.323437 0.326562
0 0.957031 0.635547 0.085938 0.047656
0 0.763542 0.631250 0.152083 0.114062
0 0.687500 0.652734 0.039583 0.064844
0 0.660156 0.637109 0.007812 0.017969
0 0.625521 0.675391 0.103125 0.117969
0 0.578125 0.636328 0.019792 0.024219
0 0.522396 0.667188 0.133333 0.120313
0 0.406250 0.776953 0.430208 0.421094
0 0.260417 0.667188 0.015625 0.042188
0 0.239323 0.651562 0.053646 0.028125
0 0.203385 0.668359 0.027604 0.055469
0 0.089583 0.722266 0.131250 0.146094
0 0.024740 0.695312 0.049479 0.075000
6 0.672396 0.619531 0.055208 0.043750
6 0.600000 0.614453 0.027083 0.021094