0 0.025260 0.708594 0.025521 0.070312
0 0.074479 0.704297 0.078125 0.064844
0 0.162760 0.682031 0.011979 0.015625
0 0.184115 0.708203 0.059896 0.075781
0 0.298177 0.769922 0.263021 0.275781
0 0.454427 0.712500 0.115104 0.100000
0 0.520313 0.707422 0.053125 0.071094
0 0.473958 0.684766 0.030208 0.025781
0 0.493490 0.682422 0.015104 0.014844
0 0.577344 0.700391 0.047396 0.042969
4 0.787500 0.716797 0.017708 0.096094
4 0.923958 0.738281 0.046875 0.154688
3 0.011979 0.710547 0.023958 0.097656
3 0.544792 0.696484 0.013542 0.052344
3 0.745052 0.710547 0.056771 0.071094
3 0.645833 0.701172 0.035417 0.066406
3 0.626823 0.726562 0.109896 0.137500
1 0.136719 0.393359 0.047396 0.150781
1 0.384115 0.593359 0.010937 0.047656
1 0.534115 0.419922 0.009896 0.044531
1 0.672396 0.608984 0.010417 0.027344
1 0.859635 0.534375 0.022396 0.060937
1 0.889062 0.507812 0.032292 0.110937
2 0.172917 0.199219 0.156250 0.101562
2 0.168490 0.283594 0.157812 0.096875
2 0.558594 0.685547 0.005729 0.008594
2 0.557813 0.693359 0.004167 0.007031
2 0.558594 0.664062 0.009896 0.015625
2 0.523958 0.657031 0.003125 0.012500
2 0.532292 0.662109 0.009375 0.014844
2 0.557812 0.646094 0.005208 0.018750
2 0.505990 0.657813 0.011979 0.018750
2 0.498438 0.666797 0.003125 0.005469
2 0.903125 0.745313 0.034375 0.060937
2 0.898958 0.689453 0.032292 0.044531