0 0.443750 0.667188 0.005208 0.007812
0 0.376563 0.648828 0.013542 0.016406
0 0.393490 0.642969 0.007812 0.012500
0 0.197917 0.660547 0.041667 0.035156
0 0.161458 0.625781 0.015625 0.010937
0 0.413281 0.635547 0.006771 0.008594
0 0.417708 0.632812 0.005208 0.007812
0 0.404687 0.639453 0.008333 0.010156
2 0.473438 0.668359 0.002083 0.010156
2 0.365365 0.652734 0.007812 0.011719
2 0.364844 0.664844 0.004687 0.010937
2 0.397656 0.626563 0.004687 0.007812
2 0.253385 0.655859 0.003646 0.014844
2 0.231250 0.658594 0.002083 0.007812
2 0.221615 0.655078 0.003646 0.014844
2 0.214323 0.641797 0.001563 0.008594
2 0.081250 0.626563 0.003125 0.012500