0 0.552604 0.806250 0.498958 0.387500
0 0.444271 0.693750 0.075000 0.034375
0 0.482813 0.697656 0.020833 0.028125
0 0.362760 0.692187 0.016146 0.009375
0 0.335417 0.725781 0.055208 0.067187
0 0.312500 0.712109 0.040625 0.053906
0 0.336719 0.685156 0.010937 0.006250
0 0.339844 0.690625 0.009896 0.003125
0 0.139583 0.750781 0.208333 0.184375
0 0.346875 0.703125 0.017708 0.009375
3 0.258854 0.714063 0.017708 0.053125
1 0.318750 0.486328 0.013542 0.058594
1 0.374740 0.673047 0.003646 0.014844
2 0.527604 0.563281 0.017708 0.067187
2 0.361198 0.668750 0.014063 0.012500
2 0.215625 0.687109 0.010417 0.016406
2 0.033333 0.733594 0.017708 0.060937
2 0.362240 0.680469 0.015104 0.010937