0 0.827083 0.710938 0.188542 0.276562
0 0.716927 0.716016 0.068229 0.064844
0 0.672396 0.706641 0.045833 0.052344
0 0.652344 0.701172 0.022396 0.042969
0 0.624219 0.697266 0.017188 0.039844
0 0.619271 0.694141 0.012500 0.033594
0 0.611979 0.691797 0.020833 0.033594
0 0.604427 0.685937 0.010937 0.023438
0 0.502604 0.718359 0.123958 0.164844
0 0.553125 0.682031 0.008333 0.017188
0 0.370833 0.655859 0.010417 0.008594
0 0.359635 0.654687 0.018229 0.009375
0 0.342708 0.653125 0.016667 0.004687
0 0.338281 0.669922 0.051562 0.028906
0 0.299740 0.679688 0.046354 0.050000
0 0.262240 0.673828 0.043229 0.044531
0 0.215625 0.678125 0.052083 0.059375
0 0.162760 0.683203 0.084896 0.064844
0 0.010417 0.706250 0.020833 0.123438
0 0.317708 0.652344 0.026042 0.007812
5 0.583333 0.673047 0.034375 0.067969
4 0.721094 0.730859 0.034896 0.149219
4 0.637240 0.701953 0.013021 0.071094
4 0.287760 0.654297 0.014063 0.027344
4 0.107813 0.643359 0.012500 0.033594
2 0.501823 0.633203 0.007812 0.010156
2 0.389323 0.685156 0.013021 0.048438