0 0.167187 0.749219 0.334375 0.459375
0 0.310417 0.714063 0.042708 0.084375
0 0.329167 0.709375 0.044792 0.067187
0 0.395833 0.732031 0.125000 0.162500
0 0.455208 0.699219 0.012500 0.023438
0 0.464323 0.702734 0.018229 0.038281
0 0.478125 0.706641 0.027083 0.047656
0 0.488542 0.710547 0.025000 0.057031
0 0.499479 0.719531 0.034375 0.079687
0 0.536458 0.739844 0.087500 0.128125
0 0.667708 0.769531 0.242708 0.234375
0 0.908854 0.862500 0.182292 0.275000
1 0.549479 0.612109 0.014583 0.036719
2 0.941927 0.448047 0.078646 0.150781