0 0.054167 0.719141 0.108333 0.083594
0 0.116406 0.688281 0.021354 0.020313
0 0.154167 0.716406 0.138542 0.103125
0 0.375000 0.680469 0.034375 0.018750
0 0.501302 0.742969 0.147396 0.198437
0 0.569792 0.691016 0.016667 0.019531
0 0.561979 0.676172 0.007292 0.010156
0 0.564844 0.673828 0.009896 0.011719
0 0.599479 0.694531 0.043750 0.057813
0 0.579167 0.675000 0.006250 0.009375
0 0.579687 0.675391 0.005208 0.008594
0 0.798698 0.689063 0.032813 0.046875
0 0.829688 0.693750 0.035417 0.045312
0 0.895052 0.723047 0.209896 0.446094
0 0.316406 0.681641 0.015104 0.021094
4 0.757552 0.675391 0.006771 0.025781
4 0.645052 0.688672 0.006771 0.019531
3 0.572396 0.676953 0.007292 0.014844
3 0.695052 0.684375 0.030729 0.035937
1 0.445312 0.608203 0.008333 0.035156
1 0.511719 0.633984 0.004687 0.019531
1 0.697917 0.612891 0.008333 0.033594
1 0.577344 0.580859 0.004687 0.019531
1 0.581250 0.657813 0.002083 0.007812
2 0.487500 0.625000 0.013542 0.020313
2 0.487500 0.639844 0.010417 0.007812
2 0.602083 0.656250 0.003125 0.007812
2 0.619271 0.648438 0.006250 0.014063
2 0.640885 0.640234 0.019271 0.014844
2 0.620573 0.676953 0.004687 0.007031
2 0.621094 0.685156 0.004687 0.009375
2 0.700781 0.687109 0.007812 0.016406
2 0.700260 0.671875 0.007812 0.010937
2 0.723438 0.590234 0.007292 0.021094
2 0.561979 0.578125 0.017708 0.006250