0 0.447396 0.708984 0.018750 0.028906
0 0.411198 0.712891 0.032813 0.042969
0 0.388281 0.703906 0.020313 0.023438
0 0.336979 0.708594 0.005208 0.057813
0 0.248177 0.701953 0.074479 0.052344
0 0.264583 0.721875 0.110417 0.103125
0 0.203125 0.715625 0.015625 0.068750
0 0.103385 0.722266 0.195312 0.147656
0 0.017708 0.718750 0.035417 0.104688
0 0.954948 0.771484 0.071354 0.133594
0 0.590365 0.707031 0.108854 0.062500
0 0.726823 0.708594 0.044271 0.042188
0 0.594271 0.817969 0.409375 0.364063
0 0.857552 0.821094 0.273438 0.292187
1 0.569271 0.625781 0.004167 0.007812
2 0.350521 0.722656 0.028125 0.110937
2 0.802083 0.664062 0.017708 0.023438