0 0.342188 0.710156 0.009375 0.017188
0 0.328125 0.715625 0.027083 0.029687
0 0.358073 0.713672 0.027604 0.057031
0 0.051562 0.850000 0.103125 0.300000
0 0.446875 0.695312 0.069792 0.034375
0 0.482552 0.697656 0.021354 0.028125
0 0.552344 0.807031 0.498437 0.385937
4 0.660156 0.641797 0.023438 0.042969
3 0.314323 0.706250 0.004687 0.015625
1 0.319531 0.486328 0.010937 0.058594
1 0.503906 0.591406 0.014063 0.040625
2 0.527344 0.563281 0.016146 0.067187
2 0.032813 0.718359 0.016667 0.030469
2 0.123437 0.728125 0.010417 0.032813
2 0.157292 0.714453 0.007292 0.024219
2 0.241406 0.698828 0.003646 0.011719
2 0.360938 0.668750 0.011458 0.010937
2 0.361719 0.679688 0.015104 0.009375