0 0.423177 0.593750 0.046354 0.025000
0 0.044531 0.575781 0.089063 0.135937
0 0.557031 0.626953 0.076563 0.099219
0 0.596875 0.603516 0.015625 0.017969
0 0.657813 0.619141 0.053125 0.058594
0 0.626823 0.611719 0.026562 0.032813
0 0.692448 0.620312 0.027604 0.043750
0 0.704948 0.608594 0.006771 0.010937
0 0.614583 0.602734 0.008333 0.013281
0 0.640365 0.592187 0.014063 0.017188
0 0.864583 0.633203 0.270833 0.269531
6 0.206250 0.559375 0.234375 0.153125
3 0.726562 0.620703 0.015625 0.055469
2 0.494010 0.596484 0.005729 0.017969
2 0.615104 0.531641 0.044792 0.030469
2 0.661979 0.532031 0.039583 0.029687
2 0.711458 0.533203 0.037500 0.030469
2 0.589583 0.596094 0.001042 0.006250
2 0.611719 0.596094 0.001563 0.006250