0 0.652083 0.661719 0.126042 0.096875
0 0.513281 0.637500 0.061979 0.065625
0 0.432031 0.632422 0.011979 0.032031
0 0.407812 0.629297 0.041667 0.055469
0 0.385677 0.637500 0.002604 0.012500
0 0.340365 0.626563 0.016146 0.018750
0 0.319531 0.624219 0.028646 0.031250
0 0.283594 0.625391 0.021354 0.027344
0 0.238542 0.622266 0.070833 0.069531
0 0.020573 0.682422 0.041146 0.152344
2 0.346615 0.607812 0.006771 0.025000
2 0.363281 0.618750 0.003646 0.012500
2 0.372135 0.626953 0.001563 0.007031
2 0.370052 0.617188 0.002604 0.009375