0 0.883594 0.724609 0.232813 0.396094
0 0.745833 0.654688 0.187500 0.185938
0 0.640625 0.630469 0.094792 0.117188
0 0.583594 0.624609 0.057813 0.089844
0 0.464062 0.626953 0.051042 0.069531
0 0.412500 0.653906 0.102083 0.134375
0 0.307031 0.650000 0.120313 0.126562
4 0.173698 0.664844 0.057813 0.178125
4 0.855208 0.568750 0.016667 0.032813
3 0.284115 0.664453 0.057813 0.216406
3 0.359635 0.610547 0.018229 0.042969
3 0.413542 0.609766 0.014583 0.017969
3 0.498958 0.631641 0.039583 0.133594
3 0.517969 0.576562 0.019271 0.017188
3 0.533594 0.642578 0.050521 0.157031
1 0.415365 0.560156 0.002604 0.010937
1 0.429167 0.560547 0.003125 0.005469
1 0.490104 0.569922 0.002083 0.007031