0 0.901562 0.867969 0.196875 0.264062
0 0.664844 0.777734 0.252604 0.249219
0 0.527604 0.721484 0.070833 0.091406
0 0.408333 0.700781 0.133333 0.064062
0 0.324479 0.701562 0.065625 0.057813
0 0.268229 0.712500 0.136458 0.087500
0 0.197135 0.706250 0.035937 0.040625
0 0.190625 0.696094 0.039583 0.028125
0 0.096094 0.824609 0.192188 0.350781
0 0.341406 0.817578 0.492188 0.364844
1 0.430469 0.625391 0.003646 0.017969
1 0.408073 0.626172 0.003646 0.017969
2 0.595313 0.594531 0.031250 0.040625
2 0.494531 0.655078 0.006771 0.022656
2 0.222917 0.650781 0.013542 0.020313
2 0.222917 0.671875 0.013542 0.021875
2 0.208594 0.669922 0.011979 0.008594
2 0.168750 0.676953 0.003125 0.013281