0 0.555729 0.805469 0.491667 0.389062
0 0.358594 0.711328 0.015104 0.024219
0 0.359635 0.692969 0.017188 0.009375
0 0.335417 0.685938 0.011458 0.006250
0 0.462760 0.696484 0.057813 0.027344
0 0.323958 0.718359 0.030208 0.041406
0 0.299219 0.721875 0.024479 0.054688
0 0.245573 0.724609 0.103646 0.114844
0 0.021615 0.835156 0.043229 0.153125
1 0.317708 0.483594 0.012500 0.053125
1 0.373438 0.672656 0.003125 0.014063
2 0.526302 0.564453 0.016146 0.067969
2 0.443490 0.679297 0.004687 0.007031
2 0.030990 0.732813 0.017188 0.060937
2 0.121354 0.726953 0.009375 0.032031
2 0.155729 0.714063 0.007292 0.023438
2 0.353125 0.699609 0.003125 0.005469
2 0.359635 0.669141 0.011979 0.011719
2 0.360937 0.681250 0.014583 0.010937