0 0.971354 0.822656 0.057292 0.154688
0 0.619792 0.731641 0.130208 0.135156
0 0.570833 0.695703 0.033333 0.053906
0 0.552865 0.688672 0.031771 0.038281
0 0.420312 0.718750 0.095833 0.129688
0 0.420833 0.675391 0.018750 0.017969
0 0.459896 0.682422 0.014583 0.041406
0 0.479687 0.684375 0.030208 0.040625
0 0.505729 0.684375 0.025000 0.034375
0 0.491406 0.669531 0.007812 0.009375
0 0.124740 0.690234 0.080729 0.061719
0 0.091146 0.666406 0.014583 0.014063
0 0.180990 0.688281 0.063021 0.054688
0 0.225000 0.673828 0.040625 0.025781
0 0.206771 0.664062 0.021875 0.014063
0 0.260417 0.681641 0.041667 0.038281
0 0.247656 0.668750 0.010937 0.009375
0 0.296875 0.675391 0.028125 0.028906
0 0.319792 0.665625 0.023958 0.017188
0 0.312500 0.658203 0.014583 0.008594
0 0.329687 0.658594 0.012500 0.012500
0 0.321094 0.654297 0.010937 0.008594
0 0.306510 0.657422 0.006771 0.008594
0 0.304427 0.655469 0.009896 0.009375
0 0.315885 0.650391 0.009896 0.005469
0 0.330469 0.646094 0.008854 0.004687
0 0.322396 0.646094 0.008333 0.006250
0 0.332292 0.650000 0.008333 0.004687
0 0.472396 0.661719 0.012500 0.004687
0 0.459635 0.658594 0.011979 0.012500
0 0.471615 0.653906 0.010937 0.009375
0 0.453646 0.654297 0.010417 0.013281
0 0.414323 0.651953 0.010937 0.003906
0 0.436719 0.651172 0.009896 0.005469
0 0.438281 0.647266 0.009896 0.011719
0 0.429427 0.642578 0.007812 0.008594
0 0.420573 0.644141 0.008854 0.010156
0 0.413542 0.639062 0.006250 0.007812
0 0.410156 0.645313 0.009896 0.010937
0 0.405469 0.642969 0.006771 0.007812
0 0.410156 0.633984 0.005729 0.008594
0 0.405990 0.630469 0.005729 0.006250
0 0.438802 0.635547 0.007812 0.008594
0 0.435417 0.633594 0.006250 0.009375
0 0.420573 0.633203 0.005729 0.008594
0 0.399479 0.630859 0.006250 0.007031
0 0.400521 0.634766 0.006250 0.007031
0 0.410417 0.628125 0.004167 0.003125
0 0.414844 0.628906 0.004687 0.003125
0 0.467969 0.648047 0.006771 0.008594
5 0.272656 0.651563 0.038021 0.034375
3 0.460156 0.647266 0.003646 0.010156
1 0.429427 0.606641 0.002604 0.008594
1 0.421875 0.604297 0.003125 0.003906
2 0.756771 0.670312 0.007292 0.026562
2 0.487240 0.634375 0.006771 0.012500
2 0.521094 0.628516 0.017188 0.032031