0 0.154948 0.754687 0.309896 0.485938
0 0.303646 0.677734 0.047917 0.049219
0 0.359375 0.675781 0.033333 0.035937
0 0.422917 0.722266 0.097917 0.133594
0 0.473177 0.687109 0.024479 0.036719
0 0.562500 0.719531 0.080208 0.093750
0 0.487240 0.685156 0.009896 0.028125
0 0.740104 0.711328 0.088542 0.039844
3 0.387500 0.672266 0.007292 0.021094
3 0.494271 0.682422 0.007292 0.021094
3 0.517969 0.690234 0.006771 0.028906
3 0.505729 0.697266 0.025000 0.072656
1 0.826042 0.087891 0.034375 0.127344
2 0.808854 0.628125 0.023958 0.039062
2 0.681250 0.662500 0.008333 0.020313
2 0.667708 0.653516 0.011458 0.022656
2 0.347396 0.671484 0.013542 0.025781
2 0.533854 0.686328 0.003125 0.010156