0 0.035156 0.710938 0.070312 0.048438
0 0.096875 0.705078 0.058333 0.035156
0 0.494531 0.637500 0.008854 0.009375
0 0.484635 0.636719 0.009896 0.009375
0 0.473437 0.636719 0.010417 0.012500
0 0.486458 0.641406 0.010417 0.014063
0 0.470573 0.646875 0.015104 0.018750
0 0.451302 0.651953 0.017188 0.022656
0 0.441406 0.668359 0.024479 0.044531
0 0.421094 0.682031 0.045312 0.060937
0 0.491406 0.689453 0.059896 0.078906
0 0.526302 0.660937 0.004687 0.015625
0 0.531510 0.659766 0.007812 0.019531
0 0.541406 0.661328 0.018229 0.024219
0 0.564323 0.663672 0.019271 0.025781
0 0.584115 0.666016 0.005729 0.027344
0 0.597656 0.676562 0.013021 0.039062
0 0.605729 0.680859 0.019792 0.047656
0 0.617448 0.684766 0.023438 0.057031
0 0.591406 0.671094 0.009896 0.035937
0 0.637500 0.691016 0.052083 0.067969
0 0.683073 0.703125 0.077604 0.089063
0 0.744531 0.717969 0.106771 0.115625
0 0.865104 0.738281 0.218750 0.167187
3 0.382031 0.651172 0.006771 0.022656
1 0.519792 0.557422 0.005208 0.010156
2 0.486979 0.539844 0.044792 0.029687
2 0.559896 0.528516 0.057292 0.052344
2 0.510156 0.618750 0.005729 0.007812
2 0.400781 0.655859 0.003646 0.014844
2 0.153906 0.699609 0.049479 0.027344