0 0.230990 0.701562 0.136979 0.120313
0 0.540104 0.688281 0.055208 0.059375
0 0.526302 0.679688 0.031771 0.046875
0 0.473958 0.669141 0.016667 0.019531
0 0.464844 0.667188 0.004687 0.015625
0 0.460417 0.665234 0.005208 0.011719
0 0.457031 0.662500 0.006771 0.009375
0 0.454688 0.660547 0.007292 0.008594
0 0.449479 0.657422 0.006250 0.007031
0 0.442969 0.657031 0.005729 0.004687
0 0.434896 0.665625 0.012500 0.015625
0 0.422656 0.661719 0.007812 0.010937
0 0.427344 0.655078 0.004687 0.007031
0 0.423958 0.655078 0.002083 0.003906
0 0.419010 0.656250 0.004687 0.006250
0 0.414323 0.657031 0.005729 0.007812
0 0.391667 0.662891 0.011458 0.013281
0 0.380469 0.665625 0.006771 0.017188
0 0.375000 0.665625 0.009375 0.018750
0 0.363281 0.666406 0.018229 0.021875
0 0.339323 0.669141 0.024479 0.027344
0 0.141927 0.688281 0.106771 0.087500
0 0.437240 0.654688 0.007812 0.006250
0 0.879948 0.749609 0.235937 0.177344
2 0.397917 0.649609 0.004167 0.003906
2 0.507552 0.620312 0.010937 0.012500