0 0.541406 0.621875 0.010937 0.015625
0 0.519792 0.619141 0.009375 0.014844
0 0.499479 0.621875 0.016667 0.018750
0 0.478125 0.617969 0.019792 0.021875
0 0.444010 0.627734 0.040104 0.047656
0 0.431250 0.623047 0.022917 0.035156
0 0.415104 0.620312 0.017708 0.025000
0 0.358594 0.623047 0.035937 0.038281
0 0.316667 0.615625 0.013542 0.023438
0 0.265625 0.646094 0.130208 0.123438
0 0.179427 0.635547 0.055729 0.083594
3 0.480990 0.622656 0.009896 0.037500
2 0.805469 0.627734 0.019271 0.086719
2 0.525260 0.617188 0.002604 0.012500
2 0.112500 0.249219 0.144792 0.146875
2 0.289583 0.251563 0.197917 0.154688
2 0.491927 0.256250 0.190104 0.154688