0 0.122917 0.724219 0.245833 0.318750
0 0.348698 0.610156 0.025521 0.021875
0 0.361458 0.609375 0.014583 0.014063
0 0.332292 0.750000 0.381250 0.406250
0 0.516927 0.631641 0.045312 0.103906
0 0.648958 0.700000 0.276042 0.284375
0 0.964583 0.625000 0.070833 0.129688
5 0.482292 0.600391 0.006250 0.014844
4 0.751563 0.592969 0.015625 0.034375
4 0.862240 0.600781 0.016146 0.050000
4 0.932292 0.594531 0.029167 0.076563
3 0.490104 0.611328 0.011458 0.028906
1 0.478906 0.535937 0.003646 0.015625
1 0.484635 0.535547 0.003646 0.014844
1 0.502344 0.533203 0.003646 0.014844
1 0.563542 0.545312 0.007292 0.028125
2 0.587500 0.551172 0.012500 0.024219
2 0.612760 0.538281 0.018229 0.021875
2 0.963802 0.481250 0.035937 0.057813
2 0.990365 0.474219 0.019271 0.026562