0 0.971615 0.721484 0.056771 0.067969
0 0.832292 0.666406 0.255208 0.117188
0 0.718750 0.778125 0.562500 0.443750
0 0.514583 0.650000 0.189583 0.281250
0 0.426042 0.633984 0.004167 0.022656
0 0.407552 0.623437 0.016146 0.026562
0 0.389844 0.616016 0.022396 0.010156
0 0.395573 0.639062 0.041146 0.067187
0 0.358333 0.645703 0.063542 0.091406
0 0.280729 0.651562 0.142708 0.150000
0 0.161198 0.712500 0.322396 0.268750
0 0.043490 0.621484 0.086979 0.099219
0 0.011198 0.823828 0.022396 0.144531
0 0.167448 0.623437 0.080729 0.042188
3 0.898698 0.635938 0.067187 0.070312
3 0.421875 0.618750 0.007292 0.026562
2 0.663281 0.558203 0.008854 0.003906
2 0.304427 0.582422 0.009896 0.011719