0 0.278125 0.814844 0.153125 0.085938
0 0.350260 0.796484 0.032813 0.035156
0 0.390885 0.783984 0.021354 0.010156
0 0.415625 0.781250 0.017708 0.010937
0 0.414844 0.792187 0.014063 0.025000
0 0.449740 0.793750 0.014063 0.026562
0 0.439323 0.796094 0.016146 0.031250
0 0.426042 0.798047 0.028125 0.033594
0 0.400521 0.796484 0.021875 0.030469
0 0.378125 0.797266 0.030208 0.033594
0 0.488802 0.793750 0.014063 0.018750
0 0.504948 0.783594 0.005729 0.009375
0 0.516667 0.785938 0.007292 0.010937
0 0.528906 0.789062 0.006771 0.014063
0 0.522656 0.798047 0.018229 0.024219
0 0.551042 0.811719 0.034375 0.039062
0 0.569010 0.805078 0.023438 0.028906
0 0.539583 0.792188 0.013542 0.014063
0 0.549479 0.789062 0.010417 0.004687
0 0.559375 0.789453 0.012500 0.005469
5 0.538281 0.782422 0.010937 0.014844
6 0.881771 0.798828 0.236458 0.263281
4 0.349740 0.776172 0.004687 0.007031
4 0.501563 0.805859 0.013542 0.047656
4 0.511719 0.806641 0.014063 0.047656
4 0.536979 0.792187 0.004167 0.017188
4 0.542448 0.789844 0.004687 0.017188
4 0.621094 0.810156 0.008854 0.031250
4 0.644271 0.805078 0.009375 0.036719
4 0.725521 0.823437 0.016667 0.056250
7 0.632552 0.822656 0.017188 0.065625
1 0.127604 0.405859 0.085417 0.235156
1 0.263021 0.743359 0.006250 0.016406
1 0.455469 0.746094 0.008854 0.029687
1 0.463281 0.746094 0.007812 0.029687
1 0.562240 0.670703 0.006771 0.027344
1 0.593490 0.673047 0.006771 0.027344
1 0.982292 0.408203 0.035417 0.092969
2 0.258854 0.698047 0.027083 0.028906
2 0.117708 0.584766 0.082292 0.075781
2 0.248438 0.663281 0.011458 0.025000
2 0.508073 0.713672 0.020313 0.017969
2 0.507812 0.730078 0.019792 0.017969
2 0.570833 0.692187 0.021875 0.020313
2 0.700260 0.733594 0.020313 0.025000