0 0.950781 0.706641 0.098437 0.069531
0 0.985938 0.688281 0.028125 0.029687
0 0.835677 0.750391 0.328646 0.197656
0 0.689844 0.680859 0.026562 0.038281
0 0.550260 0.698438 0.040104 0.054688
0 0.493490 0.707422 0.074479 0.085156
0 0.438021 0.695703 0.044792 0.053906
0 0.414323 0.700391 0.010937 0.025781
0 0.369531 0.695312 0.027604 0.053125
0 0.331250 0.692969 0.004167 0.045312
0 0.175781 0.746484 0.161979 0.205469
0 0.039062 0.691016 0.078125 0.075781
0 0.063802 0.675781 0.048438 0.039062
4 0.104688 0.722656 0.062500 0.214062
2 0.297135 0.691406 0.028646 0.045312
2 0.393750 0.663672 0.009375 0.014844
2 0.605990 0.659766 0.014063 0.021094
2 0.622917 0.659375 0.008333 0.035937