0 0.538021 0.697656 0.102083 0.129688
0 0.561719 0.678516 0.065104 0.085156
0 0.490625 0.649219 0.022917 0.010937
0 0.483073 0.667969 0.033854 0.046875
0 0.473438 0.652734 0.011458 0.008594
0 0.425000 0.671094 0.042708 0.054688
0 0.359375 0.694922 0.107292 0.122656
4 0.691146 0.642188 0.013542 0.051562
4 0.649479 0.657813 0.015625 0.060937
4 0.631250 0.657031 0.021875 0.065625
4 0.612500 0.657031 0.017708 0.067187
4 0.600000 0.654687 0.006250 0.040625
4 0.584896 0.645703 0.008333 0.025781
7 0.236979 0.686328 0.028125 0.108594
3 0.462240 0.660937 0.008854 0.032813
2 0.727865 0.443750 0.092188 0.146875
2 0.655208 0.494531 0.032292 0.057813
2 0.657031 0.540625 0.028646 0.034375
2 0.594271 0.602734 0.013542 0.021094
2 0.451823 0.638672 0.002604 0.008594
2 0.444531 0.634766 0.008854 0.007031
2 0.424219 0.637500 0.003646 0.009375
2 0.221615 0.608984 0.023438 0.058594