0 0.425000 0.726562 0.218750 0.289062
0 0.119531 0.680469 0.044271 0.065625
0 0.185937 0.667578 0.022917 0.044531
0 0.276042 0.659766 0.010417 0.033594
0 0.485417 0.661328 0.090625 0.105469
0 0.519271 0.631250 0.008333 0.018750
0 0.522135 0.630469 0.006771 0.018750
0 0.527344 0.631641 0.008854 0.016406
0 0.531771 0.628906 0.008333 0.012500
0 0.538281 0.635547 0.007812 0.025781
0 0.565104 0.653516 0.062500 0.074219
0 0.601042 0.642188 0.029167 0.042188
0 0.617969 0.652734 0.031771 0.072656
0 0.664844 0.651172 0.093229 0.146094
0 0.765885 0.709375 0.275521 0.264062
0 0.984635 0.715625 0.030729 0.087500
0 0.943229 0.673047 0.113542 0.124219
0 0.923958 0.640625 0.080208 0.045312
0 0.872396 0.642188 0.022917 0.035937
6 0.372135 0.601562 0.077604 0.050000
6 0.636979 0.603516 0.015625 0.025781
3 0.890625 0.635156 0.028125 0.046875