0 0.607031 0.778516 0.083854 0.099219
0 0.542448 0.758984 0.043229 0.060156
0 0.567708 0.752734 0.020833 0.038281
0 0.522135 0.748047 0.034896 0.042969
0 0.479687 0.769531 0.070833 0.089063
0 0.477604 0.733594 0.039583 0.028125
0 0.480208 0.716406 0.007292 0.007812
0 0.446615 0.741406 0.010937 0.031250
0 0.472396 0.713672 0.005208 0.005469
0 0.440885 0.704297 0.005729 0.007031
0 0.444792 0.716797 0.004167 0.008594
0 0.433854 0.712109 0.005208 0.008594
0 0.420052 0.715234 0.006771 0.008594
0 0.441406 0.716797 0.001563 0.007031
0 0.227083 0.726172 0.030208 0.030469
0 0.386458 0.623828 0.034375 0.008594
0 0.300781 0.614453 0.032813 0.010156
0 0.784375 0.668750 0.036458 0.009375
0 0.879427 0.675391 0.035937 0.016406
5 0.505729 0.723438 0.026042 0.042188
3 0.739062 0.782422 0.060417 0.177344
1 0.531510 0.721484 0.003646 0.013281
1 0.383333 0.714844 0.002083 0.006250
2 0.623177 0.658594 0.066146 0.096875
2 0.811979 0.714062 0.006250 0.025000
2 0.700260 0.722266 0.003646 0.016406
2 0.643490 0.725000 0.003646 0.012500
2 0.617188 0.725781 0.002083 0.007812
2 0.434375 0.712500 0.002083 0.009375
2 0.441406 0.716406 0.001563 0.007812
2 0.419010 0.708203 0.002604 0.011719
2 0.393229 0.701172 0.003125 0.016406
2 0.335417 0.685937 0.007292 0.026562
2 0.271354 0.696484 0.003125 0.011719
2 0.174219 0.679297 0.004687 0.011719
2 0.076823 0.618359 0.020313 0.064844
2 0.224479 0.698047 0.002083 0.007031
2 0.423698 0.717187 0.001563 0.004687