0 0.052865 0.698438 0.105729 0.109375
0 0.259896 0.701953 0.043750 0.052344
0 0.192708 0.701953 0.047917 0.053906
0 0.336979 0.698828 0.030208 0.038281
0 0.910417 0.769141 0.179167 0.149219
0 0.662240 0.750391 0.127604 0.155469
0 0.572656 0.710156 0.064062 0.084375
0 0.751042 0.737109 0.091667 0.103906
0 0.775000 0.732031 0.063542 0.084375
0 0.719010 0.703906 0.033854 0.025000
0 0.611719 0.698047 0.023438 0.021094
4 0.518229 0.704687 0.008333 0.048438
4 0.523438 0.705859 0.005208 0.046094
4 0.798958 0.702344 0.020833 0.040625
4 0.725781 0.677734 0.013021 0.016406
1 0.567708 0.610547 0.003125 0.005469
1 0.583854 0.612109 0.003125 0.005469
2 0.539323 0.655469 0.007812 0.012500
2 0.430729 0.692969 0.011458 0.046875
2 0.724219 0.659766 0.011979 0.017969
2 0.531510 0.692187 0.004687 0.017188