0 0.155208 0.619922 0.136458 0.077344
0 0.295833 0.621484 0.068750 0.050781
0 0.335417 0.603906 0.017708 0.012500
0 0.273177 0.598828 0.017188 0.011719
0 0.444531 0.616016 0.025521 0.025781
0 0.457292 0.612500 0.016667 0.021875
0 0.494531 0.617578 0.017188 0.022656
0 0.500000 0.623047 0.027083 0.030469
0 0.529167 0.629297 0.031250 0.042969
0 0.548438 0.617969 0.016667 0.026562
0 0.561719 0.609766 0.008854 0.010156
0 0.556510 0.611719 0.005729 0.012500
0 0.625260 0.671094 0.156771 0.178125
0 0.918490 0.667969 0.163021 0.278125
1 0.297135 0.046875 0.026562 0.092188
1 0.459896 0.045703 0.028125 0.091406
2 0.073177 0.409766 0.146354 0.128906