0 0.966667 0.770313 0.066667 0.076563
0 0.829688 0.825781 0.340625 0.348438
0 0.632552 0.741797 0.053646 0.058594
0 0.601823 0.728125 0.024479 0.031250
0 0.552604 0.721875 0.008333 0.015625
0 0.473958 0.828906 0.300000 0.342187
0 0.545833 0.717578 0.011458 0.011719
0 0.540885 0.719922 0.013021 0.016406
0 0.488281 0.718750 0.030729 0.035937
0 0.397917 0.706641 0.029167 0.032031
0 0.399740 0.685156 0.014063 0.015625
0 0.361198 0.708984 0.019271 0.024219
0 0.371094 0.699609 0.006771 0.007031
0 0.350781 0.708984 0.005729 0.024219
0 0.295833 0.702344 0.009375 0.017188
0 0.256250 0.694531 0.012500 0.009375
0 0.122135 0.696484 0.013021 0.016406
0 0.064583 0.686328 0.006250 0.005469
0 0.093229 0.689453 0.004167 0.005469
0 0.091927 0.687500 0.007812 0.006250
0 0.079687 0.697266 0.031250 0.027344
0 0.048958 0.696094 0.041667 0.053125
0 0.069010 0.896484 0.138021 0.207031
0 0.209375 0.808984 0.331250 0.317969
0 0.566927 0.724219 0.001563 0.012500
3 0.560677 0.721875 0.008854 0.037500
3 0.486198 0.716797 0.026562 0.039844
3 0.515625 0.717187 0.020833 0.046875
3 0.539844 0.719922 0.010937 0.025781
3 0.669010 0.758594 0.042188 0.118750
3 0.811719 0.756641 0.044271 0.085156
3 0.376823 0.712500 0.016146 0.043750
3 0.019792 0.653516 0.039583 0.297656
3 0.076042 0.695312 0.013542 0.031250
3 0.322917 0.699609 0.042708 0.097656
1 0.749479 0.549609 0.015625 0.041406
1 0.735156 0.683594 0.005729 0.017188
1 0.566146 0.651563 0.003125 0.015625
1 0.542448 0.651563 0.003646 0.015625
1 0.519792 0.650391 0.003125 0.014844
1 0.495313 0.650781 0.003125 0.015625
2 0.666667 0.683984 0.006250 0.005469
2 0.666927 0.694922 0.007812 0.011719