0 0.015104 0.762109 0.030208 0.172656
0 0.057031 0.716016 0.114062 0.117969
0 0.158073 0.722656 0.143229 0.132812
0 0.183073 0.678125 0.026562 0.017188
0 0.252604 0.707422 0.059375 0.063281
0 0.302083 0.701953 0.028125 0.033594
0 0.316406 0.705859 0.024479 0.041406
3 0.286719 0.698828 0.013021 0.038281
2 0.336458 0.667969 0.003125 0.012500
2 0.331510 0.672656 0.002604 0.009375
2 0.421094 0.671094 0.003646 0.012500
2 0.434375 0.677734 0.003125 0.011719
2 0.446354 0.683203 0.002083 0.008594
2 0.452604 0.687500 0.002083 0.007812
2 0.458333 0.691797 0.001042 0.007031
2 0.708594 0.669141 0.004687 0.017969
2 0.649740 0.678516 0.002604 0.013281
2 0.611979 0.685937 0.002083 0.010937
2 0.588281 0.691016 0.001563 0.008594
2 0.573177 0.694922 0.001563 0.007031
2 0.562240 0.698438 0.001563 0.006250
2 0.464062 0.693750 0.004167 0.006250
2 0.480729 0.698047 0.004167 0.005469
2 0.498958 0.700391 0.003125 0.005469
2 0.517969 0.703125 0.003646 0.004687
2 0.538542 0.705469 0.003125 0.004687
2 0.580469 0.653906 0.008854 0.015625
2 0.408594 0.623047 0.030729 0.063281
2 0.218750 0.669922 0.002083 0.007031
2 0.250260 0.674609 0.002604 0.005469