0 0.139323 0.712109 0.278646 0.346094
0 0.373438 0.639453 0.085417 0.082031
0 0.250260 0.603125 0.028646 0.021875
0 0.480469 0.635547 0.106771 0.166406
0 0.429167 0.636719 0.004167 0.042188
0 0.542969 0.624219 0.025521 0.032813
0 0.587240 0.633984 0.032813 0.052344
0 0.930469 0.696875 0.139063 0.210938
0 0.779427 0.670703 0.161979 0.146094
0 0.694271 0.651563 0.083333 0.093750
0 0.646354 0.642969 0.051042 0.068750
0 0.623177 0.637500 0.030729 0.056250
0 0.612760 0.634766 0.016146 0.046094
0 0.607031 0.631250 0.015104 0.042188
0 0.600000 0.614453 0.011458 0.010156
6 0.394010 0.582812 0.051562 0.009375
4 0.564323 0.638672 0.036979 0.124219
2 0.661979 0.589062 0.006250 0.009375