0 0.028906 0.715625 0.057813 0.132812
0 0.100000 0.676953 0.098958 0.038281
0 0.108333 0.715234 0.115625 0.099219
0 0.159896 0.680078 0.025000 0.019531
0 0.166146 0.703906 0.020833 0.065625
0 0.322396 0.679297 0.020833 0.014844
0 0.356250 0.703125 0.093750 0.070312
0 0.460417 0.685547 0.010417 0.013281
0 0.467969 0.689453 0.011979 0.021094
0 0.475260 0.688281 0.014063 0.026562
0 0.505208 0.696094 0.013542 0.025000
0 0.523177 0.698438 0.023438 0.023438
0 0.513542 0.745312 0.116667 0.145313
0 0.587240 0.719141 0.068229 0.086719
6 0.469010 0.675781 0.018229 0.010937
6 0.378125 0.667188 0.007292 0.010937
2 0.324219 0.597266 0.026562 0.039844
2 0.381771 0.682422 0.010417 0.014844
2 0.604948 0.635547 0.030729 0.025781
2 0.553125 0.644141 0.008333 0.021094
2 0.553385 0.685547 0.006771 0.008594
2 0.530208 0.657422 0.006250 0.014844
2 0.515625 0.669141 0.003125 0.010156
2 0.508854 0.669922 0.003125 0.007031
2 0.502865 0.671875 0.003646 0.004687
2 0.776302 0.642969 0.018229 0.046875