0 0.058333 0.569922 0.116667 0.039844
0 0.300000 0.571875 0.114583 0.023438
0 0.447396 0.575781 0.037500 0.014063
0 0.588281 0.577344 0.017188 0.004687
0 0.610937 0.591016 0.029167 0.039844
0 0.651823 0.582031 0.032813 0.014063
0 0.643490 0.621484 0.099479 0.122656
0 0.684115 0.591406 0.015104 0.037500
0 0.697656 0.588672 0.018229 0.024219
0 0.750781 0.606641 0.051562 0.066406
5 0.098177 0.539453 0.141146 0.092969
5 0.296354 0.546094 0.080208 0.071875
5 0.691667 0.573828 0.016667 0.019531
3 0.348437 0.567187 0.026042 0.031250
3 0.526042 0.616016 0.045833 0.146094
3 0.717448 0.609375 0.036979 0.100000
3 0.729687 0.573047 0.005208 0.007031
3 0.710677 0.577734 0.006771 0.016406
3 0.890104 0.617578 0.055208 0.122656
2 0.114844 0.617969 0.019271 0.034375
2 0.366146 0.613672 0.013542 0.047656
2 0.448698 0.600000 0.009896 0.031250
2 0.489063 0.595313 0.006250 0.023438
2 0.584635 0.585547 0.002604 0.010156
2 0.596094 0.585547 0.001563 0.008594