0 0.878906 0.769922 0.242188 0.349219
0 0.692188 0.651953 0.088542 0.077344
0 0.583333 0.631641 0.014583 0.038281
0 0.544010 0.637500 0.073438 0.098437
0 0.505469 0.624609 0.020313 0.027344
0 0.495573 0.622656 0.007812 0.023438
0 0.488021 0.622656 0.008333 0.012500
0 0.480729 0.621875 0.006250 0.018750
0 0.458854 0.621875 0.006250 0.025000
0 0.469792 0.623438 0.023958 0.029687
0 0.367448 0.608203 0.017188 0.008594
0 0.328906 0.611328 0.027604 0.011719
0 0.145573 0.625000 0.047396 0.014063
2 0.580469 0.598437 0.013021 0.025000
2 0.583594 0.503125 0.049479 0.045312
2 0.529687 0.500391 0.052083 0.049219
2 0.466146 0.500391 0.043750 0.046094