0 0.384896 0.600781 0.102083 0.050000
0 0.445833 0.613281 0.043750 0.050000
0 0.501042 0.613281 0.071875 0.057813
0 0.240885 0.605078 0.049479 0.064844
0 0.276302 0.738281 0.518229 0.410938
0 0.558073 0.603516 0.022396 0.028906
0 0.586719 0.614453 0.060937 0.055469
0 0.777083 0.720703 0.397917 0.316406
0 0.913542 0.644531 0.172917 0.106250
0 0.985417 0.707813 0.029167 0.037500
0 0.917969 0.857031 0.164062 0.285938
4 0.583854 0.614062 0.010417 0.056250
4 0.595573 0.602734 0.015104 0.061719
3 0.148438 0.583984 0.181250 0.246094
3 0.380729 0.583594 0.078125 0.109375
3 0.537240 0.619141 0.048438 0.096094
3 0.620833 0.626172 0.085417 0.103906
3 0.975521 0.610547 0.048958 0.061719
1 0.317969 0.413672 0.009896 0.039844
1 0.373958 0.415625 0.011458 0.039062
1 0.619271 0.573828 0.005208 0.008594
1 0.617188 0.495312 0.011458 0.046875
2 0.013542 0.576172 0.007292 0.010156
2 0.096094 0.571094 0.006771 0.017188
2 0.817708 0.566797 0.037500 0.021094
2 0.741927 0.563281 0.004687 0.006250