0 0.876563 0.777344 0.246875 0.421875
0 0.849219 0.626953 0.081771 0.067969
0 0.776042 0.623828 0.040625 0.017969
0 0.760937 0.679688 0.172917 0.162500
0 0.649740 0.651172 0.088021 0.102344
0 0.626042 0.641797 0.064583 0.078906
0 0.661979 0.617578 0.011458 0.013281
0 0.597917 0.626563 0.011458 0.035937
0 0.584635 0.620703 0.018229 0.025781
0 0.573698 0.623828 0.013021 0.033594
0 0.567188 0.625391 0.017708 0.044531
0 0.558073 0.621484 0.028646 0.053906
0 0.501823 0.662500 0.147396 0.145313
0 0.330990 0.737891 0.493229 0.386719
0 0.290625 0.592578 0.012500 0.027344
0 0.098177 0.556250 0.039062 0.034375
0 0.076302 0.552734 0.054688 0.030469
3 0.695312 0.607422 0.023958 0.049219
1 0.585417 0.582031 0.003125 0.014063