0 0.530729 0.625000 0.016667 0.007812
0 0.512500 0.595312 0.016667 0.017188
0 0.497396 0.601953 0.015625 0.019531
0 0.464323 0.578906 0.011979 0.014063
0 0.485156 0.571094 0.005729 0.006250
0 0.737240 0.685938 0.022396 0.014063
0 0.013281 0.680859 0.026562 0.022656
4 0.545312 0.603516 0.004167 0.017969
4 0.444271 0.591797 0.003125 0.013281
3 0.480990 0.591406 0.004687 0.017188
3 0.509375 0.633594 0.013542 0.042188
2 0.475781 0.622656 0.003646 0.006250
2 0.551302 0.620703 0.001563 0.008594
2 0.572917 0.622266 0.002083 0.010156
2 0.613281 0.624219 0.003646 0.017188
2 0.704687 0.628906 0.005208 0.028125
2 0.078385 0.594141 0.011979 0.053906
2 0.298177 0.613281 0.004687 0.025000
2 0.362760 0.615234 0.003646 0.016406
2 0.392708 0.618750 0.002083 0.012500
2 0.409635 0.620703 0.001563 0.008594
2 0.420313 0.623828 0.001042 0.007031
2 0.434896 0.628125 0.003125 0.007812