0 0.988802 0.602344 0.020313 0.014063
0 0.961979 0.619531 0.076042 0.051562
0 0.928385 0.604297 0.008854 0.007031
0 0.905469 0.614063 0.006771 0.021875
0 0.984375 0.735938 0.031250 0.123438
0 0.792969 0.750391 0.363021 0.342969
0 0.654948 0.617578 0.007812 0.008594
0 0.608594 0.654297 0.090104 0.122656
0 0.565104 0.610547 0.022917 0.011719
0 0.567448 0.623047 0.013021 0.016406
0 0.552344 0.624219 0.025521 0.015625
0 0.539583 0.646484 0.047917 0.057031
0 0.519010 0.634766 0.031771 0.044531
0 0.500000 0.635547 0.014583 0.032031
0 0.497917 0.624219 0.023958 0.029687
0 0.665104 0.629687 0.013542 0.023438
0 0.438021 0.675000 0.088542 0.123438
0 0.467188 0.656250 0.050000 0.078125
0 0.467708 0.618359 0.035417 0.016406
0 0.485417 0.620703 0.003125 0.005469
0 0.305469 0.646094 0.021354 0.035937
0 0.325000 0.640625 0.028125 0.023438
0 0.247135 0.629297 0.057813 0.030469
0 0.170312 0.706641 0.182292 0.167969
0 0.103385 0.671484 0.048438 0.064844
0 0.013281 0.741016 0.026562 0.147656
0 0.009896 0.664453 0.019792 0.017969
6 0.553646 0.605078 0.023958 0.014844
4 0.895573 0.607031 0.019271 0.042188
3 0.355729 0.622656 0.020833 0.018750
3 0.279948 0.642188 0.015104 0.059375
1 0.434375 0.569922 0.006250 0.027344
2 0.967969 0.571484 0.009896 0.013281
2 0.761458 0.540625 0.029167 0.021875
2 0.762760 0.563281 0.028646 0.021875