0 0.451042 0.670313 0.016667 0.053125
0 0.486979 0.651953 0.008333 0.008594
0 0.492448 0.652344 0.006771 0.009375
0 0.476042 0.687891 0.057292 0.122656
0 0.559115 0.645312 0.018229 0.020313
0 0.555469 0.710938 0.142187 0.190625
0 0.619792 0.658594 0.038542 0.046875
0 0.662760 0.696875 0.088021 0.137500
0 0.840365 0.653125 0.069271 0.028125
0 0.975000 0.652734 0.050000 0.064844
0 0.833333 0.757812 0.333333 0.326562
4 0.360677 0.647266 0.009896 0.036719
1 0.507031 0.581250 0.003646 0.015625
2 0.675781 0.592187 0.014063 0.034375