0 0.814844 0.806250 0.370312 0.314063
0 0.524219 0.715625 0.072396 0.081250
0 0.508333 0.677734 0.027083 0.013281
0 0.486458 0.696484 0.028125 0.033594
0 0.389583 0.691797 0.046875 0.041406
0 0.376042 0.796094 0.253125 0.325000
0 0.287240 0.696484 0.007812 0.014844
0 0.282812 0.696875 0.008333 0.015625
0 0.272396 0.695703 0.021875 0.019531
0 0.263802 0.702344 0.014063 0.029687
0 0.019792 0.706250 0.027083 0.028125
0 0.016146 0.712891 0.032292 0.053906
0 0.021354 0.696875 0.006250 0.003125
2 0.424740 0.626953 0.078646 0.022656
2 0.354948 0.593750 0.006771 0.009375
2 0.168229 0.310547 0.026042 0.035156