0 0.461198 0.747656 0.417187 0.403125
0 0.260417 0.590625 0.071875 0.039062
0 0.284635 0.579688 0.024479 0.014063
0 0.339583 0.594922 0.028125 0.039844
0 0.623437 0.646094 0.070833 0.134375
0 0.732812 0.647656 0.066667 0.093750
0 0.772656 0.624219 0.057813 0.056250
0 0.862760 0.681641 0.274479 0.311719
0 0.051823 0.600781 0.085938 0.123438
4 0.276042 0.569141 0.007292 0.007031
3 0.254427 0.586719 0.032813 0.043750
3 0.686719 0.689062 0.152604 0.350000
3 0.226562 0.583594 0.011458 0.042188
3 0.229948 0.572656 0.006771 0.015625
3 0.233594 0.573047 0.007812 0.014844
1 0.618750 0.486719 0.006250 0.023438
1 0.650781 0.486328 0.005729 0.022656
2 0.701823 0.584375 0.008854 0.012500