0 0.422917 0.712500 0.015625 0.023438
0 0.450521 0.714063 0.009375 0.015625
0 0.463021 0.716406 0.020833 0.026562
0 0.477865 0.705469 0.005729 0.004687
0 0.482552 0.709375 0.005729 0.007812
0 0.494010 0.708594 0.005729 0.006250
0 0.505990 0.708203 0.005729 0.007031
0 0.501823 0.709375 0.005729 0.004687
0 0.546875 0.730469 0.066667 0.085938
0 0.749219 0.740625 0.108854 0.090625
0 0.225521 0.698437 0.044792 0.020313
0 0.172135 0.697266 0.031771 0.016406
0 0.473438 0.714844 0.002083 0.012500
0 0.473698 0.707031 0.002604 0.003125
0 0.512760 0.709375 0.003646 0.006250
6 0.499740 0.706641 0.006771 0.007031
3 0.477083 0.715234 0.005208 0.021094
1 0.820052 0.592187 0.014063 0.054688
2 0.863021 0.614453 0.056250 0.055469
2 0.847917 0.688672 0.009375 0.032031
2 0.647396 0.703516 0.003125 0.014844
2 0.617969 0.705469 0.002604 0.012500
2 0.594271 0.707031 0.002083 0.010937