0 0.197396 0.703125 0.016667 0.021875
0 0.339062 0.698047 0.027083 0.039844
0 0.465104 0.691016 0.043750 0.021094
0 0.488021 0.691016 0.016667 0.022656
0 0.524740 0.693359 0.044271 0.030469
0 0.652344 0.701172 0.021354 0.022656
0 0.673177 0.697656 0.023438 0.021875
0 0.343490 0.819922 0.502604 0.360156
0 0.994792 0.760547 0.010417 0.097656
0 0.984375 0.720312 0.031250 0.071875
0 0.908073 0.687500 0.147396 0.204687
0 0.761198 0.757031 0.158854 0.262500
4 0.131250 0.672656 0.026042 0.093750
4 0.416667 0.658984 0.030208 0.077344
3 0.870052 0.801172 0.146354 0.397656