0 0.048177 0.805469 0.096354 0.071875
0 0.188021 0.801953 0.094792 0.067969
0 0.234896 0.782422 0.027083 0.017969
0 0.258333 0.794141 0.037500 0.038281
0 0.283333 0.792188 0.018750 0.029687
0 0.303385 0.791016 0.024479 0.027344
0 0.318490 0.789844 0.011979 0.025000
0 0.337760 0.783203 0.025521 0.030469
0 0.350781 0.790234 0.030729 0.032031
0 0.372656 0.786719 0.011979 0.017188
0 0.396615 0.785547 0.005729 0.014844
0 0.405208 0.787109 0.017708 0.021094
0 0.422656 0.782813 0.008854 0.010937
0 0.434896 0.782031 0.006250 0.007812
0 0.438802 0.780469 0.002604 0.004687
0 0.445573 0.787109 0.016146 0.022656
0 0.456510 0.786328 0.010937 0.019531
0 0.458594 0.782813 0.009896 0.020313
0 0.465365 0.784766 0.003646 0.011719
0 0.469792 0.784766 0.008333 0.013281
0 0.479948 0.789062 0.017188 0.023438
0 0.490625 0.787891 0.010417 0.019531
0 0.497135 0.786328 0.003646 0.014844
0 0.499479 0.787500 0.004167 0.017188
0 0.502344 0.789062 0.006771 0.021875
0 0.508073 0.790625 0.011979 0.026562
0 0.512760 0.794531 0.009896 0.035937
0 0.518229 0.798047 0.016667 0.044531
0 0.536719 0.817578 0.041146 0.088281
0 0.494792 0.781250 0.003125 0.004687
0 0.500781 0.778125 0.009896 0.003125
0 0.610677 0.830859 0.107813 0.142969
0 0.811198 0.873047 0.377604 0.253906
0 0.427083 0.782422 0.003125 0.008594
4 0.097396 0.780859 0.011458 0.022656
4 0.116927 0.777344 0.008854 0.017188
4 0.269792 0.789453 0.008333 0.046094
4 0.274219 0.794922 0.003646 0.032031
4 0.384115 0.783594 0.003646 0.020313
4 0.414583 0.781250 0.002083 0.010937
4 0.556250 0.810547 0.026042 0.105469
3 0.417708 0.784766 0.004167 0.016406
3 0.477604 0.775000 0.005208 0.004687