0 0.958594 0.717578 0.082812 0.232031
0 0.919010 0.672266 0.099479 0.127344
0 0.889062 0.662109 0.078125 0.091406
0 0.836979 0.649219 0.056250 0.067187
0 0.823698 0.646094 0.036979 0.048438
0 0.808073 0.645312 0.007812 0.035937
0 0.801302 0.643750 0.018229 0.034375
0 0.789844 0.638672 0.007812 0.022656
0 0.785938 0.637109 0.006250 0.021094
0 0.751823 0.651172 0.063021 0.077344
0 0.718750 0.634766 0.015625 0.022656
0 0.702344 0.639844 0.024479 0.034375
0 0.679948 0.639453 0.030729 0.042969
0 0.640365 0.641406 0.060937 0.065625
0 0.613281 0.621094 0.017188 0.018750
0 0.595573 0.634375 0.032813 0.051562
0 0.570312 0.635547 0.038542 0.057031
0 0.534375 0.643750 0.037500 0.056250
6 0.258594 0.483594 0.517188 0.918750
4 0.798437 0.640625 0.013542 0.050000