0 0.233333 0.810156 0.080208 0.028125
0 0.301563 0.801562 0.033333 0.043750
0 0.517708 0.796875 0.109375 0.053125
0 0.442448 0.862500 0.447396 0.275000
0 0.952083 0.960547 0.095833 0.078906
0 0.835677 0.885937 0.328646 0.228125
0 0.692187 0.838672 0.059375 0.122656
0 0.662760 0.832812 0.047396 0.098437
0 0.636198 0.793359 0.008854 0.011719
0 0.622656 0.792578 0.010937 0.014844
0 0.608854 0.786719 0.006250 0.006250
0 0.648698 0.790234 0.004687 0.003906
5 0.935937 0.778906 0.128125 0.270313
4 0.030208 0.810547 0.018750 0.077344
4 0.046615 0.791016 0.009896 0.035156
4 0.055729 0.809766 0.023958 0.078906
4 0.064062 0.812109 0.010417 0.063281
4 0.078385 0.808203 0.022396 0.071094
4 0.124740 0.798828 0.017188 0.052344
4 0.133073 0.808594 0.016146 0.071875
4 0.143750 0.805078 0.011458 0.035156
4 0.165365 0.807422 0.014063 0.055469
4 0.210677 0.802344 0.008854 0.051562
4 0.268750 0.788281 0.007292 0.018750
1 0.517708 0.725391 0.006250 0.007031
1 0.612760 0.637109 0.006771 0.027344
1 0.635938 0.636719 0.007292 0.029687
1 0.721615 0.755469 0.005729 0.021875
1 0.780469 0.719141 0.013021 0.049219
1 0.738802 0.583984 0.006771 0.038281
2 0.047656 0.763281 0.008854 0.017188
2 0.139844 0.745703 0.008854 0.021094
2 0.231250 0.892187 0.050000 0.110937
2 0.235677 0.798438 0.050521 0.075000