0 0.405729 0.715625 0.106250 0.123438
0 0.448177 0.679297 0.023438 0.041406
0 0.460677 0.671484 0.006771 0.008594
0 0.479167 0.680078 0.009375 0.017969
0 0.522656 0.673437 0.022396 0.017188
0 0.523438 0.673047 0.087500 0.030469
0 0.609635 0.689844 0.045312 0.046875
0 0.684635 0.685547 0.051562 0.017969
0 0.670573 0.737109 0.135937 0.157031
0 0.835156 0.789453 0.323437 0.296094
0 0.900781 0.719141 0.198437 0.105469
0 0.938281 0.878516 0.123438 0.242969
0 0.527865 0.757031 0.188021 0.246875
4 0.364844 0.665234 0.010937 0.032031
3 0.033854 0.782422 0.067708 0.350781
3 0.295573 0.747266 0.097396 0.263281
3 0.229688 0.673828 0.026042 0.039844
3 0.352083 0.705078 0.032292 0.108594
3 0.403646 0.726172 0.060417 0.177344
3 0.454948 0.670312 0.013021 0.028125
1 0.490365 0.587109 0.004687 0.019531
2 0.116146 0.520703 0.064583 0.083594
2 0.136719 0.454297 0.031771 0.025781
2 0.594792 0.658594 0.011458 0.020313
2 0.857813 0.553906 0.041667 0.081250