0 0.021615 0.719531 0.043229 0.059375
0 0.178385 0.691406 0.148438 0.081250
0 0.401562 0.713672 0.122917 0.142969
0 0.280469 0.688281 0.086979 0.064062
0 0.321875 0.683594 0.043750 0.054688
0 0.343229 0.682031 0.025000 0.046875
0 0.353125 0.666016 0.015625 0.013281
0 0.812760 0.707422 0.143229 0.092969
0 0.679427 0.714062 0.147396 0.137500
0 0.566927 0.689453 0.068229 0.066406
0 0.542188 0.685938 0.042708 0.053125
0 0.522917 0.683984 0.021875 0.046094
0 0.513802 0.681641 0.019271 0.041406
0 0.504948 0.680078 0.015104 0.035156
0 0.495573 0.679688 0.016146 0.032813
0 0.488542 0.678125 0.009375 0.026562
0 0.485677 0.676953 0.007812 0.024219
0 0.481771 0.675781 0.006250 0.020313
0 0.478646 0.675391 0.006250 0.019531
0 0.475781 0.675391 0.005729 0.016406
0 0.470052 0.674609 0.010937 0.017969
0 0.457812 0.675000 0.012500 0.017188
0 0.452344 0.671484 0.006771 0.011719
2 0.227344 0.580469 0.018229 0.029687
2 0.095312 0.603125 0.008333 0.031250