0 0.651042 0.705078 0.009375 0.010156
0 0.607292 0.714453 0.010417 0.014844
0 0.572396 0.699609 0.006250 0.005469
0 0.576042 0.699219 0.005208 0.006250
0 0.583594 0.708203 0.007812 0.011719
0 0.577865 0.713281 0.010937 0.014063
0 0.572917 0.720703 0.013542 0.016406
0 0.616406 0.701172 0.005729 0.007031
0 0.575000 0.707031 0.009375 0.009375
0 0.661458 0.707422 0.006250 0.010156
0 0.599479 0.700391 0.005208 0.005469
0 0.470573 0.747266 0.044271 0.035156
0 0.304167 0.769531 0.108333 0.085938
0 0.021094 0.797266 0.042188 0.142969
0 0.937240 0.727734 0.022396 0.016406
0 0.625260 0.701953 0.004687 0.008594
0 0.609896 0.700781 0.006250 0.007812
5 0.677344 0.700781 0.027604 0.037500
4 0.733854 0.712500 0.003125 0.017188
3 0.513542 0.770703 0.070833 0.092969
1 0.845052 0.551953 0.011979 0.041406
1 0.801562 0.552344 0.011458 0.040625
1 0.921875 0.698828 0.010417 0.021094
1 0.115625 0.436328 0.020833 0.064844
1 0.182552 0.661328 0.010937 0.027344
2 0.882552 0.671094 0.052604 0.037500
2 0.786198 0.726953 0.003646 0.011719
2 0.759375 0.717969 0.002083 0.007812
2 0.633073 0.726172 0.003646 0.013281
2 0.651823 0.713281 0.001563 0.007812