0 0.214063 0.598828 0.010417 0.025781
0 0.259896 0.589453 0.021875 0.024219
0 0.335417 0.742188 0.429167 0.382812
0 0.490104 0.679297 0.134375 0.175781
0 0.546354 0.644922 0.026042 0.099219
0 0.556510 0.625781 0.016146 0.043750
0 0.554688 0.605078 0.013542 0.005469
0 0.563021 0.622656 0.011458 0.029687
0 0.573698 0.620313 0.010937 0.010937
0 0.655990 0.646875 0.048438 0.092188
0 0.682031 0.618359 0.022396 0.024219
0 0.731771 0.617188 0.031250 0.006250
0 0.755990 0.623437 0.023438 0.017188
0 0.820052 0.626172 0.049479 0.049219
0 0.867708 0.764844 0.264583 0.362500
0 0.742969 0.675781 0.161979 0.154688
0 0.354948 0.602734 0.010937 0.017969
0 0.092448 0.564844 0.046354 0.021875
4 0.586719 0.637500 0.021354 0.090625
3 0.230208 0.585547 0.034375 0.074219
3 0.613802 0.651953 0.068229 0.219531
1 0.575781 0.581250 0.002604 0.012500
2 0.679427 0.599609 0.017188 0.011719
2 0.579948 0.589453 0.004687 0.008594