0 0.112500 0.718359 0.225000 0.289844
0 0.665365 0.739844 0.305729 0.370312
0 0.144792 0.671875 0.252083 0.184375
0 0.240885 0.660938 0.207813 0.143750
0 0.301562 0.648828 0.173958 0.121094
0 0.375260 0.635938 0.141146 0.093750
0 0.393490 0.627344 0.135937 0.076563
0 0.570833 0.642969 0.112500 0.142187
0 0.811979 0.663672 0.197917 0.174219
0 0.683594 0.616406 0.067187 0.053125
0 0.891667 0.584375 0.070833 0.048438
0 0.907812 0.594141 0.044792 0.050781
5 0.948177 0.559766 0.043229 0.121094
4 0.790365 0.568750 0.016146 0.017188
4 0.812500 0.571094 0.008333 0.009375
3 0.485417 0.623828 0.048958 0.064844
3 0.848177 0.575391 0.019271 0.027344
3 0.760677 0.569531 0.025521 0.021875
3 0.514323 0.626563 0.024479 0.089063
1 0.976562 0.387891 0.038542 0.108594
1 0.575521 0.489844 0.007292 0.025000
1 0.614323 0.485156 0.006771 0.026562
2 0.594792 0.503516 0.029167 0.011719
2 0.491406 0.534375 0.018229 0.029687