0 0.055208 0.727734 0.109375 0.119531
0 0.321094 0.713281 0.073438 0.065625
0 0.374219 0.712109 0.065104 0.069531
0 0.450260 0.711328 0.049479 0.066406
0 0.476562 0.703125 0.028125 0.050000
0 0.491146 0.687109 0.008333 0.011719
0 0.517969 0.720313 0.075521 0.084375
0 0.545052 0.710547 0.039062 0.055469
0 0.560677 0.706641 0.013021 0.042969
0 0.564583 0.704688 0.009375 0.034375
0 0.561979 0.683984 0.012500 0.011719
0 0.615104 0.696875 0.034375 0.017188
0 0.619271 0.728906 0.098958 0.128125
0 0.744531 0.718359 0.134896 0.058594
4 0.436458 0.710547 0.031250 0.103906
7 0.414323 0.713281 0.056771 0.090625
3 0.271615 0.730078 0.053646 0.146094
3 0.725260 0.737500 0.141146 0.184375
3 0.800260 0.723828 0.060937 0.169531
3 0.934115 0.755859 0.131771 0.241406
1 0.484375 0.612109 0.014583 0.050781
1 0.770312 0.581250 0.019792 0.048438
1 0.522135 0.343750 0.017188 0.075000
2 0.026302 0.645703 0.010937 0.027344
2 0.481510 0.717578 0.004687 0.022656
2 0.484375 0.698047 0.009375 0.016406
2 0.841146 0.632812 0.021875 0.031250
2 0.842187 0.662109 0.019792 0.028906