0 0.095833 0.730078 0.050000 0.019531
0 0.248958 0.718359 0.019792 0.008594
0 0.186198 0.724219 0.005729 0.009375
0 0.016667 0.732031 0.020833 0.017188
0 0.681510 0.746094 0.081771 0.092188
0 0.645833 0.726953 0.031250 0.052344
0 0.621615 0.711719 0.022396 0.045312
0 0.584375 0.719141 0.020833 0.027344
0 0.555469 0.723438 0.030729 0.042188
0 0.570833 0.717187 0.006250 0.012500
0 0.596615 0.719531 0.002604 0.001563
4 0.624479 0.626172 0.003125 0.016406
4 0.577344 0.626563 0.003646 0.015625
1 0.733854 0.647656 0.007292 0.028125
2 0.532031 0.711719 0.002604 0.006250
2 0.526823 0.709375 0.003646 0.007812
2 0.518229 0.709375 0.004167 0.010937
2 0.498698 0.709766 0.004687 0.016406
2 0.536458 0.712500 0.002083 0.004687
2 0.682813 0.678125 0.003125 0.006250
2 0.682292 0.672656 0.003125 0.004687