0 0.559115 0.804688 0.501563 0.390625
0 0.293490 0.719531 0.007812 0.029687
0 0.355208 0.711328 0.021875 0.028906
0 0.409635 0.708984 0.007812 0.010156
0 0.463542 0.696484 0.056250 0.027344
0 0.360156 0.691797 0.017188 0.008594
4 0.792448 0.698828 0.055729 0.241406
3 0.322656 0.725391 0.052604 0.099219
3 0.127604 0.721875 0.042708 0.071875
1 0.318490 0.483203 0.013021 0.053906
1 0.373698 0.673047 0.003646 0.014844
2 0.527083 0.564063 0.017708 0.068750
2 0.359635 0.669141 0.011979 0.010156
2 0.360677 0.681250 0.015104 0.010937
2 0.240104 0.698047 0.003125 0.011719
2 0.213281 0.687500 0.011979 0.017188
2 0.155729 0.713672 0.007292 0.022656
2 0.121875 0.727734 0.009375 0.033594
2 0.030990 0.733203 0.017188 0.061719
2 0.443490 0.679297 0.004687 0.007031