0 0.546354 0.644531 0.018750 0.021875
0 0.555208 0.641797 0.007292 0.010156
0 0.534375 0.658984 0.035417 0.053906
0 0.873958 0.799609 0.252083 0.400781
0 0.770052 0.710156 0.159896 0.176563
0 0.636198 0.683984 0.103646 0.107031
0 0.573438 0.663672 0.050000 0.058594
0 0.500260 0.662891 0.063021 0.067969
0 0.469792 0.705078 0.126042 0.167969
0 0.460417 0.642188 0.016667 0.014063
4 0.691927 0.701172 0.024479 0.105469
4 0.692187 0.653125 0.019792 0.054688
4 0.542448 0.633203 0.003646 0.003906
4 0.560156 0.632812 0.003646 0.004687
4 0.576042 0.632031 0.004167 0.004687
4 0.264844 0.672656 0.028646 0.135937
4 0.057552 0.648047 0.029687 0.053906
4 0.080729 0.643359 0.019792 0.061719
4 0.185156 0.641016 0.014063 0.038281
4 0.305990 0.631250 0.008854 0.018750
4 0.313802 0.637109 0.007812 0.022656
4 0.323698 0.636328 0.013021 0.019531
4 0.322396 0.629297 0.006250 0.010156
4 0.346094 0.637891 0.007812 0.022656
4 0.373177 0.635156 0.007812 0.018750
4 0.423177 0.634375 0.008854 0.018750
4 0.429948 0.635937 0.006771 0.017188
4 0.400000 0.650391 0.012500 0.038281
7 0.410417 0.645312 0.012500 0.035937
3 0.420573 0.652734 0.014063 0.041406
1 0.536458 0.610938 0.005208 0.020313