0 0.402083 0.799219 0.238542 0.310937
0 0.146094 0.783984 0.290104 0.210156
0 0.090365 0.695703 0.178646 0.074219
0 0.014063 0.721875 0.028125 0.028125
0 0.267969 0.735156 0.082812 0.087500
0 0.312240 0.735938 0.038021 0.085938
0 0.548958 0.722266 0.055208 0.046094
0 0.596615 0.716016 0.041146 0.033594
0 0.592187 0.699609 0.046875 0.032031
0 0.536719 0.703516 0.043229 0.021094
0 0.311719 0.700391 0.030729 0.014844
0 0.499479 0.712500 0.046875 0.103125
3 0.540885 0.732812 0.022396 0.079687
2 0.760156 0.371484 0.083854 0.138281
2 0.551563 0.633984 0.037500 0.032031
2 0.682552 0.444531 0.072396 0.151562
2 0.298177 0.669922 0.014063 0.030469
2 0.627604 0.722656 0.019792 0.089063