0 0.117188 0.706641 0.060417 0.066406
0 0.289062 0.698828 0.075000 0.044531
0 0.011198 0.913672 0.022396 0.172656
0 0.400000 0.707422 0.010417 0.014844
0 0.426563 0.735156 0.073958 0.082812
0 0.465365 0.728125 0.034896 0.060937
0 0.495312 0.709375 0.033333 0.042188
0 0.539844 0.773438 0.122396 0.168750
0 0.591667 0.714453 0.004167 0.013281
0 0.596615 0.715234 0.005729 0.014844
0 0.603125 0.714844 0.007292 0.012500
0 0.614323 0.726953 0.022396 0.042969
0 0.636979 0.739453 0.054167 0.063281
0 0.781771 0.798047 0.196875 0.188281