0 0.568229 0.692578 0.016667 0.008594
0 0.585417 0.698437 0.010417 0.012500
0 0.588542 0.697656 0.011458 0.012500
0 0.551302 0.695312 0.010937 0.015625
0 0.555469 0.698437 0.015104 0.017188
0 0.529948 0.701953 0.024479 0.033594
0 0.517969 0.697266 0.006771 0.019531
0 0.472917 0.716406 0.082292 0.103125
0 0.345573 0.693750 0.063021 0.079687
0 0.251563 0.723437 0.190625 0.160938
0 0.509375 0.684766 0.008333 0.005469
0 0.560938 0.687500 0.006250 0.004687
1 0.510677 0.595313 0.003646 0.018750
1 0.542448 0.667578 0.002604 0.003906
2 0.538802 0.677344 0.008854 0.007812
2 0.537760 0.668359 0.011979 0.008594