0 0.093750 0.732031 0.187500 0.207813
0 0.220573 0.698047 0.116146 0.127344
0 0.372656 0.657031 0.045312 0.029687
0 0.379167 0.647656 0.019792 0.010937
0 0.392448 0.656250 0.017188 0.026562
0 0.428125 0.683203 0.067708 0.083594
0 0.942448 0.766406 0.115104 0.214062
0 0.778906 0.723047 0.254688 0.194531
0 0.655990 0.697656 0.089063 0.129688
0 0.633854 0.685156 0.115625 0.115625
0 0.582292 0.681250 0.047917 0.090625
0 0.578906 0.675000 0.051562 0.081250
0 0.548958 0.672656 0.056250 0.070312
0 0.531510 0.669141 0.064062 0.064844
0 0.506510 0.666797 0.035937 0.055469
0 0.483594 0.666016 0.049479 0.052344
0 0.279688 0.680859 0.038542 0.088281
0 0.294010 0.673047 0.025521 0.066406
0 0.299219 0.671094 0.049479 0.059375
4 0.468229 0.645312 0.008333 0.017188
3 0.214062 0.720313 0.098958 0.262500
3 0.345573 0.662109 0.021354 0.053906
3 0.455208 0.652344 0.005208 0.018750
2 0.520312 0.626172 0.005208 0.010156
2 0.569792 0.618359 0.005208 0.022656
2 0.523698 0.628906 0.003646 0.015625