0 0.835156 0.775000 0.329688 0.285938
0 0.437760 0.669922 0.008854 0.013281
0 0.411198 0.668359 0.015104 0.013281
0 0.395052 0.672656 0.017188 0.018750
0 0.387240 0.665234 0.007812 0.008594
0 0.575260 0.656641 0.015104 0.008594
0 0.535156 0.654687 0.010937 0.009375
5 0.460417 0.666406 0.022917 0.028125
2 0.619531 0.606250 0.021354 0.028125
2 0.506771 0.648047 0.004167 0.007031
2 0.483073 0.648047 0.004687 0.007031
2 0.483073 0.655469 0.004687 0.007812
2 0.396615 0.653125 0.003646 0.004687
2 0.396354 0.657422 0.004167 0.003906