0 0.312760 0.689453 0.166146 0.092969
0 0.406250 0.683203 0.057292 0.071094
0 0.435677 0.675000 0.038021 0.060937
0 0.464844 0.659766 0.047396 0.064844
0 0.591146 0.642969 0.004167 0.009375
0 0.578646 0.644922 0.011458 0.013281
0 0.583854 0.639453 0.003125 0.005469
0 0.575260 0.641797 0.007812 0.010156
0 0.615885 0.649219 0.016146 0.023438
0 0.633594 0.671484 0.052604 0.061719
0 0.851302 0.712891 0.249479 0.191406
0 0.942188 0.807422 0.115625 0.282031
7 0.830469 0.758594 0.160938 0.482812
3 0.564323 0.687109 0.035937 0.107031
1 0.649219 0.599219 0.008854 0.034375
2 0.526302 0.630078 0.006771 0.014844
2 0.525000 0.615234 0.015625 0.013281
2 0.527083 0.644141 0.005208 0.008594
2 0.587240 0.655469 0.001563 0.009375