0 0.917708 0.760547 0.164583 0.185156
0 0.721094 0.713281 0.049479 0.089063
0 0.658073 0.730078 0.156771 0.141406
0 0.581250 0.696094 0.042708 0.048438
0 0.558333 0.680469 0.017708 0.018750
0 0.496615 0.672656 0.114062 0.078125
0 0.435677 0.691406 0.025521 0.048438
0 0.452344 0.812500 0.292187 0.371875
0 0.324479 0.691406 0.009375 0.012500
0 0.271875 0.695703 0.022917 0.022656
0 0.242969 0.706250 0.036979 0.043750
0 0.220833 0.693359 0.019792 0.011719
0 0.193229 0.711719 0.071875 0.059375
0 0.144531 0.705859 0.014063 0.030469
5 0.297396 0.675391 0.045833 0.050781
3 0.582552 0.698828 0.026562 0.075781
2 0.520312 0.394922 0.044792 0.069531