0 0.867448 0.758594 0.265104 0.482812
0 0.723177 0.679688 0.202604 0.221875
0 0.599219 0.640234 0.083854 0.094531
0 0.548177 0.625000 0.043229 0.050000
0 0.528125 0.612891 0.018750 0.024219
0 0.519792 0.613281 0.012500 0.021875
0 0.516667 0.609766 0.006250 0.011719
0 0.456771 0.619922 0.144792 0.074219
0 0.338542 0.748828 0.450000 0.419531
0 0.382552 0.623047 0.026562 0.044531
0 0.371354 0.630859 0.032292 0.050781
0 0.280729 0.622656 0.052083 0.046875
0 0.161979 0.683203 0.216667 0.183594
0 0.065104 0.793359 0.130208 0.317969
4 0.795312 0.561328 0.018750 0.027344