0 0.680990 0.669141 0.191146 0.189844
0 0.582552 0.647656 0.074479 0.123438
0 0.542969 0.637500 0.048438 0.087500
0 0.534635 0.624219 0.045312 0.065625
0 0.515104 0.624219 0.015625 0.054688
0 0.507552 0.611328 0.014063 0.022656
0 0.439583 0.613672 0.064583 0.032031
0 0.478125 0.610547 0.016667 0.021094
0 0.395573 0.612109 0.009896 0.013281
0 0.389323 0.614844 0.016146 0.021875
0 0.377865 0.630859 0.033854 0.053906
0 0.355990 0.643359 0.042188 0.078906
0 0.334115 0.657031 0.050521 0.114062
0 0.166406 0.742188 0.332813 0.321875
0 0.509375 0.603125 0.028125 0.018750
0 0.449740 0.669922 0.134896 0.177344
2 0.567448 0.535937 0.016146 0.025000
2 0.538542 0.555859 0.008333 0.013281