0 0.913802 0.769141 0.172396 0.349219
0 0.868229 0.662500 0.201042 0.114062
0 0.684896 0.655469 0.046875 0.082812
0 0.656771 0.650000 0.033333 0.067187
0 0.642969 0.642969 0.016146 0.053125
0 0.633854 0.641406 0.017708 0.043750
0 0.626823 0.637500 0.021354 0.039062
0 0.614323 0.633203 0.018229 0.030469
0 0.605469 0.635156 0.007812 0.026562
0 0.601042 0.633984 0.007292 0.021094
0 0.597396 0.633984 0.008333 0.019531
0 0.577083 0.635937 0.032292 0.040625
0 0.558333 0.630078 0.013542 0.017969
0 0.538021 0.630078 0.025000 0.030469
0 0.490104 0.644922 0.058333 0.069531
0 0.435417 0.636328 0.064583 0.075781
0 0.407292 0.621875 0.016667 0.020313
0 0.384115 0.642578 0.044271 0.058594
0 0.335156 0.646875 0.078646 0.068750
0 0.219792 0.636328 0.154167 0.125781
0 0.196875 0.657031 0.067708 0.089063
0 0.108073 0.635547 0.161979 0.075781
0 0.102083 0.745703 0.204167 0.375781
4 0.829688 0.679297 0.047917 0.182031
4 0.753646 0.676172 0.052083 0.188281
4 0.709635 0.673438 0.056771 0.160938