0 0.608854 0.688672 0.026042 0.028906
0 0.602604 0.685547 0.016667 0.025781
0 0.597917 0.683984 0.012500 0.024219
0 0.588281 0.683594 0.010937 0.025000
0 0.586719 0.672656 0.009896 0.004687
0 0.565625 0.702344 0.053125 0.068750
0 0.568750 0.663281 0.004167 0.007812
0 0.550260 0.658594 0.002604 0.006250
0 0.539583 0.676953 0.012500 0.019531
0 0.533333 0.680859 0.019792 0.024219
0 0.350260 0.683203 0.034896 0.027344
5 0.557292 0.656250 0.012500 0.025000
4 0.278125 0.664062 0.009375 0.031250
4 0.274219 0.664453 0.006771 0.028906
2 0.502865 0.673047 0.002604 0.011719
2 0.203646 0.664844 0.025000 0.073438
2 0.632031 0.651563 0.006771 0.010937