0 0.433854 0.630078 0.039583 0.027344
0 0.455469 0.631250 0.038021 0.032813
0 0.470573 0.636719 0.013021 0.043750
0 0.497917 0.610938 0.045833 0.037500
0 0.499479 0.658203 0.069792 0.110156
0 0.608333 0.633203 0.057292 0.038281
0 0.580469 0.724219 0.220312 0.264062
0 0.705990 0.661328 0.118229 0.133594
0 0.769792 0.632812 0.073958 0.064062
0 0.824479 0.629297 0.073958 0.057031
0 0.868750 0.761328 0.262500 0.477344
4 0.820573 0.593750 0.011979 0.017188
4 0.834115 0.583984 0.006771 0.011719
2 0.160156 0.565625 0.019271 0.090625
2 0.356250 0.598828 0.006250 0.038281
2 0.412240 0.607031 0.004687 0.025000
2 0.433854 0.610156 0.003125 0.017188
2 0.444010 0.614453 0.002604 0.013281
2 0.665104 0.587500 0.007292 0.021875
2 0.577083 0.590234 0.005208 0.007031