0 0.665365 0.795312 0.436979 0.409375
0 0.483333 0.687500 0.043750 0.101562
0 0.478385 0.671484 0.018229 0.033594
0 0.474479 0.669141 0.011458 0.019531
0 0.470052 0.661719 0.008854 0.009375
0 0.457552 0.664453 0.009896 0.013281
0 0.419531 0.664062 0.009896 0.012500
0 0.411979 0.666016 0.006250 0.014844
0 0.407812 0.665625 0.006250 0.015625
0 0.400260 0.666797 0.013021 0.016406
0 0.370052 0.673047 0.035937 0.038281
0 0.354427 0.664844 0.010937 0.012500
0 0.340625 0.672656 0.027083 0.029687
0 0.319792 0.675000 0.017708 0.034375
0 0.303646 0.676562 0.030208 0.039062
0 0.275260 0.669531 0.040104 0.023438
0 0.248698 0.688281 0.108854 0.073438
0 0.158594 0.702734 0.097396 0.119531
0 0.048177 0.696484 0.096354 0.075781
4 0.420052 0.662891 0.002604 0.013281
4 0.932031 0.759375 0.090104 0.225000
3 0.435417 0.669922 0.012500 0.042969
3 0.462760 0.662109 0.003646 0.011719
1 0.444792 0.623437 0.002083 0.009375
2 0.444010 0.663672 0.001563 0.005469