0 0.146354 0.572656 0.164583 0.029687
0 0.276042 0.580859 0.061458 0.013281
0 0.422917 0.582422 0.043750 0.010156
0 0.563281 0.587891 0.042188 0.032031
0 0.607552 0.576562 0.006771 0.007812
0 0.606250 0.553125 0.007292 0.004687
0 0.653906 0.573828 0.007812 0.007031
0 0.605469 0.568359 0.007812 0.008594
0 0.598177 0.548047 0.004687 0.005469
0 0.606250 0.565234 0.007292 0.010156
0 0.609115 0.584766 0.003646 0.010156
0 0.645312 0.608594 0.043750 0.060937
0 0.697135 0.625000 0.096354 0.101562
0 0.659635 0.576172 0.009896 0.005469
0 0.650260 0.569141 0.007812 0.011719
0 0.527865 0.687500 0.218229 0.298438
0 0.965365 0.817969 0.069271 0.281250
5 0.627604 0.574609 0.038542 0.071094
4 0.663021 0.562891 0.003125 0.010156
1 0.630469 0.533203 0.002604 0.007031
1 0.639844 0.533594 0.002604 0.007812
1 0.654167 0.551562 0.002083 0.007812
2 0.197917 0.646875 0.027083 0.098437
2 0.378646 0.614453 0.013542 0.049219
2 0.439844 0.603516 0.007812 0.032031
2 0.755729 0.564453 0.016667 0.036719
2 0.711458 0.570312 0.003125 0.009375
2 0.580990 0.543750 0.005729 0.007812
2 0.591406 0.528906 0.011979 0.009375
2 0.600000 0.528906 0.006250 0.009375