0 0.058333 0.718750 0.116667 0.146875
0 0.214323 0.694141 0.084896 0.066406
0 0.324479 0.684375 0.036458 0.056250
0 0.383594 0.711719 0.133854 0.145313
0 0.496875 0.694531 0.066667 0.082812
0 0.473958 0.659375 0.006250 0.009375
0 0.460677 0.671875 0.018229 0.028125
0 0.448958 0.668359 0.005208 0.008594
0 0.445833 0.667188 0.003125 0.007812
5 0.402604 0.631641 0.083333 0.080469
5 0.467188 0.648828 0.020833 0.027344
4 0.528906 0.666797 0.007812 0.024219
2 0.773438 0.339062 0.030208 0.060937
2 0.776563 0.400781 0.031250 0.062500
2 0.442708 0.056641 0.298958 0.113281