0 0.311719 0.773047 0.399479 0.416406
0 0.495312 0.680469 0.140625 0.175000
0 0.526302 0.642969 0.049479 0.050000
0 0.549219 0.648828 0.032813 0.061719
0 0.563021 0.643750 0.034375 0.054688
0 0.574219 0.638281 0.028646 0.046875
0 0.587240 0.637109 0.014063 0.042969
0 0.591927 0.633984 0.013021 0.038281
0 0.598437 0.632031 0.011458 0.034375
0 0.597656 0.629687 0.021354 0.032813
0 0.608854 0.628906 0.007292 0.028125
0 0.610677 0.624219 0.011979 0.021875
0 0.632031 0.637891 0.038021 0.046094
0 0.959896 0.682422 0.080208 0.100781
0 0.839062 0.642578 0.044792 0.074219
0 0.807292 0.630469 0.034375 0.040625
0 0.756510 0.631641 0.013021 0.042969
0 0.752344 0.622656 0.026562 0.031250
0 0.722656 0.642969 0.055729 0.065625
0 0.698958 0.632031 0.017708 0.048438
0 0.672656 0.623437 0.017188 0.023438
0 0.660156 0.620312 0.014063 0.017188
0 0.651823 0.619141 0.008854 0.013281
0 0.645833 0.616406 0.007292 0.010937
0 0.905729 0.636719 0.122917 0.114062
4 0.808594 0.635156 0.018229 0.079687
3 0.777344 0.650391 0.051562 0.132031
3 0.714583 0.642188 0.028125 0.082812
3 0.689062 0.625000 0.009375 0.032813
3 0.683854 0.621094 0.007292 0.029687
1 0.021094 0.327734 0.029687 0.075781
1 0.044531 0.579297 0.017188 0.039844
2 0.116927 0.587109 0.020313 0.036719
2 0.465365 0.551562 0.023438 0.031250
2 0.905729 0.637109 0.122917 0.114844
2 0.679427 0.642969 0.009896 0.032813
2 0.658333 0.623047 0.004167 0.008594
2 0.658333 0.617188 0.003125 0.004687
2 0.965104 0.531641 0.053125 0.049219