0 0.047656 0.741797 0.077604 0.135156
0 0.071354 0.672266 0.067708 0.057031
0 0.165365 0.692969 0.141146 0.173437
0 0.262760 0.642188 0.020313 0.050000
0 0.445573 0.765625 0.496354 0.450000
0 0.646354 0.659375 0.070833 0.109375
0 0.677083 0.639062 0.056250 0.075000
0 0.763281 0.631250 0.060937 0.039062
0 0.853906 0.702344 0.292187 0.214062
0 0.964844 0.651563 0.070312 0.107813
6 0.732031 0.598437 0.098437 0.046875
1 0.384635 0.538672 0.004687 0.017969
1 0.410156 0.537500 0.004687 0.017188
2 0.135156 0.529297 0.017188 0.085156
2 0.082292 0.617578 0.003125 0.013281
2 0.092448 0.613672 0.005729 0.011719