0 0.517708 0.729297 0.042708 0.032031
0 0.483333 0.726562 0.025000 0.025000
0 0.458073 0.733594 0.047396 0.039062
0 0.402344 0.726172 0.056771 0.030469
0 0.359896 0.723437 0.017708 0.031250
0 0.332292 0.732812 0.053125 0.056250
0 0.280208 0.731641 0.070833 0.080469
0 0.211458 0.743359 0.087500 0.080469
0 0.040104 0.752734 0.080208 0.125781
0 0.116406 0.749609 0.109896 0.108594
0 0.577604 0.743750 0.041667 0.059375
0 0.585938 0.750391 0.035417 0.061719
0 0.603125 0.757422 0.037500 0.075781
0 0.621094 0.766406 0.041146 0.093750
0 0.660938 0.779297 0.088542 0.127344
0 0.732812 0.811719 0.133333 0.195312
0 0.950260 0.963672 0.099479 0.072656
0 0.865365 0.848828 0.269271 0.302344
4 0.520052 0.731250 0.013021 0.050000
4 0.543490 0.733203 0.011979 0.053906
4 0.553125 0.734375 0.009375 0.053125
4 0.559896 0.717187 0.004167 0.012500
4 0.012500 0.696875 0.019792 0.043750
4 0.064323 0.701953 0.017188 0.025781
4 0.243750 0.703906 0.007292 0.017188
3 0.486979 0.731250 0.017708 0.067187
2 0.148438 0.710938 0.046875 0.057813
2 0.136979 0.789844 0.058333 0.118750
2 0.396875 0.697266 0.006250 0.013281
2 0.434115 0.726562 0.006771 0.029687
2 0.638021 0.682031 0.011458 0.025000
2 0.652083 0.709375 0.011458 0.014063
2 0.257552 0.675781 0.002604 0.017188