0 0.051562 0.711719 0.103125 0.042188
0 0.108333 0.712109 0.036458 0.021094
0 0.271875 0.704688 0.025000 0.006250
0 0.436458 0.689844 0.021875 0.007812
0 0.465104 0.688672 0.009375 0.003906
0 0.479948 0.686328 0.015104 0.007031
0 0.546615 0.695312 0.027604 0.037500
0 0.563542 0.688672 0.011458 0.016406
0 0.570052 0.687500 0.004687 0.010937
0 0.573438 0.687109 0.004167 0.008594
0 0.581510 0.687891 0.010937 0.014844
0 0.586198 0.685937 0.002604 0.010937
0 0.603906 0.687500 0.008854 0.012500
0 0.619531 0.691406 0.017188 0.020313
0 0.661719 0.692188 0.024479 0.026562
0 0.730990 0.711328 0.119271 0.122656
0 0.837240 0.708594 0.091146 0.068750
5 0.592448 0.682031 0.007812 0.015625
2 0.625781 0.665625 0.004687 0.009375