0 0.511458 0.621875 0.014583 0.018750
0 0.469531 0.632031 0.046354 0.059375
0 0.441927 0.620703 0.020313 0.027344
0 0.432031 0.618359 0.008854 0.024219
0 0.397135 0.628125 0.051562 0.059375
0 0.363281 0.622656 0.021354 0.040625
0 0.314583 0.626953 0.053125 0.053906
0 0.211979 0.659766 0.188542 0.153906
0 0.204167 0.605859 0.078125 0.028906
3 0.492188 0.619922 0.004167 0.014844
2 0.565104 0.613281 0.005208 0.017188
2 0.536719 0.612891 0.002604 0.011719
2 0.521094 0.616406 0.001563 0.006250
2 0.493490 0.581250 0.010937 0.014063
2 0.477083 0.582031 0.019792 0.015625
2 0.459375 0.582031 0.014583 0.015625
2 0.396615 0.588281 0.009896 0.015625