0 0.931250 0.816016 0.137500 0.367969
0 0.915365 0.721484 0.108854 0.139844
0 0.855469 0.722656 0.063021 0.109375
0 0.819531 0.710938 0.045312 0.073438
0 0.798958 0.707422 0.025000 0.058594
0 0.787500 0.701953 0.016667 0.046094
0 0.763542 0.701953 0.036458 0.055469
0 0.721615 0.709766 0.070312 0.086719
0 0.679948 0.702344 0.038021 0.065625
0 0.674479 0.677734 0.017708 0.016406
0 0.647135 0.694922 0.038021 0.042969
0 0.636198 0.707031 0.051562 0.081250
0 0.608333 0.717187 0.053125 0.101562
0 0.538021 0.735156 0.151042 0.167187
0 0.326302 0.809375 0.454688 0.381250
2 0.777865 0.665234 0.004687 0.013281
2 0.762500 0.665625 0.004167 0.007812