0 0.960938 0.818750 0.078125 0.284375
0 0.016406 0.889453 0.032813 0.217969
0 0.244792 0.702344 0.260417 0.245312
0 0.375781 0.669922 0.118229 0.142969
0 0.446094 0.635156 0.053646 0.060937
0 0.479427 0.617188 0.017188 0.018750
0 0.489323 0.617969 0.014063 0.017188
0 0.497656 0.617578 0.015104 0.016406
0 0.497917 0.673047 0.131250 0.171094
0 0.537240 0.642969 0.060937 0.084375
0 0.557552 0.621094 0.016146 0.029687
0 0.724740 0.659375 0.168229 0.167187
0 0.644531 0.632031 0.053646 0.093750
0 0.619531 0.630469 0.023438 0.067187
0 0.611198 0.625000 0.017188 0.056250
0 0.600781 0.627344 0.021354 0.046875
0 0.593229 0.624219 0.009375 0.034375
0 0.586719 0.623828 0.013021 0.032031
0 0.581510 0.620703 0.008854 0.025781
0 0.572396 0.619922 0.014583 0.021094
0 0.573958 0.610547 0.009375 0.007031
0 0.504427 0.618750 0.006771 0.014063
0 0.564583 0.615625 0.005208 0.010937
2 0.023698 0.406641 0.047396 0.108594