0 0.554427 0.805469 0.492188 0.387500
0 0.461979 0.696484 0.059375 0.025781
0 0.413542 0.700000 0.012500 0.006250
0 0.335417 0.685938 0.010417 0.006250
0 0.360156 0.692578 0.017188 0.010156
0 0.354167 0.716016 0.022917 0.032031
0 0.342708 0.706641 0.007292 0.010156
0 0.332031 0.717969 0.021354 0.039062
0 0.305729 0.705469 0.005208 0.014063
0 0.278125 0.718750 0.030208 0.050000
0 0.188281 0.751953 0.180729 0.158594
4 0.514844 0.682813 0.013021 0.021875
4 0.652604 0.636328 0.027083 0.038281
3 0.315104 0.716797 0.017708 0.060156
3 0.259115 0.696094 0.019271 0.039062
1 0.318229 0.483594 0.012500 0.053125
2 0.443229 0.679688 0.005208 0.006250
2 0.526302 0.563672 0.017188 0.066406
2 0.353125 0.698438 0.003125 0.003125
2 0.359115 0.669141 0.013021 0.010156
2 0.360937 0.680859 0.014583 0.010156
2 0.031250 0.732422 0.016667 0.061719