0 0.924479 0.835156 0.151042 0.329688
0 0.801302 0.778125 0.255729 0.243750
0 0.686198 0.744141 0.061979 0.127344
0 0.622917 0.741016 0.098958 0.088281
0 0.604948 0.704688 0.050521 0.018750
0 0.632031 0.698438 0.042188 0.026562
0 0.593490 0.703906 0.014063 0.012500
0 0.605469 0.691797 0.011979 0.007031
0 0.582552 0.708203 0.014063 0.021094
0 0.576302 0.701172 0.007812 0.014844
0 0.563802 0.716797 0.029687 0.047656
0 0.566927 0.700391 0.019271 0.017969
0 0.545573 0.728906 0.031771 0.085938
0 0.486458 0.695703 0.029167 0.019531
0 0.503906 0.741406 0.095312 0.121875
0 0.442969 0.712500 0.059896 0.075000
0 0.371615 0.729688 0.104688 0.115625
0 0.235156 0.771484 0.256771 0.222656
0 0.164844 0.689844 0.085938 0.065625
0 0.228385 0.689844 0.033854 0.023438
0 0.035937 0.697656 0.071875 0.082812
2 0.684115 0.678516 0.004687 0.008594
2 0.408073 0.688672 0.006771 0.019531