0 0.245052 0.676953 0.065104 0.072656
0 0.121094 0.792969 0.242188 0.414062
0 0.397135 0.789062 0.485938 0.421875
0 0.479167 0.669531 0.113542 0.092188
4 0.216146 0.650781 0.013542 0.034375
4 0.564844 0.644531 0.002604 0.020313
4 0.569271 0.652734 0.008333 0.036719
4 0.575000 0.637109 0.008333 0.013281
4 0.584896 0.656250 0.011458 0.045312
4 0.575781 0.654297 0.007812 0.033594
4 0.636719 0.659375 0.025521 0.081250
4 0.644531 0.653516 0.009896 0.069531
4 0.656510 0.654687 0.015104 0.067187
4 0.371615 0.648047 0.014063 0.024219
3 0.612760 0.657031 0.025521 0.068750
2 0.627604 0.518359 0.056250 0.091406
2 0.589062 0.541797 0.020833 0.039844
2 0.590365 0.573828 0.018229 0.022656
2 0.561458 0.608203 0.011458 0.017969
2 0.250521 0.614453 0.019792 0.047656