0 0.025260 0.768359 0.050521 0.047656
0 0.087760 0.771094 0.030729 0.021875
0 0.115365 0.771875 0.031771 0.035937
0 0.281250 0.779688 0.012500 0.021875
0 0.318750 0.779688 0.020833 0.021875
0 0.344792 0.781250 0.017708 0.018750
0 0.357552 0.781250 0.011979 0.017188
0 0.366927 0.780859 0.009896 0.016406
0 0.404167 0.824219 0.108333 0.120313
0 0.497396 0.792969 0.014583 0.020313
0 0.525260 0.802344 0.033854 0.051562
6 0.074479 0.753516 0.115625 0.044531
6 0.196875 0.749219 0.141667 0.085938
4 0.470052 0.788672 0.005729 0.017969
4 0.706771 0.810937 0.014583 0.028125
4 0.730990 0.813672 0.013021 0.049219
4 0.800781 0.832422 0.017188 0.091406
4 0.832031 0.831641 0.023438 0.094531
4 0.867188 0.830469 0.026042 0.100000
1 0.441927 0.761719 0.002604 0.004687
1 0.466406 0.720703 0.003646 0.014844
1 0.484635 0.723047 0.003646 0.014844
1 0.587500 0.771484 0.005208 0.008594
2 0.442448 0.739844 0.014063 0.012500
2 0.476042 0.730078 0.009375 0.005469
2 0.680990 0.750781 0.014063 0.031250