0 0.875781 0.824609 0.248438 0.350781
0 0.714844 0.779687 0.161979 0.171875
0 0.634635 0.757812 0.055729 0.112500
0 0.604427 0.743359 0.031771 0.063281
0 0.579427 0.752734 0.020313 0.022656
0 0.576823 0.743359 0.014063 0.005469
0 0.527083 0.744531 0.053125 0.067187
0 0.492448 0.745312 0.020313 0.032813
0 0.467448 0.739844 0.033854 0.045312
0 0.432292 0.734766 0.013542 0.032031
0 0.358854 0.741406 0.038542 0.092188
0 0.297396 0.721875 0.100000 0.109375
0 0.216667 0.761719 0.231250 0.179688
0 0.027865 0.776172 0.055729 0.321094
5 0.542708 0.707812 0.057292 0.117188
4 0.066667 0.805859 0.133333 0.388281
4 0.387240 0.742188 0.040104 0.173437
2 0.844271 0.563672 0.013542 0.086719