0 0.886719 0.864453 0.226562 0.271094
0 0.701042 0.798047 0.128125 0.113281
0 0.635937 0.787109 0.055208 0.083594
0 0.608073 0.779687 0.035937 0.064062
0 0.592708 0.778906 0.023958 0.056250
0 0.517448 0.767969 0.017188 0.031250
0 0.500000 0.767969 0.029167 0.037500
0 0.473698 0.759375 0.025521 0.014063
0 0.470573 0.788281 0.075521 0.089063
0 0.422396 0.764062 0.012500 0.015625
0 0.398698 0.763281 0.013021 0.015625
0 0.407812 0.763281 0.006250 0.010937
0 0.390625 0.761328 0.008333 0.010156
0 0.380469 0.761328 0.009896 0.013281
0 0.371094 0.763281 0.008854 0.012500
0 0.360938 0.757812 0.011458 0.010937
0 0.360156 0.764063 0.015104 0.014063
0 0.303125 0.765625 0.054167 0.031250
0 0.356250 0.765234 0.013542 0.016406
4 0.547135 0.756641 0.006771 0.017969
3 0.439062 0.758203 0.012500 0.030469
2 0.791667 0.637500 0.043750 0.081250
2 0.621615 0.731250 0.011979 0.017188
2 0.613802 0.716797 0.006771 0.025781
2 0.611198 0.717187 0.019271 0.017188
2 0.531510 0.747266 0.003646 0.008594
2 0.522135 0.739063 0.003646 0.014063
2 0.416146 0.733594 0.008333 0.012500
2 0.413802 0.761719 0.002604 0.012500
2 0.400781 0.762500 0.001563 0.009375
2 0.395573 0.764062 0.001563 0.007812
2 0.722396 0.688281 0.009375 0.026562