0 0.856510 0.682031 0.033854 0.023438
0 0.901302 0.685156 0.083854 0.037500
0 0.947917 0.681250 0.033333 0.031250
0 0.961979 0.685547 0.021875 0.022656
0 0.163281 0.811719 0.326562 0.376563
0 0.236458 0.657813 0.085417 0.060937
0 0.317188 0.664453 0.081250 0.027344
0 0.333333 0.697656 0.131250 0.128125
0 0.395573 0.657422 0.020313 0.027344
0 0.502604 0.801562 0.368750 0.396875
3 0.819271 0.688281 0.044792 0.125000
1 0.646615 0.570703 0.013021 0.053906
1 0.660677 0.628906 0.005729 0.015625
1 0.642708 0.639844 0.005208 0.014063
2 0.687760 0.659766 0.021354 0.032031
2 0.688021 0.701172 0.021875 0.044531