0 0.441146 0.647656 0.040625 0.054688
0 0.512500 0.646094 0.006250 0.012500
0 0.509635 0.648828 0.004687 0.016406
0 0.505469 0.647266 0.009896 0.016406
0 0.503125 0.648047 0.011458 0.017969
0 0.501563 0.648828 0.009375 0.021094
0 0.496354 0.646094 0.010417 0.017188
0 0.489844 0.645313 0.017188 0.021875
0 0.489063 0.648047 0.017708 0.025781
0 0.472656 0.637891 0.025521 0.014844
0 0.475521 0.646094 0.032292 0.035937
0 0.527344 0.649219 0.006771 0.009375
0 0.533073 0.651172 0.005729 0.013281
0 0.536719 0.648828 0.002604 0.007031
0 0.538802 0.652344 0.006771 0.014063
0 0.561719 0.639453 0.026562 0.008594
0 0.541146 0.667578 0.009375 0.050781
0 0.561458 0.669531 0.045833 0.059375
0 0.685156 0.713672 0.144271 0.155469
0 0.868490 0.801562 0.263021 0.396875