0 0.158854 0.664062 0.030208 0.028125
0 0.233854 0.663281 0.023958 0.017188
0 0.422135 0.673437 0.030729 0.040625
0 0.432031 0.661328 0.015104 0.022656
0 0.719271 0.737500 0.238542 0.229687
0 0.572656 0.682031 0.051562 0.057813
0 0.532552 0.674609 0.027604 0.036719
0 0.488802 0.687500 0.067187 0.087500
0 0.463281 0.669531 0.008854 0.029687
0 0.461719 0.663281 0.014063 0.023438
0 0.454687 0.655859 0.012500 0.014844
0 0.456510 0.646875 0.010937 0.009375
0 0.455208 0.641016 0.007292 0.007031
0 0.449740 0.641016 0.005729 0.008594
0 0.436719 0.658984 0.007812 0.019531
0 0.434375 0.645703 0.008333 0.003906
0 0.440625 0.639844 0.006250 0.009375
0 0.465104 0.643750 0.005208 0.010937
0 0.439583 0.655859 0.006250 0.016406
5 0.474479 0.639844 0.013542 0.018750
5 0.499219 0.642578 0.027604 0.022656
2 0.437500 0.601562 0.014583 0.015625
2 0.458073 0.601562 0.018229 0.017188
2 0.475260 0.602344 0.017188 0.015625