0 0.053125 0.669922 0.106250 0.094531
0 0.269010 0.617969 0.010937 0.010937
0 0.196354 0.630859 0.015625 0.011719
0 0.315365 0.667969 0.029687 0.025000
0 0.382031 0.615625 0.010937 0.006250
0 0.412240 0.687109 0.046354 0.063281
0 0.435156 0.678516 0.006771 0.017969
0 0.446094 0.668750 0.005729 0.006250
0 0.446615 0.680078 0.010937 0.016406
0 0.457552 0.681250 0.017188 0.021875
0 0.486979 0.682031 0.043750 0.059375
0 0.557813 0.677734 0.018750 0.013281
0 0.594010 0.673828 0.027604 0.030469
0 0.617448 0.683203 0.020313 0.017969
0 0.641146 0.683594 0.028125 0.025000
0 0.673438 0.680078 0.033333 0.035156
0 0.686719 0.684766 0.014063 0.025781
0 0.710938 0.687109 0.055208 0.042969
0 0.735938 0.687109 0.012500 0.033594
0 0.806771 0.689063 0.058333 0.042188
0 0.901042 0.693750 0.082292 0.053125
0 0.453906 0.668359 0.005729 0.003906
0 0.465365 0.669531 0.004687 0.006250
4 0.759375 0.673828 0.008333 0.032031
2 0.289583 0.660937 0.011458 0.043750
2 0.364844 0.621094 0.013021 0.020313
2 0.383333 0.666406 0.004167 0.015625
2 0.450781 0.663672 0.003646 0.003906
2 0.454167 0.662891 0.003125 0.005469
2 0.457552 0.663281 0.003646 0.003125
2 0.461198 0.662891 0.003646 0.005469
2 0.510156 0.669922 0.003646 0.014844
2 0.524479 0.670703 0.004167 0.005469
2 0.524219 0.665234 0.003646 0.005469
2 0.547396 0.678516 0.004167 0.007031
2 0.501823 0.629297 0.021354 0.025781
2 0.532292 0.629687 0.016667 0.025000