0 0.923958 0.785156 0.152083 0.246875
0 0.546615 0.695312 0.045312 0.054688
0 0.514323 0.677734 0.021354 0.027344
0 0.487500 0.685547 0.027083 0.038281
0 0.473438 0.670313 0.005208 0.006250
0 0.420833 0.744531 0.151042 0.181250
0 0.440885 0.679297 0.014063 0.017969
0 0.376823 0.655859 0.004687 0.005469
0 0.360937 0.651953 0.004167 0.003906
0 0.369531 0.661328 0.007812 0.008594
0 0.358333 0.662109 0.007292 0.008594
0 0.350781 0.657422 0.006771 0.007031
0 0.346354 0.669922 0.014583 0.007031
0 0.276823 0.669141 0.019271 0.005469
0 0.339063 0.648828 0.005208 0.003906
0 0.330729 0.647266 0.004167 0.002344
0 0.326823 0.646875 0.004687 0.003125
0 0.308854 0.644922 0.004167 0.003906
3 0.349219 0.663281 0.003646 0.004687
2 0.447656 0.625391 0.015104 0.014844