0 0.501302 0.813672 0.148438 0.091406
0 0.426563 0.804297 0.042708 0.057031
0 0.622656 0.796875 0.011979 0.014063
0 0.602865 0.794141 0.008854 0.011719
0 0.651302 0.794922 0.006771 0.008594
0 0.609115 0.794531 0.006771 0.010937
0 0.593750 0.792188 0.004167 0.006250
6 0.132031 0.745703 0.264062 0.294531
6 0.387240 0.771875 0.109896 0.103125
1 0.610938 0.584375 0.010417 0.043750
1 0.660938 0.589062 0.010417 0.043750
1 0.508333 0.692578 0.011458 0.046094
1 0.520052 0.691797 0.009896 0.046094
2 0.634115 0.583594 0.033854 0.017188