0 0.053125 0.706641 0.106250 0.107031
0 0.181250 0.721094 0.075000 0.054688
0 0.242188 0.721094 0.043750 0.029687
0 0.333333 0.708594 0.052083 0.064062
0 0.434115 0.711719 0.032813 0.039062
0 0.804688 0.730859 0.017708 0.019531
0 0.830469 0.719141 0.032813 0.039844
0 0.906510 0.717969 0.029687 0.020313
0 0.916667 0.734375 0.047917 0.050000
0 0.949219 0.741016 0.076563 0.064844
0 0.968229 0.744531 0.063542 0.071875
0 0.976042 0.750391 0.047917 0.069531
0 0.756510 0.764453 0.120313 0.124219
0 0.644792 0.732812 0.046875 0.071875
0 0.535156 0.806250 0.223438 0.318750
0 0.636198 0.712891 0.023438 0.017969
5 0.398958 0.702734 0.047917 0.058594
4 0.698177 0.723437 0.006771 0.031250
3 0.032031 0.706250 0.064062 0.114062