0 0.916667 0.734375 0.154167 0.118750
0 0.765885 0.767969 0.192188 0.184375
0 0.611198 0.719922 0.038021 0.041406
0 0.591146 0.711328 0.010417 0.014844
0 0.580729 0.716016 0.015625 0.021094
0 0.602083 0.690625 0.005208 0.006250
0 0.597396 0.691406 0.005208 0.007812
0 0.591667 0.690625 0.005208 0.006250
0 0.581771 0.692578 0.006250 0.007031
0 0.572917 0.704297 0.007292 0.010156
0 0.559635 0.726562 0.032813 0.056250
0 0.504948 0.755859 0.116146 0.152344
3 0.588802 0.699609 0.003646 0.008594
3 0.597135 0.695312 0.002604 0.007812
3 0.602083 0.694531 0.002083 0.007812
2 0.645833 0.705078 0.002083 0.007031
2 0.627865 0.704297 0.001563 0.005469
2 0.385937 0.692578 0.014583 0.057031
2 0.515104 0.704688 0.004167 0.014063