0 0.550521 0.805859 0.502083 0.388281
0 0.462240 0.696484 0.058854 0.028906
0 0.410677 0.699609 0.005729 0.005469
0 0.359896 0.708594 0.018750 0.035937
0 0.355208 0.691797 0.008333 0.005469
0 0.335417 0.685937 0.011458 0.007812
0 0.305469 0.730859 0.085938 0.086719
0 0.265365 0.720313 0.021354 0.050000
0 0.088802 0.748047 0.177604 0.219531
3 0.209115 0.776953 0.100521 0.283594
1 0.373698 0.673438 0.003646 0.015625
1 0.317969 0.486328 0.013021 0.058594
2 0.526302 0.564063 0.017188 0.068750
2 0.443229 0.679297 0.005208 0.007031
2 0.360677 0.681250 0.015104 0.012500
2 0.353125 0.699609 0.003125 0.005469
2 0.359375 0.668750 0.012500 0.010937