0 0.796875 0.811328 0.406250 0.377344
0 0.909115 0.695312 0.134896 0.050000
0 0.709115 0.702734 0.033854 0.049219
0 0.668750 0.697266 0.022917 0.028906
0 0.640625 0.700781 0.032292 0.048438
0 0.618490 0.689063 0.022396 0.020313
0 0.566146 0.706250 0.118750 0.221875
0 0.505729 0.716797 0.016667 0.100781
0 0.502865 0.698047 0.016146 0.052344
0 0.498698 0.686719 0.009896 0.029687
0 0.437760 0.688672 0.010937 0.035156
0 0.408854 0.692578 0.026042 0.042969
0 0.068490 0.755078 0.136979 0.217969
4 0.296875 0.668750 0.009375 0.012500
3 0.477865 0.686328 0.009896 0.036719
3 0.460677 0.692969 0.016146 0.059375
3 0.425781 0.698828 0.024479 0.072656
1 0.261458 0.562891 0.020833 0.077344
2 0.896094 0.599609 0.023438 0.055469
2 0.617969 0.659766 0.006771 0.016406
2 0.054688 0.439453 0.109375 0.196094
2 0.121354 0.548828 0.017708 0.057031