0 0.162760 0.752344 0.325521 0.384375
0 0.332031 0.680469 0.135937 0.190625
0 0.396094 0.656250 0.079687 0.131250
0 0.419010 0.642969 0.069271 0.092188
0 0.456771 0.635937 0.043750 0.071875
0 0.469531 0.629687 0.031771 0.054688
0 0.484115 0.628516 0.016146 0.046094
0 0.483854 0.624609 0.018750 0.042969
0 0.492708 0.621094 0.007292 0.026562
0 0.514062 0.624219 0.031250 0.040625
0 0.927344 0.719531 0.145313 0.293750
0 0.839063 0.675391 0.241667 0.232031
0 0.704167 0.657031 0.127083 0.134375
0 0.626563 0.635938 0.058333 0.073438
0 0.595833 0.631250 0.038542 0.060937
0 0.577865 0.627344 0.016146 0.046875
0 0.573698 0.623437 0.021354 0.043750
0 0.563281 0.623437 0.008854 0.035937
0 0.549219 0.620703 0.024479 0.030469
0 0.536719 0.620312 0.010937 0.028125
0 0.527865 0.616016 0.007812 0.016406
0 0.493750 0.611719 0.016667 0.026562
2 0.547135 0.595703 0.005729 0.008594