0 0.806510 0.823438 0.386979 0.353125
0 0.919531 0.757812 0.110937 0.067187
0 0.854687 0.764844 0.032292 0.040625
0 0.753385 0.728125 0.028646 0.026562
0 0.724479 0.753906 0.073958 0.067187
0 0.617969 0.734766 0.090104 0.055469
0 0.435156 0.826953 0.290104 0.346094
0 0.463542 0.707031 0.051042 0.046875
0 0.493229 0.708203 0.016667 0.021094
0 0.421094 0.709375 0.013021 0.023438
0 0.348438 0.702344 0.009375 0.020313
0 0.334635 0.698828 0.004687 0.011719
0 0.322656 0.709766 0.008854 0.014844
0 0.180469 0.797266 0.326562 0.300781
0 0.053385 0.894922 0.106771 0.210156
6 0.539062 0.694141 0.070833 0.078906
6 0.053906 0.693750 0.094271 0.043750
3 0.674479 0.743359 0.043750 0.105469
3 0.512240 0.712109 0.040104 0.039844
3 0.483594 0.716016 0.017188 0.033594
3 0.342187 0.705859 0.014583 0.044531
1 0.702083 0.679297 0.006250 0.016406
1 0.716406 0.547266 0.015104 0.041406
1 0.537760 0.647266 0.003646 0.017969
1 0.514583 0.646875 0.004167 0.015625
1 0.491667 0.644141 0.003125 0.011719
1 0.467448 0.646484 0.002604 0.013281
2 0.636198 0.690234 0.007812 0.014844