0 0.104427 0.804297 0.208854 0.391406
0 0.384635 0.701953 0.100521 0.099219
0 0.536458 0.750000 0.181250 0.243750
0 0.559375 0.674609 0.006250 0.016406
0 0.607292 0.671094 0.015625 0.023438
0 0.617969 0.671484 0.013021 0.019531
0 0.631250 0.673438 0.013542 0.034375
0 0.648438 0.678125 0.033333 0.042188
0 0.665365 0.669922 0.008854 0.016406
0 0.673698 0.667187 0.009896 0.012500
0 0.691927 0.674219 0.025521 0.029687
0 0.830729 0.710938 0.147917 0.126562
1 0.634375 0.642188 0.002083 0.003125
2 0.764583 0.660937 0.003125 0.012500
2 0.704167 0.642578 0.003125 0.010156
2 0.715625 0.650000 0.008333 0.006250
2 0.680990 0.608203 0.019271 0.024219
2 0.174479 0.667969 0.011458 0.048438