0 0.250521 0.344922 0.077083 0.053906
0 0.374219 0.315234 0.014063 0.024219
0 0.411979 0.341406 0.098958 0.095312
0 0.454948 0.302344 0.010937 0.023438
0 0.468750 0.301562 0.027083 0.028125
0 0.490365 0.294531 0.018229 0.015625
0 0.506771 0.293359 0.014583 0.014844
0 0.555469 0.283984 0.007812 0.005469
0 0.534375 0.299609 0.030208 0.035156
0 0.545573 0.292969 0.019271 0.025000
0 0.595312 0.287891 0.020833 0.024219
0 0.626823 0.278125 0.014063 0.017188
0 0.635677 0.273438 0.008854 0.009375
0 0.651302 0.271094 0.009896 0.010937
0 0.657031 0.270703 0.004687 0.008594
0 0.676042 0.247656 0.004167 0.004687
0 0.673958 0.252344 0.003125 0.004687
0 0.668490 0.253125 0.003646 0.004687
0 0.690885 0.265234 0.007812 0.010156
0 0.687760 0.252344 0.003646 0.004687
0 0.685677 0.256250 0.003646 0.004687
0 0.684896 0.262500 0.003125 0.006250
0 0.674740 0.265234 0.005729 0.007031
0 0.660938 0.265234 0.003125 0.005469
0 0.664323 0.265234 0.003646 0.005469
0 0.668229 0.266797 0.004167 0.005469
0 0.679167 0.264062 0.003125 0.006250
0 0.661198 0.262109 0.003646 0.002344
0 0.723698 0.257031 0.009896 0.004687
0 0.697656 0.259766 0.006771 0.008594
6 0.526823 0.279297 0.031771 0.021094
3 0.664323 0.268750 0.003646 0.010937
1 0.739844 0.222266 0.003646 0.014844
2 0.285417 0.332031 0.008333 0.026562
2 0.477604 0.297266 0.003125 0.011719
2 0.561458 0.260156 0.004167 0.006250
2 0.581250 0.214844 0.030208 0.023438
2 0.714844 0.252344 0.001563 0.007812
2 0.747396 0.245313 0.002083 0.009375