0 0.874219 0.759375 0.059896 0.054688
0 0.819792 0.732422 0.008333 0.010156
0 0.829688 0.740625 0.016667 0.028125
0 0.845313 0.741406 0.028125 0.031250
0 0.799479 0.755078 0.053125 0.057031
0 0.762760 0.736719 0.024479 0.031250
0 0.701823 0.733203 0.025521 0.033594
0 0.672656 0.736719 0.032813 0.040625
0 0.606771 0.732422 0.030208 0.050781
0 0.590104 0.732422 0.042708 0.061719
0 0.523177 0.748437 0.171354 0.128125
0 0.689063 0.730078 0.003125 0.008594
5 0.938542 0.746484 0.113542 0.091406
5 0.539583 0.693359 0.070833 0.058594
4 0.733333 0.769531 0.043750 0.150000
4 0.686719 0.721484 0.006771 0.014844
4 0.657292 0.716016 0.002083 0.013281
4 0.644271 0.712500 0.004167 0.012500
3 0.816146 0.730469 0.007292 0.017188
3 0.777083 0.730078 0.006250 0.016406
3 0.434635 0.705469 0.039062 0.067187
3 0.396615 0.760156 0.135937 0.262500
3 0.279948 0.721875 0.099479 0.206250
3 0.340625 0.711719 0.042708 0.135937
3 0.062760 0.706641 0.125521 0.197656
1 0.739323 0.631250 0.004687 0.015625
1 0.478125 0.672656 0.003125 0.014063
2 0.930729 0.696484 0.007292 0.017969
2 0.859896 0.702734 0.004167 0.010156
2 0.860417 0.713281 0.004167 0.009375
2 0.639844 0.709375 0.004687 0.006250
2 0.639583 0.717578 0.004167 0.010156
2 0.662760 0.671484 0.025521 0.027344
2 0.659115 0.695703 0.013021 0.017969
2 0.669792 0.693750 0.006250 0.010937