0 0.820052 0.770703 0.215104 0.213281
0 0.703385 0.715234 0.055729 0.064844
0 0.666146 0.708203 0.030208 0.041406
0 0.623698 0.707812 0.026562 0.032813
0 0.588021 0.701172 0.004167 0.014844
0 0.598958 0.701562 0.009375 0.012500
0 0.581510 0.701172 0.013021 0.016406
0 0.566667 0.700781 0.010417 0.014063
0 0.554688 0.700781 0.012500 0.017188
0 0.176562 0.707422 0.033333 0.039844
0 0.199219 0.708203 0.040104 0.035156
0 0.440885 0.689063 0.010937 0.007812
0 0.429688 0.687109 0.004167 0.005469
0 0.500521 0.714063 0.059375 0.065625
0 0.525781 0.696875 0.006771 0.006250
0 0.502604 0.693359 0.016667 0.010156
5 0.458073 0.687109 0.021354 0.014844
2 0.592969 0.683594 0.017188 0.009375
2 0.561458 0.604297 0.009375 0.014844
2 0.590625 0.603906 0.011458 0.015625
2 0.083073 0.353125 0.017188 0.025000
2 0.433854 0.681250 0.004167 0.017188