0 0.553125 0.806250 0.494792 0.387500
0 0.443750 0.694922 0.076042 0.035156
0 0.482031 0.697656 0.023438 0.029687
0 0.330208 0.717578 0.032292 0.041406
0 0.336719 0.685156 0.010937 0.006250
0 0.359375 0.692188 0.020833 0.010937
1 0.319010 0.483203 0.013021 0.052344
1 0.374219 0.672266 0.003646 0.014844
2 0.527344 0.564063 0.017188 0.067187
2 0.214323 0.687500 0.011979 0.017188
2 0.241406 0.700000 0.003646 0.012500
2 0.157292 0.714453 0.007292 0.022656
2 0.123177 0.728125 0.008854 0.032813
2 0.032552 0.734375 0.017188 0.060937
2 0.354167 0.699219 0.003125 0.004687
2 0.360677 0.668750 0.013021 0.010937
2 0.361979 0.680469 0.015625 0.010937