0 0.022396 0.736719 0.044792 0.084375
0 0.051302 0.679688 0.102604 0.065625
0 0.107813 0.660547 0.059375 0.030469
0 0.156771 0.639062 0.060417 0.020313
0 0.177604 0.722656 0.303125 0.181250
0 0.332552 0.711328 0.121354 0.150781
0 0.405469 0.698828 0.106771 0.122656
0 0.475000 0.695312 0.033333 0.050000
0 0.495833 0.680078 0.068750 0.075781
0 0.519271 0.679688 0.065625 0.075000
0 0.537500 0.673828 0.047917 0.044531
0 0.568490 0.678516 0.024479 0.028906
2 0.765885 0.636719 0.050521 0.084375
2 0.944271 0.703516 0.081250 0.125781
2 0.231510 0.606250 0.041146 0.057813