0 0.164062 0.617188 0.121875 0.046875
0 0.222656 0.681250 0.199479 0.170313
0 0.304167 0.641016 0.063542 0.082031
0 0.335677 0.635938 0.043229 0.062500
0 0.364063 0.605859 0.021875 0.008594
0 0.382812 0.642188 0.082292 0.082812
0 0.422917 0.635156 0.039583 0.068750
0 0.419271 0.616797 0.051042 0.035156
0 0.445573 0.619531 0.036979 0.034375
0 0.464844 0.611719 0.014063 0.015625
0 0.480990 0.607422 0.011979 0.008594
0 0.536198 0.621094 0.034896 0.046875
0 0.557031 0.616406 0.017188 0.028125
0 0.571094 0.610938 0.010937 0.015625
0 0.579687 0.611328 0.009375 0.017969
0 0.603125 0.608594 0.036458 0.068750
0 0.625781 0.613281 0.013021 0.023438
0 0.639062 0.620703 0.020833 0.044531
0 0.651302 0.623828 0.033854 0.049219
0 0.672917 0.626563 0.035417 0.060937
0 0.722656 0.623437 0.085938 0.089063
0 0.800000 0.630859 0.077083 0.071094
0 0.918490 0.634375 0.163021 0.114062
0 0.486979 0.607813 0.005208 0.006250
5 0.505208 0.601562 0.031250 0.062500
4 0.491146 0.618750 0.006250 0.031250
4 0.563542 0.607031 0.003125 0.010937
3 0.475781 0.619141 0.024479 0.033594
3 0.581771 0.616797 0.010417 0.036719
3 0.545052 0.596875 0.006771 0.009375