0 0.187500 0.708594 0.207292 0.164062
0 0.079167 0.664844 0.079167 0.037500
0 0.125000 0.651172 0.022917 0.019531
0 0.324740 0.652734 0.003646 0.017969
0 0.336719 0.646094 0.013021 0.006250
0 0.349740 0.644531 0.014063 0.007812
0 0.361198 0.653125 0.024479 0.012500
0 0.358073 0.644531 0.006771 0.004687
0 0.372917 0.645312 0.009375 0.004687
0 0.399219 0.660547 0.040104 0.041406
0 0.428385 0.658984 0.018229 0.027344
0 0.479687 0.658203 0.010417 0.019531
0 0.495833 0.667578 0.032292 0.044531
0 0.513542 0.655859 0.012500 0.017969
0 0.518229 0.651172 0.007292 0.010156
0 0.532292 0.666797 0.029167 0.039844
0 0.536719 0.650391 0.021354 0.017969
0 0.575521 0.679688 0.068750 0.075000
0 0.569010 0.634766 0.006771 0.008594
0 0.577604 0.640234 0.006250 0.002344
0 0.631250 0.671484 0.054167 0.063281
0 0.818229 0.688672 0.108333 0.089844
0 0.578646 0.636328 0.006250 0.008594
5 0.456250 0.651563 0.038542 0.062500
4 0.887240 0.691797 0.045312 0.125781
4 0.914323 0.693359 0.047396 0.127344
4 0.951042 0.698437 0.057292 0.114062
1 0.549219 0.629297 0.002604 0.011719
1 0.609375 0.630469 0.003125 0.012500
2 0.524219 0.592578 0.031771 0.021094
2 0.564583 0.588672 0.018750 0.025781
2 0.579688 0.564063 0.011458 0.026562
2 0.608073 0.562500 0.011979 0.026562
2 0.585677 0.607031 0.004687 0.009375
2 0.574479 0.607031 0.004167 0.009375
2 0.563542 0.607031 0.004167 0.009375
2 0.666146 0.610156 0.026042 0.056250
2 0.958854 0.496094 0.082292 0.217188
2 0.620573 0.632812 0.003646 0.009375
2 0.621094 0.638672 0.004687 0.002344