0 0.416406 0.769531 0.210938 0.273438
0 0.321875 0.713672 0.056250 0.092969
0 0.223438 0.687891 0.008333 0.013281
0 0.011719 0.700391 0.023438 0.030469
0 0.051302 0.696875 0.032813 0.028125
0 0.076563 0.695703 0.027083 0.027344
0 0.240365 0.685547 0.004687 0.007031
0 0.249740 0.691016 0.021354 0.022656
0 0.275521 0.684375 0.021875 0.017188
0 0.301823 0.685156 0.013021 0.017188
0 0.630990 0.699219 0.089063 0.098437
0 0.539323 0.680859 0.034896 0.036719
0 0.513542 0.678906 0.015625 0.028125
0 0.503646 0.682031 0.016667 0.050000
0 0.451563 0.682813 0.018750 0.023438
0 0.437760 0.683594 0.017188 0.020313
0 0.415885 0.685547 0.024479 0.021094
0 0.426823 0.684375 0.006771 0.018750
0 0.403385 0.679297 0.004687 0.005469
4 0.573438 0.670313 0.006250 0.021875
4 0.579427 0.670313 0.005729 0.021875
3 0.147396 0.696094 0.016667 0.046875
1 0.447135 0.612500 0.003646 0.006250