0 0.401042 0.769531 0.346875 0.398438
0 0.506771 0.688672 0.126042 0.174219
0 0.559375 0.629297 0.020833 0.021094
0 0.576302 0.655859 0.028646 0.085156
0 0.612500 0.664844 0.081250 0.121875
0 0.642708 0.603516 0.031250 0.007031
0 0.738021 0.697266 0.236458 0.211719
0 0.908073 0.686328 0.183854 0.189844
0 0.048438 0.842969 0.096875 0.298438
0 0.210417 0.712500 0.021875 0.100000
0 0.127344 0.706641 0.023438 0.072656
0 0.715885 0.625000 0.063021 0.026562
6 0.766146 0.595313 0.137500 0.085938
3 0.842708 0.610938 0.034375 0.060937
2 0.171875 0.529687 0.012500 0.073438
2 0.347656 0.573437 0.004687 0.009375