0 0.956771 0.840625 0.086458 0.176563
0 0.800521 0.749609 0.168750 0.153906
0 0.655729 0.755859 0.170833 0.166406
0 0.544531 0.720703 0.070312 0.052344
0 0.508333 0.713672 0.012500 0.027344
0 0.501042 0.712500 0.009375 0.021875
0 0.501302 0.708984 0.014063 0.019531
0 0.490365 0.713281 0.013021 0.018750
0 0.480469 0.714063 0.009896 0.026562
0 0.434635 0.714453 0.006771 0.019531
0 0.424479 0.714844 0.019792 0.023438
0 0.397135 0.720703 0.035937 0.042969
0 0.375521 0.725781 0.065625 0.070312
0 0.343490 0.717578 0.018229 0.032031
0 0.334375 0.707422 0.009375 0.007031
0 0.303125 0.718750 0.071875 0.039062
0 0.266667 0.717578 0.014583 0.024219
0 0.232552 0.725391 0.066146 0.055469
0 0.068490 0.750781 0.136979 0.109375
0 0.022135 0.714062 0.044271 0.032813
0 0.459115 0.719922 0.044271 0.050781
0 0.232813 0.724219 0.065625 0.054688
0 0.079948 0.712500 0.098437 0.031250
4 0.905208 0.733594 0.027083 0.129688
4 0.722656 0.687891 0.023438 0.046094
4 0.060156 0.689063 0.005729 0.007812
4 0.859115 0.692188 0.023438 0.053125
1 0.440104 0.612891 0.004167 0.022656
1 0.472917 0.611719 0.004167 0.021875
2 0.725781 0.612109 0.018229 0.027344
2 0.698177 0.641016 0.014063 0.063281
2 0.635677 0.649219 0.006771 0.025000
2 0.547135 0.689844 0.008854 0.009375