0 0.411198 0.791797 0.400521 0.416406
0 0.483854 0.657422 0.106250 0.066406
0 0.390104 0.649219 0.039583 0.043750
4 0.778385 0.648828 0.028646 0.125781
4 0.735417 0.660547 0.039583 0.114844
4 0.635156 0.657031 0.015104 0.059375
4 0.625521 0.656250 0.008333 0.062500
4 0.616406 0.650000 0.014063 0.076563
4 0.590885 0.653906 0.016146 0.064062
4 0.584375 0.651172 0.005208 0.044531
4 0.051302 0.653906 0.019271 0.053125
2 0.633854 0.514062 0.058333 0.095312
2 0.594010 0.538281 0.021354 0.040625
2 0.595313 0.571094 0.018750 0.023438
2 0.565104 0.605859 0.011458 0.017969
2 0.429427 0.633203 0.008854 0.007031
2 0.250260 0.612891 0.020313 0.049219