0 0.319010 0.703516 0.020313 0.014844
0 0.275000 0.706641 0.011458 0.013281
0 0.291667 0.703516 0.027083 0.017969
0 0.249479 0.703516 0.047917 0.021094
0 0.198958 0.708594 0.048958 0.032813
0 0.406510 0.723828 0.072396 0.096094
0 0.451562 0.707031 0.010417 0.025000
0 0.484896 0.705859 0.046875 0.058594
0 0.502604 0.720703 0.069792 0.080469
0 0.531250 0.694531 0.017708 0.021875
0 0.547135 0.710547 0.025521 0.047656
0 0.574740 0.715625 0.056771 0.060937
0 0.665625 0.725391 0.094792 0.086719
0 0.921615 0.766016 0.156771 0.185156
0 0.438542 0.701953 0.008333 0.032031
3 0.458854 0.706250 0.007292 0.029687
2 0.987760 0.561719 0.024479 0.067187
2 0.018750 0.017578 0.037500 0.035156
2 0.333073 0.702734 0.004687 0.017969