0 0.635417 0.614453 0.030208 0.028906
0 0.542969 0.646094 0.033854 0.100000
0 0.475781 0.675000 0.150521 0.185938
0 0.473958 0.612891 0.031250 0.024219
0 0.017708 0.606641 0.035417 0.028906
0 0.098698 0.633594 0.168229 0.126562
0 0.280990 0.612109 0.056771 0.030469
0 0.331510 0.611719 0.018229 0.012500
0 0.363021 0.614844 0.032292 0.029687
0 0.384635 0.609766 0.013021 0.010156
0 0.410156 0.611719 0.014063 0.018750
6 0.445573 0.577344 0.026562 0.017188
4 0.909635 0.617578 0.041146 0.074219
3 0.612760 0.637109 0.040104 0.119531
3 0.552083 0.603125 0.011458 0.018750
3 0.560677 0.624219 0.018229 0.062500
3 0.328646 0.609375 0.009375 0.021875
3 0.388021 0.605859 0.005208 0.011719
2 0.964323 0.503906 0.049479 0.076563
2 0.742448 0.637891 0.013021 0.052344
2 0.608073 0.571094 0.008854 0.015625
2 0.569531 0.587891 0.003646 0.013281