0 0.010937 0.645313 0.021875 0.021875
0 0.053385 0.648047 0.059896 0.022656
0 0.111719 0.653516 0.026562 0.027344
0 0.226042 0.663672 0.030208 0.025781
0 0.315625 0.661719 0.013542 0.007812
0 0.296875 0.660156 0.008333 0.007812
0 0.565365 0.612891 0.051562 0.022656
0 0.723177 0.682813 0.043229 0.031250
0 0.751823 0.712891 0.093229 0.092969
0 0.851562 0.762109 0.227083 0.203906
0 0.948177 0.813281 0.103646 0.257812
0 0.606771 0.809375 0.322917 0.381250
4 0.306250 0.662109 0.008333 0.028906
4 0.947396 0.687109 0.039583 0.067969
4 0.923177 0.668750 0.010937 0.025000