0 0.033594 0.873047 0.067187 0.253906
0 0.092188 0.741016 0.184375 0.185156
0 0.317969 0.746094 0.183854 0.164062
0 0.260417 0.708594 0.056250 0.071875
0 0.421615 0.717969 0.018229 0.045312
0 0.415365 0.710938 0.027604 0.050000
0 0.420052 0.686328 0.019271 0.022656
0 0.870573 0.773438 0.053646 0.168750
0 0.651563 0.680469 0.426042 0.639062
3 0.224740 0.714844 0.054688 0.103125
3 0.188802 0.708203 0.042188 0.086719
1 0.222135 0.601172 0.008854 0.030469
1 0.990885 0.503516 0.018229 0.122656
2 0.442708 0.514062 0.033333 0.065625
2 0.221615 0.671484 0.004687 0.011719