0 0.889323 0.779687 0.221354 0.440625
0 0.853125 0.635938 0.242708 0.139063
0 0.736198 0.619922 0.039062 0.033594
0 0.707812 0.653125 0.075000 0.104688
0 0.639583 0.665234 0.144792 0.152344
0 0.570052 0.612500 0.024479 0.025000
0 0.526042 0.613672 0.032292 0.027344
0 0.504427 0.607422 0.019271 0.022656
0 0.457552 0.612500 0.091146 0.046875
0 0.412760 0.607031 0.016146 0.023438
0 0.455469 0.726953 0.276562 0.328906
0 0.317188 0.614844 0.093750 0.046875
0 0.267708 0.607422 0.027083 0.028906
0 0.176823 0.599219 0.023438 0.021875
0 0.148958 0.601562 0.033333 0.032813
0 0.114323 0.601172 0.019271 0.032031
0 0.095573 0.604297 0.042188 0.042969
0 0.046094 0.596094 0.019271 0.026562
0 0.034635 0.590234 0.005729 0.017969
4 0.558594 0.596484 0.006771 0.011719
4 0.246094 0.603906 0.016146 0.060937
4 0.236719 0.606641 0.011979 0.053906
4 0.198958 0.603125 0.025000 0.085938
4 0.358854 0.598438 0.006250 0.014063
4 0.003646 0.592187 0.007292 0.039062
3 0.786458 0.662500 0.086458 0.220312
3 0.060417 0.593750 0.014583 0.039062
3 0.016667 0.598047 0.021875 0.055469
1 0.553385 0.545312 0.006771 0.026562
1 0.402865 0.487891 0.005729 0.025781
2 0.715365 0.587109 0.027604 0.022656
2 0.643750 0.585156 0.004167 0.009375
2 0.347917 0.578906 0.007292 0.010937
2 0.277865 0.579687 0.005729 0.009375
2 0.272656 0.582031 0.004687 0.009375
2 0.264844 0.591797 0.006771 0.010156
2 0.264323 0.605469 0.004687 0.017188
2 0.170833 0.595703 0.005208 0.010156