0 0.069531 0.555469 0.021354 0.023438
0 0.120313 0.564453 0.085417 0.049219
0 0.526302 0.582031 0.080729 0.042188
0 0.420052 0.566797 0.069271 0.016406
0 0.314063 0.563281 0.046875 0.015625
0 0.251302 0.572266 0.068229 0.039844
4 0.362760 0.542578 0.010937 0.025781
4 0.451563 0.551562 0.011458 0.039062
4 0.209896 0.557422 0.009375 0.039844
4 0.196094 0.554688 0.016146 0.064062
3 0.342708 0.659766 0.077083 0.257031
2 0.683594 0.571484 0.036979 0.055469
2 0.472396 0.556250 0.018750 0.029687
2 0.225521 0.508984 0.011458 0.017969
2 0.271615 0.560156 0.011979 0.017188
2 0.269792 0.544922 0.005208 0.013281
2 0.344271 0.510937 0.012500 0.017188
2 0.035677 0.545703 0.023438 0.086719