0 0.997656 0.718359 0.004687 0.016406
0 0.970573 0.716016 0.009896 0.014844
0 0.965625 0.721875 0.017708 0.017188
0 0.963021 0.728516 0.019792 0.017969
0 0.997396 0.717969 0.005208 0.015625
0 0.964844 0.762500 0.058854 0.056250
0 0.952344 0.790625 0.084896 0.096875
0 0.861719 0.800781 0.131771 0.129688
0 0.882552 0.745313 0.017188 0.021875
0 0.690365 0.783984 0.130729 0.108594
5 0.800521 0.727734 0.146875 0.166406
1 0.427083 0.621094 0.016667 0.050000
1 0.384635 0.337109 0.026562 0.092969
1 0.299740 0.290234 0.028646 0.103906