0 0.178646 0.662109 0.130208 0.119531
0 0.294010 0.650781 0.111979 0.123438
0 0.340625 0.610938 0.105208 0.135937
0 0.399479 0.616016 0.028125 0.052344
0 0.413802 0.612891 0.015104 0.039844
0 0.425260 0.600391 0.007812 0.017969
0 0.434115 0.600781 0.018229 0.026562
0 0.438802 0.625000 0.026562 0.068750
0 0.495573 0.661719 0.130729 0.171875
0 0.519792 0.596875 0.007292 0.012500
0 0.524219 0.596875 0.007812 0.010937
0 0.496354 0.601562 0.023958 0.020313
0 0.507812 0.594141 0.007292 0.007031
0 0.541146 0.588672 0.010417 0.013281
0 0.564844 0.581641 0.019271 0.010156
0 0.557292 0.596875 0.029167 0.032813
0 0.577604 0.600000 0.025000 0.039062
0 0.595313 0.603516 0.033333 0.044531
0 0.617969 0.606641 0.033854 0.050781
0 0.639844 0.612891 0.044271 0.061719
0 0.675000 0.619141 0.069792 0.077344
0 0.726302 0.627344 0.086979 0.096875
0 0.808854 0.634375 0.140625 0.129688
0 0.916146 0.658203 0.167708 0.189844
0 0.603906 0.576172 0.015104 0.007031
0 0.241667 0.617188 0.017708 0.021875
5 0.406771 0.585156 0.020833 0.039062
4 0.614062 0.575781 0.005208 0.009375
3 0.420313 0.600000 0.007292 0.023438
2 0.065104 0.573438 0.018750 0.045312