0 0.079427 0.742188 0.158854 0.192188
0 0.159375 0.692188 0.318750 0.217188
0 0.286719 0.626953 0.078646 0.044531
0 0.360938 0.661719 0.154167 0.100000
0 0.358073 0.608203 0.015104 0.008594
0 0.427344 0.636719 0.086979 0.087500
0 0.464323 0.610156 0.013021 0.015625
0 0.575260 0.740625 0.277604 0.356250
0 0.596094 0.611719 0.017188 0.023438
0 0.657292 0.601562 0.029167 0.060937
0 0.744531 0.594141 0.015104 0.033594
0 0.867969 0.704687 0.264062 0.290625
0 0.951042 0.835156 0.097917 0.329688
0 0.988542 0.479297 0.022917 0.080469
4 0.460417 0.598437 0.004167 0.007812
4 0.467187 0.597656 0.006250 0.009375
4 0.680729 0.597266 0.009375 0.033594
4 0.710156 0.601172 0.009896 0.047656
4 0.876302 0.606250 0.021354 0.046875
1 0.561198 0.528516 0.004687 0.017969
1 0.587240 0.525391 0.004687 0.017969
2 0.475521 0.603516 0.009375 0.017969
2 0.710417 0.561719 0.011458 0.026562