0 0.454948 0.623438 0.003646 0.006250
0 0.460677 0.629297 0.011979 0.022656
0 0.466927 0.632812 0.018229 0.028125
0 0.471094 0.634375 0.013021 0.029687
0 0.479948 0.635156 0.019271 0.034375
0 0.489323 0.638672 0.018229 0.042969
0 0.508854 0.641406 0.040625 0.050000
0 0.436719 0.639844 0.041146 0.050000
0 0.420052 0.614453 0.004687 0.007031
0 0.404688 0.616016 0.005208 0.007031
0 0.400781 0.623437 0.009896 0.012500
0 0.385156 0.616406 0.004687 0.006250
0 0.325260 0.630859 0.007812 0.027344
0 0.308333 0.627344 0.028125 0.042188
0 0.257812 0.628906 0.022917 0.026562
0 0.285938 0.647656 0.070833 0.073438
0 0.237240 0.641406 0.036979 0.053125
0 0.201042 0.646484 0.059375 0.060156
0 0.138021 0.653906 0.077083 0.078125
0 0.057031 0.664062 0.114062 0.104688