0 0.036979 0.717969 0.073958 0.057813
0 0.084896 0.725781 0.031250 0.032813
0 0.219010 0.718750 0.060937 0.032813
0 0.262240 0.720313 0.028646 0.023438
0 0.296875 0.718750 0.025000 0.020313
0 0.323177 0.717187 0.034896 0.023438
0 0.535417 0.723828 0.006250 0.011719
0 0.539323 0.722656 0.004687 0.007812
0 0.544792 0.725391 0.009375 0.013281
0 0.550260 0.720703 0.005729 0.005469
0 0.578646 0.727734 0.010417 0.014844
0 0.585677 0.728516 0.004687 0.013281
0 0.589323 0.729297 0.006771 0.016406
0 0.592708 0.730078 0.007292 0.017969
0 0.596354 0.729688 0.010417 0.018750
0 0.610417 0.725391 0.025000 0.021094
0 0.622656 0.735547 0.056771 0.049219
0 0.671094 0.745703 0.066146 0.082031
0 0.910156 0.850000 0.179688 0.300000
0 0.870573 0.753125 0.049479 0.073438
0 0.562240 0.728906 0.028646 0.040625
0 0.529427 0.725000 0.009896 0.025000
0 0.527865 0.728125 0.008854 0.031250
0 0.512240 0.732031 0.038021 0.046875
0 0.390365 0.737500 0.110937 0.128125
0 0.103906 0.815234 0.207813 0.369531
5 0.147656 0.698047 0.101562 0.077344
5 0.330208 0.703906 0.038542 0.045312
5 0.575781 0.716016 0.008854 0.011719
4 0.695573 0.721875 0.008854 0.021875
3 0.440104 0.714844 0.015625 0.039062
2 0.299479 0.711719 0.006250 0.023438
2 0.405469 0.663672 0.020313 0.032031
2 0.467448 0.674609 0.005729 0.008594
2 0.467448 0.690234 0.015104 0.024219
2 0.468229 0.717187 0.003125 0.009375
2 0.619271 0.703516 0.006250 0.010156
2 0.493229 0.648047 0.034375 0.028906
2 0.531510 0.648047 0.039062 0.028906
2 0.571354 0.649219 0.039583 0.029687