0 0.466927 0.567969 0.008854 0.012500
0 0.482292 0.557031 0.008333 0.007812
0 0.507552 0.568359 0.008854 0.010156
0 0.541406 0.592578 0.013021 0.016406
0 0.451562 0.608984 0.017708 0.021094
0 0.419271 0.610938 0.018750 0.020313
0 0.372396 0.637500 0.044792 0.040625
0 0.354427 0.626563 0.026562 0.023438
0 0.614063 0.611328 0.018750 0.013281
0 0.604687 0.621484 0.008333 0.007031
0 0.595313 0.640625 0.019792 0.031250
0 0.636979 0.663672 0.085417 0.103906
0 0.691406 0.649219 0.035937 0.042188
0 0.750000 0.658984 0.070833 0.067969
0 0.546354 0.608203 0.020833 0.022656
0 0.561979 0.645703 0.020833 0.050781
0 0.530208 0.650391 0.062500 0.074219
0 0.275260 0.628906 0.018229 0.017188
0 0.315365 0.610156 0.018229 0.020313
0 0.329427 0.608203 0.013021 0.016406
0 0.348958 0.605859 0.010417 0.016406
0 0.360677 0.604688 0.014063 0.015625
0 0.387240 0.596484 0.007812 0.007031
0 0.394271 0.596094 0.006250 0.006250
0 0.403646 0.595703 0.008333 0.007031
0 0.453906 0.556250 0.006771 0.009375
3 0.457813 0.558594 0.003125 0.012500
3 0.818750 0.692969 0.104167 0.235937
3 0.287760 0.634375 0.011979 0.028125
2 0.301823 0.615234 0.008854 0.035156
2 0.265104 0.608984 0.002083 0.008594
2 0.483073 0.624219 0.002604 0.012500
2 0.522656 0.589844 0.001563 0.006250
2 0.627604 0.562109 0.017708 0.022656
2 0.598698 0.577734 0.024479 0.016406
2 0.181771 0.598047 0.003125 0.008594
2 0.044271 0.584375 0.003125 0.010937
2 0.912240 0.612891 0.004687 0.016406