0 0.120573 0.681641 0.241146 0.247656
0 0.289844 0.638672 0.010937 0.058594
0 0.371094 0.632031 0.168229 0.256250
0 0.499219 0.652344 0.103646 0.112500
0 0.553906 0.636719 0.052604 0.078125
0 0.900781 0.749219 0.198437 0.318750
0 0.682031 0.657422 0.119271 0.128906
0 0.625000 0.647266 0.052083 0.091406
0 0.611458 0.635547 0.050000 0.077344
0 0.596615 0.633594 0.039062 0.057813
0 0.582552 0.616406 0.022396 0.026562
0 0.573698 0.600781 0.005729 0.006250
0 0.463542 0.615234 0.035417 0.066406
4 0.911979 0.611328 0.025000 0.092969
3 0.050521 0.551562 0.026042 0.017188
3 0.504687 0.596094 0.009375 0.009375
1 0.153125 0.146484 0.037500 0.139844
1 0.350521 0.139453 0.031250 0.138281
1 0.532031 0.145703 0.032813 0.138281
1 0.718229 0.139844 0.037500 0.140625
1 0.141667 0.479687 0.019792 0.043750
2 0.640104 0.563672 0.012500 0.016406
2 0.639844 0.580469 0.011979 0.017188
2 0.561719 0.595703 0.003646 0.007031