0 0.098177 0.697656 0.067187 0.037500
0 0.144271 0.748437 0.192708 0.143750
0 0.347396 0.723437 0.010417 0.043750
0 0.363542 0.719141 0.033333 0.053906
0 0.444792 0.708984 0.057292 0.047656
0 0.495052 0.710938 0.032813 0.037500
0 0.527083 0.724609 0.047917 0.066406
0 0.559635 0.716406 0.031771 0.039062
0 0.582031 0.714844 0.025521 0.025000
0 0.597917 0.716406 0.007292 0.020313
0 0.652604 0.705859 0.017708 0.017969
0 0.747656 0.706641 0.015104 0.011719
0 0.733594 0.708203 0.023438 0.013281
0 0.758073 0.704297 0.005729 0.003906
0 0.713021 0.708594 0.021875 0.014063
0 0.699740 0.707813 0.009896 0.010937
0 0.686458 0.708594 0.035417 0.015625
0 0.669010 0.708203 0.016146 0.014844
0 0.662760 0.706250 0.008854 0.009375
5 0.259635 0.683594 0.181771 0.210938
5 0.365104 0.676953 0.031250 0.066406
5 0.628646 0.694141 0.061458 0.074219
2 0.389062 0.668750 0.017708 0.014063
2 0.533854 0.686328 0.003125 0.010156
2 0.705990 0.698828 0.003646 0.005469
2 0.810937 0.527344 0.032292 0.109375
2 0.404167 0.733984 0.014583 0.055469
2 0.467187 0.711719 0.006250 0.028125