0 0.901302 0.711328 0.196354 0.233594
0 0.790104 0.656250 0.191667 0.171875
0 0.662500 0.654687 0.097917 0.095312
0 0.573177 0.641797 0.074479 0.066406
0 0.501302 0.633594 0.055729 0.051562
0 0.530729 0.619531 0.033333 0.032813
0 0.430469 0.621875 0.060937 0.037500
0 0.408073 0.635938 0.042188 0.053125
0 0.456250 0.589453 0.016667 0.005469
0 0.432031 0.585938 0.019271 0.012500
0 0.408073 0.584375 0.013021 0.004687
0 0.387760 0.587891 0.022396 0.011719
0 0.346875 0.587891 0.020833 0.007031
0 0.343490 0.605078 0.045312 0.030469
0 0.321615 0.622266 0.061979 0.025781
0 0.319531 0.588281 0.020313 0.012500
0 0.303646 0.591406 0.026042 0.014063
0 0.293229 0.589453 0.021875 0.011719
0 0.283333 0.589063 0.012500 0.006250
0 0.221094 0.592578 0.031771 0.011719
0 0.200521 0.591016 0.025000 0.007031
0 0.169792 0.590625 0.018750 0.007812
0 0.201823 0.629688 0.071354 0.045312
2 0.496875 0.587109 0.003125 0.008594
2 0.254948 0.590234 0.002604 0.010156