0 0.113802 0.807812 0.227604 0.285938
0 0.341927 0.821094 0.403646 0.357812
0 0.269792 0.701562 0.095833 0.043750
0 0.328125 0.704297 0.045833 0.057031
0 0.348698 0.695312 0.009896 0.023438
0 0.407813 0.708984 0.125000 0.069531
0 0.490625 0.684375 0.012500 0.012500
0 0.352865 0.692969 0.003646 0.009375
0 0.355729 0.692969 0.003125 0.004687
0 0.528125 0.725000 0.080208 0.093750
0 0.679948 0.785547 0.274479 0.266406
0 0.929948 0.913672 0.140104 0.172656
1 0.407552 0.626563 0.003646 0.015625
1 0.429948 0.626172 0.003646 0.014844
2 0.599219 0.591797 0.033854 0.041406
2 0.494531 0.655469 0.007812 0.025000
2 0.419271 0.638672 0.016667 0.008594
2 0.221094 0.661328 0.011979 0.039844
2 0.206510 0.670313 0.011979 0.006250