0 0.940625 0.785156 0.118750 0.179688
0 0.866146 0.766406 0.086458 0.101562
0 0.788542 0.726562 0.090625 0.060937
0 0.751302 0.755859 0.095312 0.096094
0 0.621875 0.724219 0.020833 0.029687
0 0.612240 0.720312 0.016146 0.025000
0 0.605469 0.720312 0.005729 0.025000
0 0.577344 0.715234 0.009896 0.019531
0 0.561979 0.722266 0.027083 0.042969
0 0.544271 0.733203 0.061458 0.078906
0 0.507031 0.715234 0.035937 0.055469
0 0.304167 0.717578 0.066667 0.036719
0 0.387500 0.716406 0.031250 0.025000
0 0.601823 0.718359 0.005729 0.019531
6 0.226562 0.674219 0.103125 0.085938
4 0.816406 0.765234 0.039062 0.133594
4 0.597396 0.717187 0.007292 0.032813
3 0.680469 0.782813 0.077604 0.231250
3 0.637500 0.725000 0.029167 0.128125
3 0.198177 0.727734 0.038021 0.069531
2 0.100521 0.500391 0.012500 0.058594
2 0.384375 0.637891 0.006250 0.022656
2 0.418490 0.653906 0.002604 0.017188
2 0.440104 0.663672 0.002083 0.013281