0 0.140885 0.721875 0.150521 0.107813
0 0.287240 0.697656 0.058854 0.056250
0 0.348698 0.701172 0.073438 0.075781
0 0.322396 0.678125 0.007292 0.015625
0 0.382812 0.688672 0.023958 0.044531
0 0.531250 0.785156 0.276042 0.357812
0 0.538021 0.663281 0.086458 0.028125
0 0.644531 0.672656 0.033854 0.048438
0 0.759115 0.739844 0.220312 0.209375
0 0.835938 0.664453 0.072917 0.050781
0 0.907813 0.676953 0.135417 0.105469
0 0.937760 0.709375 0.124479 0.179688
0 0.947396 0.805469 0.105208 0.292187
0 0.661458 0.657422 0.011458 0.010156
0 0.394792 0.684375 0.011458 0.029687
0 0.420052 0.671484 0.003646 0.011719
2 0.622396 0.607031 0.034375 0.059375
2 0.406771 0.656641 0.022917 0.050781