0 0.126562 0.695703 0.253125 0.235156
0 0.298698 0.636328 0.123438 0.088281
0 0.411198 0.623047 0.031771 0.047656
0 0.475521 0.626953 0.120833 0.086719
0 0.616406 0.591797 0.029687 0.007031
0 0.623698 0.620312 0.031771 0.056250
0 0.650781 0.646094 0.070312 0.114062
0 0.748958 0.667578 0.188542 0.192969
0 0.877865 0.746875 0.244271 0.392188
0 0.393490 0.742578 0.475521 0.417969
0 0.403646 0.627734 0.016667 0.042969
0 0.393750 0.736719 0.478125 0.412500
4 0.637240 0.587109 0.008854 0.011719
3 0.561719 0.600781 0.014063 0.034375
3 0.574740 0.610156 0.021354 0.062500
3 0.594531 0.643750 0.046354 0.153125
2 0.635938 0.537109 0.011458 0.017969
2 0.802344 0.435547 0.046354 0.064844