0 0.967969 0.781250 0.064062 0.043750
0 0.939323 0.773438 0.044271 0.035937
0 0.825260 0.760938 0.051562 0.042188
0 0.801042 0.753125 0.016667 0.021875
0 0.732031 0.741016 0.010937 0.017969
0 0.623437 0.735156 0.013542 0.034375
0 0.597396 0.738281 0.052083 0.068750
0 0.566146 0.727734 0.020833 0.030469
0 0.551042 0.725391 0.014583 0.028906
0 0.543229 0.725781 0.010417 0.029687
0 0.530990 0.726172 0.021354 0.036719
0 0.500000 0.733984 0.051042 0.069531
0 0.460417 0.724609 0.039583 0.049219
0 0.488802 0.705859 0.022396 0.014844
0 0.427865 0.705859 0.015104 0.011719
0 0.441406 0.708203 0.025521 0.017969
0 0.158594 0.678906 0.031771 0.064062
0 0.783333 0.746094 0.011458 0.015625
0 0.774740 0.744531 0.005729 0.012500
0 0.623698 0.719531 0.014063 0.010937
4 0.940365 0.752344 0.004687 0.006250
4 0.966667 0.757031 0.004167 0.004687
4 0.783333 0.748047 0.007292 0.027344
4 0.644531 0.730859 0.007812 0.028906
4 0.633854 0.730078 0.007292 0.025781
4 0.438281 0.716797 0.010937 0.046094
4 0.916927 0.765625 0.007812 0.029687
3 0.755990 0.743750 0.052604 0.159375
3 0.719271 0.741406 0.009375 0.026562
3 0.668490 0.734766 0.011979 0.033594
3 0.656510 0.733594 0.006771 0.017188
3 0.550260 0.708984 0.007812 0.005469
1 0.527604 0.675000 0.003125 0.015625
1 0.440625 0.631250 0.003125 0.015625
2 0.967448 0.738281 0.006771 0.015625
2 0.909635 0.724609 0.019271 0.019531
2 0.778906 0.725391 0.003646 0.010156
2 0.728385 0.723047 0.002604 0.005469
2 0.696615 0.730469 0.007812 0.018750
2 0.649740 0.726562 0.002604 0.004687
2 0.647135 0.704687 0.019271 0.017188