0 0.077344 0.729297 0.154688 0.169531
0 0.304688 0.684375 0.050000 0.026562
0 0.341146 0.687500 0.031250 0.023438
0 0.449479 0.690234 0.009375 0.021094
0 0.527865 0.700781 0.007812 0.012500
0 0.547396 0.699219 0.031250 0.039062
0 0.567188 0.700391 0.014583 0.027344
0 0.574219 0.695703 0.003646 0.005469
0 0.577604 0.701953 0.007292 0.019531
0 0.582552 0.701172 0.006771 0.019531
0 0.586198 0.701563 0.006771 0.021875
0 0.596875 0.702344 0.019792 0.025000
0 0.651302 0.703125 0.059896 0.031250
0 0.717187 0.720313 0.066667 0.075000
0 0.690365 0.701563 0.011979 0.029687
0 0.771094 0.746484 0.077604 0.132031
0 0.874479 0.780469 0.183333 0.212500
2 0.261719 0.691797 0.024479 0.107031
2 0.480990 0.682813 0.007812 0.031250
2 0.514323 0.690625 0.001563 0.009375
2 0.651823 0.684375 0.007812 0.007812
2 0.658073 0.676172 0.011979 0.008594
2 0.658333 0.667188 0.011458 0.007812