0 0.673177 0.815234 0.428646 0.369531
0 0.487760 0.750391 0.103646 0.219531
0 0.445312 0.715625 0.028125 0.067187
0 0.432292 0.716016 0.009375 0.047656
0 0.416927 0.716797 0.011979 0.014844
0 0.403385 0.716406 0.016146 0.020313
0 0.380990 0.713281 0.025521 0.040625
0 0.392448 0.716797 0.004687 0.019531
0 0.355729 0.713672 0.043750 0.053906
0 0.298437 0.719141 0.086458 0.091406
0 0.037500 0.680859 0.075000 0.053906
0 0.672656 0.815625 0.425521 0.368750
1 0.390104 0.589844 0.007292 0.026562
2 0.700260 0.472266 0.058854 0.128906
2 0.388802 0.682031 0.010937 0.009375
2 0.389062 0.691406 0.013542 0.009375