0 0.090885 0.804688 0.181771 0.371875
0 0.151302 0.684375 0.067187 0.037500
0 0.312240 0.673828 0.048438 0.024219
0 0.361719 0.671094 0.021354 0.015625
0 0.385417 0.679688 0.026042 0.054688
0 0.453385 0.742969 0.176563 0.232813
0 0.524219 0.689844 0.026562 0.073438
0 0.548177 0.671094 0.024479 0.028125
0 0.535677 0.663672 0.006771 0.016406
0 0.572917 0.680469 0.034375 0.048438
0 0.650781 0.707813 0.146354 0.170313
0 0.758073 0.701562 0.096354 0.103125
5 0.548177 0.650781 0.022396 0.028125
5 0.531771 0.651172 0.012500 0.017969
3 0.530208 0.662500 0.011458 0.020313
2 0.324740 0.662109 0.008854 0.030469
2 0.839583 0.669922 0.014583 0.047656