0 0.064323 0.655469 0.128646 0.106250
0 0.187240 0.653906 0.042188 0.035937
0 0.326823 0.654687 0.016146 0.017188
0 0.347656 0.656250 0.004687 0.009375
0 0.360156 0.655859 0.010937 0.010156
0 0.382552 0.662500 0.017188 0.028125
0 0.400521 0.663281 0.027083 0.034375
0 0.396875 0.644141 0.007292 0.007031
0 0.400521 0.641016 0.005208 0.007031
0 0.438021 0.657813 0.010417 0.012500
0 0.423698 0.658594 0.004687 0.007812
0 0.595833 0.671875 0.047917 0.048438
0 0.646875 0.680469 0.066667 0.059375
0 0.824740 0.701563 0.151562 0.107813
0 0.980729 0.751953 0.038542 0.110156
4 0.745313 0.662891 0.021875 0.077344
2 0.416667 0.651562 0.003125 0.004687
2 0.100521 0.465625 0.113542 0.140625
2 0.090625 0.601562 0.020833 0.046875
2 0.150000 0.633984 0.010417 0.039844
2 0.215104 0.626172 0.003125 0.010156
2 0.265885 0.633594 0.001563 0.007812
2 0.297135 0.639453 0.001563 0.005469
2 0.313542 0.642578 0.001042 0.003906
2 0.344531 0.646875 0.002604 0.010937
2 0.367969 0.651172 0.001563 0.005469
2 0.371094 0.652344 0.001563 0.004687