0 0.614323 0.717578 0.076563 0.080469
0 0.545573 0.687109 0.017188 0.017969
0 0.451042 0.654297 0.009375 0.007031
0 0.468229 0.696484 0.015625 0.019531
0 0.451042 0.700781 0.020833 0.025000
0 0.439323 0.696875 0.014063 0.020313
0 0.065885 0.703125 0.076563 0.042188
3 0.649479 0.699609 0.011458 0.033594
3 0.570312 0.681641 0.007292 0.021094
1 0.985156 0.566797 0.020313 0.058594
2 0.985417 0.601953 0.029167 0.082031
2 0.984635 0.624609 0.013021 0.028906
2 0.985156 0.652734 0.014063 0.028906
2 0.986719 0.680078 0.014063 0.028906
2 0.734375 0.667578 0.006250 0.036719
2 0.644271 0.542969 0.058333 0.075000
2 0.538281 0.544922 0.063021 0.058594
2 0.454167 0.540625 0.063542 0.057813
2 0.418490 0.692188 0.003646 0.014063
2 0.364583 0.694531 0.007292 0.026562
2 0.192448 0.552734 0.097396 0.161719
2 0.716667 0.572656 0.020833 0.018750