0 0.049479 0.708984 0.098958 0.089844
0 0.102865 0.702734 0.072396 0.075781
0 0.604948 0.694531 0.017188 0.025000
0 0.619010 0.694922 0.011979 0.021094
0 0.639844 0.707031 0.036979 0.046875
0 0.669271 0.714062 0.039583 0.059375
0 0.725000 0.719141 0.098958 0.113281
5 0.552344 0.671875 0.035937 0.084375
2 0.433594 0.584375 0.022396 0.034375
2 0.432031 0.617578 0.024479 0.030469
2 0.451823 0.694141 0.007812 0.033594
2 0.506771 0.652734 0.009375 0.013281
2 0.506510 0.665625 0.008854 0.012500
2 0.507812 0.689063 0.003125 0.014063
2 0.530469 0.686328 0.001563 0.008594