0 0.960156 0.773438 0.079687 0.156250
0 0.796354 0.719922 0.054167 0.038281
0 0.707292 0.737500 0.142708 0.164062
0 0.630469 0.713281 0.016146 0.023438
0 0.601562 0.710547 0.047917 0.033594
0 0.575000 0.705078 0.011458 0.011719
0 0.505729 0.705469 0.047917 0.031250
0 0.533854 0.739062 0.093750 0.126562
0 0.358854 0.754687 0.154167 0.168750
0 0.883333 0.726172 0.017708 0.019531
1 0.853906 0.683984 0.004687 0.013281
1 0.783333 0.691406 0.003125 0.009375
1 0.785677 0.641016 0.009896 0.032031
1 0.672917 0.598437 0.005208 0.023438
1 0.635938 0.598437 0.006250 0.023438
1 0.460677 0.552344 0.007812 0.035937
2 0.984896 0.651953 0.030208 0.022656
2 0.850000 0.716406 0.010417 0.014063
2 0.848958 0.732031 0.008333 0.017188
2 0.388802 0.667578 0.005729 0.007031
2 0.357552 0.667578 0.007812 0.007031
2 0.434635 0.674219 0.008854 0.017188