0 0.050781 0.639062 0.101562 0.168750
0 0.239583 0.630859 0.052083 0.042969
0 0.178385 0.626953 0.010937 0.028906
0 0.454948 0.608594 0.006771 0.014063
0 0.461979 0.613281 0.014583 0.023438
0 0.475521 0.616406 0.022917 0.035937
0 0.502083 0.628906 0.051042 0.064062
0 0.559896 0.648828 0.088542 0.114844
0 0.528385 0.605859 0.011979 0.016406
0 0.558594 0.607812 0.014063 0.010937
0 0.784635 0.663672 0.314063 0.303906
0 0.958594 0.651953 0.047396 0.110156
0 0.865625 0.619141 0.030208 0.047656
0 0.655990 0.621094 0.022396 0.037500
0 0.645833 0.621094 0.027083 0.039062
0 0.630729 0.618359 0.032292 0.039844
0 0.620833 0.615625 0.019792 0.037500
4 0.445833 0.615625 0.013542 0.060937
3 0.326563 0.613672 0.011458 0.077344
3 0.897396 0.648047 0.076042 0.169531
3 0.933594 0.660547 0.049479 0.188281
3 0.973177 0.660547 0.053646 0.171094
3 0.603385 0.623437 0.026562 0.079687
1 0.432292 0.573828 0.005208 0.016406
1 0.465104 0.569922 0.002083 0.007031
1 0.473438 0.571094 0.002083 0.006250
2 0.144010 0.435547 0.011979 0.064844
2 0.318750 0.523438 0.005208 0.031250
2 0.355729 0.542187 0.004167 0.025000
2 0.401302 0.564844 0.003646 0.017188
2 0.422917 0.573437 0.003125 0.012500
2 0.660677 0.585938 0.006771 0.012500
2 0.660156 0.575391 0.006771 0.008594
2 0.528646 0.593359 0.004167 0.005469
2 0.512500 0.588672 0.012500 0.007031
2 0.510937 0.594922 0.013542 0.005469