0 0.938542 0.792188 0.122917 0.151562
0 0.936198 0.743750 0.127604 0.093750
0 0.855208 0.755859 0.039583 0.077344
0 0.806510 0.755078 0.107813 0.089844
0 0.750521 0.721094 0.031250 0.021875
0 0.700521 0.767969 0.135417 0.137500
0 0.639323 0.726953 0.030729 0.042969
0 0.629427 0.722656 0.023438 0.035937
0 0.608333 0.718359 0.025000 0.028906
0 0.592448 0.714453 0.013021 0.022656
0 0.543229 0.754687 0.114583 0.150000
0 0.534896 0.702734 0.045833 0.014844
0 0.092969 0.714453 0.068229 0.083594
0 0.023958 0.716797 0.047917 0.111719
0 0.174740 0.716406 0.027604 0.057813
4 0.780729 0.545703 0.012500 0.042969
4 0.426563 0.540234 0.017708 0.042969
4 0.399479 0.540625 0.011458 0.040625
4 0.188802 0.533984 0.014063 0.044531
4 0.142708 0.554688 0.014583 0.046875
3 0.823437 0.773828 0.071875 0.169531
2 0.327083 0.603906 0.005208 0.037500
2 0.401042 0.640234 0.004167 0.024219