0 0.336979 0.685156 0.011458 0.006250
0 0.353125 0.691406 0.020833 0.007812
0 0.366146 0.691797 0.008333 0.007031
0 0.178646 0.725000 0.098958 0.070312
0 0.482812 0.696484 0.021875 0.028906
0 0.447396 0.694531 0.069792 0.032813
0 0.547917 0.807422 0.481250 0.385156
1 0.319271 0.485937 0.012500 0.059375
1 0.503385 0.590234 0.014063 0.042969
2 0.527604 0.563672 0.017708 0.067969
2 0.214323 0.687500 0.011979 0.017188
2 0.241146 0.698438 0.004167 0.010937
2 0.122917 0.728125 0.009375 0.032813
2 0.032813 0.733594 0.016667 0.060937
2 0.361198 0.668750 0.013021 0.012500
2 0.362240 0.680859 0.015104 0.011719
2 0.354427 0.698828 0.003646 0.005469