0 0.027604 0.729688 0.055208 0.045312
0 0.366927 0.726953 0.032813 0.042969
0 0.385937 0.714844 0.011458 0.009375
0 0.398958 0.714062 0.027083 0.017188
0 0.423698 0.712500 0.022396 0.015625
0 0.441406 0.712109 0.013021 0.007031
0 0.451562 0.712500 0.008333 0.006250
0 0.460417 0.711719 0.010417 0.006250
0 0.535417 0.718359 0.009375 0.016406
0 0.525781 0.723438 0.016146 0.029687
0 0.538281 0.721094 0.008854 0.017188
0 0.562240 0.720313 0.017188 0.026562
0 0.575260 0.722266 0.010937 0.019531
0 0.582552 0.723437 0.011979 0.020313
0 0.589323 0.723828 0.011979 0.022656
0 0.593229 0.725000 0.009375 0.023438
0 0.596875 0.725391 0.011458 0.025781
0 0.608333 0.724609 0.025000 0.027344
0 0.637760 0.732812 0.048438 0.042188
0 0.926042 0.792188 0.147917 0.154688
6 0.201823 0.680469 0.303646 0.209375
6 0.507031 0.708203 0.005729 0.008594
4 0.165104 0.736719 0.033333 0.146875
4 0.207292 0.718750 0.034375 0.101562
4 0.472917 0.748047 0.020833 0.108594
4 0.476823 0.747656 0.041146 0.134375
4 0.573437 0.721094 0.005208 0.025000
4 0.774479 0.741016 0.013542 0.055469
3 0.513802 0.727734 0.019271 0.063281
3 0.543229 0.720313 0.008333 0.023438
3 0.550521 0.722656 0.011458 0.037500
3 0.608594 0.728906 0.020313 0.048438
2 0.501823 0.707813 0.002604 0.010937