0 0.919792 0.857422 0.160417 0.285156
0 0.985938 0.707812 0.028125 0.035937
0 0.914583 0.643750 0.170833 0.104688
0 0.777604 0.720313 0.393750 0.309375
0 0.594792 0.613672 0.045833 0.038281
0 0.539323 0.614844 0.030729 0.056250
0 0.480208 0.614453 0.102083 0.083594
0 0.276823 0.737891 0.513021 0.407031
0 0.146354 0.621094 0.111458 0.112500
4 0.109635 0.576172 0.013021 0.025781
3 0.635937 0.599219 0.029167 0.043750
3 0.570573 0.608594 0.011979 0.042188
3 0.557031 0.607422 0.014063 0.049219
3 0.400260 0.608984 0.044271 0.066406
3 0.046354 0.619922 0.092708 0.236719
1 0.617708 0.494922 0.010417 0.046094
1 0.619531 0.578906 0.004687 0.018750
1 0.374479 0.415234 0.008333 0.036719
1 0.318229 0.413281 0.008333 0.035937
2 0.817448 0.566406 0.036979 0.018750
2 0.100000 0.573828 0.013542 0.017969
2 0.098177 0.598828 0.008854 0.030469
2 0.742188 0.562891 0.004167 0.005469