0 0.944792 0.674609 0.110417 0.127344
0 0.819792 0.661719 0.152083 0.095312
0 0.709115 0.645313 0.035937 0.042188
0 0.679167 0.647266 0.043750 0.046094
0 0.629167 0.654297 0.081250 0.078906
0 0.594010 0.648047 0.027604 0.063281
0 0.538802 0.636328 0.091146 0.146094
0 0.366927 0.643359 0.096354 0.094531
0 0.312760 0.627734 0.047396 0.041406
0 0.252604 0.626172 0.019792 0.036719
0 0.235156 0.626172 0.036979 0.030469
0 0.213542 0.626172 0.034375 0.028906
0 0.146615 0.623828 0.069271 0.044531
0 0.127083 0.623437 0.044792 0.039062
0 0.063281 0.721875 0.126562 0.248438
0 0.029687 0.617188 0.059375 0.043750
4 0.739583 0.651953 0.033333 0.114844
3 0.460417 0.657422 0.110417 0.167969
3 0.383333 0.640234 0.058333 0.146094
3 0.277344 0.635156 0.044271 0.110937
3 0.088281 0.624219 0.044271 0.089063
2 0.633333 0.582422 0.006250 0.028906
2 0.630729 0.601172 0.005208 0.014844