0 0.098958 0.595703 0.197917 0.213281
0 0.250000 0.610937 0.104167 0.064062
0 0.405469 0.611328 0.126562 0.074219
0 0.503125 0.612500 0.036458 0.048438
0 0.586458 0.612109 0.038542 0.038281
0 0.777083 0.718750 0.393750 0.307812
0 0.919531 0.853906 0.160938 0.292187
0 0.985677 0.706641 0.028646 0.035156
0 0.933333 0.643750 0.133333 0.106250
0 0.276302 0.737500 0.513021 0.406250
4 0.482812 0.584375 0.008333 0.023438
4 0.629167 0.580469 0.010417 0.025000
3 0.608854 0.624609 0.065625 0.102344
3 0.533073 0.617969 0.044271 0.092188
3 0.545312 0.596484 0.008333 0.035156
3 0.509635 0.580078 0.013021 0.016406
1 0.318229 0.412109 0.008333 0.035156
1 0.374479 0.414062 0.008333 0.035937
1 0.617708 0.493359 0.010417 0.046094
1 0.619792 0.576172 0.004167 0.014844
2 0.817448 0.565625 0.036979 0.018750