0 0.957813 0.881641 0.084375 0.236719
0 0.878385 0.798828 0.243229 0.302344
0 0.750000 0.753516 0.133333 0.175781
0 0.670052 0.720313 0.071354 0.076563
0 0.648177 0.709766 0.051562 0.066406
0 0.621615 0.707031 0.021354 0.053125
0 0.594271 0.706250 0.034375 0.059375
0 0.547396 0.719141 0.085417 0.110156
0 0.508073 0.686328 0.011979 0.017969
0 0.496875 0.699609 0.028125 0.049219
0 0.487240 0.695312 0.016146 0.042188
0 0.423698 0.747266 0.148438 0.196094
0 0.115104 0.813281 0.230208 0.373437
2 0.899219 0.569141 0.042188 0.083594
2 0.900000 0.630859 0.042708 0.036719
2 0.676562 0.649609 0.013542 0.028906
2 0.676562 0.673047 0.013542 0.013281