0 0.107292 0.746484 0.208333 0.132031
0 0.316927 0.726562 0.082812 0.073438
0 0.373958 0.719531 0.055208 0.056250
0 0.464844 0.706641 0.035937 0.042969
0 0.485417 0.707422 0.016667 0.030469
0 0.520833 0.704688 0.017708 0.021875
0 0.531510 0.702734 0.008854 0.017969
0 0.537500 0.700391 0.007292 0.011719
0 0.567708 0.729687 0.071875 0.098437
0 0.597135 0.702344 0.005729 0.015625
0 0.616146 0.701562 0.007292 0.010937
0 0.620833 0.700781 0.006250 0.010937
0 0.627083 0.701562 0.004167 0.015625
0 0.630990 0.704688 0.008854 0.021875
0 0.643229 0.708203 0.023958 0.028906
0 0.659635 0.701953 0.011979 0.016406
0 0.690365 0.725000 0.071354 0.078125
0 0.765885 0.694922 0.038021 0.060156
0 0.778385 0.710156 0.044271 0.042188
0 0.745833 0.709766 0.004167 0.021094
0 0.741406 0.705859 0.017188 0.024219
0 0.723438 0.701953 0.017708 0.016406
0 0.882812 0.718359 0.064583 0.049219
0 0.949219 0.725000 0.071354 0.064062
0 0.983854 0.724219 0.032292 0.068750
6 0.653646 0.692188 0.011458 0.014063
4 0.842187 0.700391 0.008333 0.038281
4 0.879948 0.686328 0.006771 0.013281
2 0.605469 0.684766 0.003646 0.005469
2 0.610156 0.693359 0.001563 0.005469
2 0.608854 0.671875 0.005208 0.007812
2 0.558854 0.619922 0.043750 0.028906
2 0.625260 0.617188 0.045312 0.028125
2 0.691667 0.615625 0.029167 0.028125