0 0.113281 0.806250 0.226562 0.317188
0 0.475260 0.752734 0.134896 0.164844
0 0.407031 0.689063 0.013021 0.014063
0 0.427344 0.702734 0.017188 0.039844
0 0.540885 0.703516 0.028646 0.035156
0 0.585417 0.707812 0.034375 0.046875
0 0.605208 0.692969 0.022917 0.037500
0 0.620833 0.694531 0.011458 0.017188
0 0.643750 0.712109 0.037500 0.047656
0 0.641667 0.687109 0.011458 0.003906
0 0.664323 0.692578 0.010937 0.011719
0 0.677865 0.695703 0.013021 0.016406
0 0.867708 0.774609 0.264583 0.246094
3 0.657812 0.693750 0.005208 0.012500
1 0.644792 0.667969 0.002083 0.009375
2 0.131510 0.681641 0.017188 0.057031
2 0.654687 0.664453 0.015625 0.028906
2 0.740104 0.697266 0.006250 0.022656