0 0.934115 0.661328 0.131771 0.086719
0 0.427083 0.665234 0.014583 0.033594
0 0.493750 0.662500 0.083333 0.059375
0 0.486979 0.772656 0.262500 0.329688
0 0.157292 0.771094 0.314583 0.320312
4 0.800521 0.667969 0.031250 0.114062
4 0.713021 0.664844 0.012500 0.034375
4 0.744271 0.658594 0.022917 0.043750
4 0.584115 0.656250 0.009896 0.045312
4 0.590625 0.658203 0.013542 0.050781
4 0.594531 0.653906 0.010937 0.051562
4 0.602344 0.658594 0.013021 0.045312
4 0.612760 0.659375 0.010937 0.045312
4 0.395833 0.647266 0.018750 0.064844
4 0.009115 0.654687 0.018229 0.043750
4 0.307812 0.653516 0.007292 0.013281
2 0.568750 0.580078 0.030208 0.050781
2 0.549219 0.588672 0.009896 0.024219
2 0.551042 0.607422 0.010417 0.011719
2 0.315365 0.626563 0.014063 0.034375
2 0.433073 0.643750 0.002604 0.007812
2 0.852083 0.349609 0.073958 0.150781
2 0.855469 0.455078 0.074479 0.069531