0 0.018750 0.566016 0.037500 0.022656
0 0.078906 0.571875 0.157812 0.056250
0 0.481250 0.598047 0.011458 0.008594
0 0.540885 0.614062 0.023438 0.031250
0 0.580208 0.607422 0.029167 0.017969
0 0.591146 0.640234 0.065625 0.089844
0 0.638281 0.612500 0.016146 0.018750
0 0.658333 0.607031 0.008333 0.009375
0 0.674219 0.608594 0.008854 0.010937
0 0.681250 0.607031 0.007292 0.010937
0 0.691927 0.605469 0.006771 0.007812
0 0.708333 0.606250 0.005208 0.009375
0 0.719531 0.666406 0.093229 0.084375
0 0.610417 0.611328 0.030208 0.025781
5 0.648177 0.603516 0.011979 0.021094
3 0.685937 0.605859 0.004167 0.010156
3 0.668229 0.607031 0.004167 0.010937
3 0.743490 0.630859 0.022396 0.027344
3 0.984896 0.683203 0.030208 0.111719
1 0.677604 0.583984 0.002083 0.005469
2 0.713281 0.617578 0.002604 0.010156
2 0.830469 0.599219 0.015104 0.021875
2 0.897135 0.623438 0.008854 0.029687
2 0.699479 0.611719 0.002083 0.007812
2 0.699479 0.566406 0.013542 0.017188
2 0.673958 0.555078 0.008333 0.008594