0 0.695573 0.788672 0.022396 0.027344
0 0.704688 0.773047 0.016667 0.013281
0 0.680208 0.753906 0.011458 0.015625
0 0.672135 0.748047 0.010937 0.013281
0 0.650000 0.744531 0.008333 0.014063
0 0.652604 0.767969 0.018750 0.021875
0 0.631510 0.771094 0.013021 0.023438
0 0.621615 0.773828 0.018229 0.021094
0 0.611719 0.783984 0.014063 0.016406
0 0.622656 0.830469 0.034896 0.037500
0 0.617969 0.847266 0.041146 0.057031
0 0.601562 0.803516 0.014583 0.027344
4 0.927865 0.737891 0.144271 0.522656
4 0.823177 0.898047 0.100521 0.203906
4 0.736198 0.863281 0.027604 0.084375
4 0.700260 0.831641 0.014063 0.063281
4 0.689323 0.814063 0.013021 0.046875
4 0.679427 0.833984 0.013021 0.058594
3 0.652083 0.825391 0.025000 0.052344
2 0.127865 0.334766 0.126562 0.174219
2 0.094010 0.757812 0.068229 0.207813
2 0.437240 0.730859 0.021354 0.089844
2 0.508333 0.733594 0.018750 0.050000
2 0.519010 0.770313 0.014063 0.057813
2 0.561719 0.798047 0.009896 0.044531
2 0.128906 0.334375 0.128646 0.175000
2 0.699740 0.760156 0.002604 0.009375
2 0.700000 0.739453 0.003125 0.005469