0 0.548958 0.666406 0.145833 0.193750
0 0.922917 0.700781 0.154167 0.285938
0 0.778906 0.639844 0.126562 0.114062
0 0.666667 0.610547 0.073958 0.088281
0 0.621094 0.614062 0.032813 0.043750
0 0.708594 0.619531 0.024479 0.045312
0 0.855469 0.631641 0.072396 0.082031
0 0.259115 0.605859 0.063021 0.024219
0 0.335417 0.602734 0.027083 0.024219
0 0.427865 0.603516 0.023438 0.014844
0 0.439844 0.605078 0.007812 0.011719
0 0.539323 0.601953 0.046354 0.024219
2 0.486979 0.600781 0.005208 0.023438
2 0.576042 0.569922 0.023958 0.007031
2 0.601042 0.575000 0.019792 0.015625