0 0.021094 0.767969 0.028646 0.081250
0 0.036458 0.737109 0.050000 0.067969
0 0.052604 0.732422 0.035417 0.064844
0 0.077604 0.721484 0.034375 0.044531
0 0.086979 0.708203 0.040625 0.025781
0 0.209635 0.692578 0.065104 0.036719
0 0.574219 0.747656 0.267188 0.309375
0 0.493229 0.646875 0.026042 0.043750
0 0.679167 0.671484 0.087500 0.124219
0 0.657031 0.631250 0.032813 0.018750
0 0.825781 0.704688 0.171354 0.214062
0 0.735156 0.660156 0.049479 0.079687
0 0.728906 0.634766 0.045312 0.024219
0 0.726823 0.626563 0.035937 0.021875
0 0.710677 0.630078 0.015104 0.021094
5 0.294531 0.653125 0.069271 0.067187
3 0.272135 0.724219 0.018229 0.117188
3 0.908594 0.741406 0.182812 0.517188
3 0.773177 0.621094 0.042188 0.064062
2 0.204687 0.586719 0.013542 0.067187
2 0.351562 0.606250 0.007292 0.032813
2 0.404948 0.610938 0.004687 0.023438
2 0.427604 0.614844 0.004167 0.017188
2 0.442969 0.623438 0.003646 0.014063
2 0.452083 0.630078 0.002083 0.011719
2 0.459896 0.632422 0.002083 0.010156
2 0.464844 0.632031 0.001563 0.009375
2 0.469271 0.632031 0.002083 0.007812
2 0.472396 0.633594 0.002083 0.007812
2 0.767448 0.589063 0.007812 0.010937
2 0.679688 0.604297 0.008333 0.011719