0 0.037240 0.871875 0.074479 0.256250
0 0.129948 0.681641 0.259896 0.122656
0 0.229687 0.633984 0.055208 0.027344
0 0.320052 0.602344 0.119271 0.106250
0 0.285417 0.657031 0.055208 0.078125
0 0.392969 0.689063 0.223438 0.206250
0 0.539583 0.648828 0.138542 0.142969
0 0.595313 0.608203 0.019792 0.019531
0 0.615365 0.632422 0.039062 0.072656
0 0.861979 0.685547 0.135417 0.261719
0 0.914583 0.648438 0.057292 0.103125
0 0.925521 0.632031 0.060417 0.067187
0 0.995052 0.655078 0.009896 0.082031
0 0.971615 0.615234 0.043229 0.036719
0 0.974740 0.616016 0.013021 0.055469
0 0.961458 0.597266 0.021875 0.019531
0 0.934896 0.604297 0.030208 0.019531
0 0.887240 0.589844 0.016146 0.012500
0 0.898958 0.593359 0.012500 0.007031
0 0.951042 0.593750 0.010417 0.012500
0 0.909115 0.592187 0.016146 0.009375
0 0.936198 0.600391 0.028646 0.022656
0 0.920833 0.593359 0.005208 0.010156
0 0.990625 0.598828 0.018750 0.021094
0 0.036719 0.664844 0.073438 0.062500
6 0.985417 0.578906 0.029167 0.035937
3 0.797656 0.678906 0.358854 0.642188
3 0.995052 0.611719 0.009896 0.042188
3 0.926823 0.592187 0.006771 0.012500
2 0.140885 0.580078 0.005729 0.027344