0 0.955729 0.831250 0.088542 0.337500
0 0.861198 0.665625 0.150521 0.112500
0 0.711198 0.781250 0.553646 0.437500
0 0.509115 0.651953 0.181771 0.272656
0 0.413021 0.634766 0.023958 0.039844
0 0.390625 0.642578 0.041667 0.069531
0 0.356250 0.648438 0.062500 0.089063
0 0.280469 0.653125 0.138021 0.145313
0 0.161979 0.716797 0.319792 0.269531
0 0.046354 0.655078 0.092708 0.158594
0 0.021875 0.845703 0.043750 0.222656
4 0.335156 0.596094 0.009896 0.015625
3 0.622396 0.634766 0.054167 0.058594
2 0.893229 0.667969 0.008333 0.006250