0 0.339583 0.664844 0.095833 0.095312
0 0.430990 0.644141 0.039062 0.044531
0 0.440885 0.637891 0.026562 0.027344
0 0.490885 0.666016 0.083854 0.099219
0 0.533073 0.643359 0.010937 0.016406
0 0.546094 0.637891 0.019271 0.038281
0 0.555729 0.643359 0.019792 0.050781
0 0.702604 0.682813 0.164583 0.159375
5 0.380990 0.639063 0.032813 0.053125
3 0.174479 0.665625 0.046875 0.120313
3 0.518229 0.623828 0.012500 0.028906
3 0.595312 0.682031 0.071875 0.245312
3 0.625521 0.635547 0.015625 0.053906
2 0.410677 0.639453 0.010937 0.042969