0 0.038542 0.726562 0.077083 0.029687
0 0.354167 0.726562 0.103125 0.106250
0 0.448958 0.722266 0.036458 0.025781
0 0.467187 0.720313 0.012500 0.018750
0 0.513281 0.717187 0.023438 0.017188
0 0.552344 0.739453 0.060937 0.080469
0 0.564583 0.717188 0.036458 0.021875
0 0.584375 0.726172 0.021875 0.030469
0 0.599219 0.721484 0.016146 0.027344
0 0.673958 0.747266 0.072917 0.111719
0 0.727344 0.736328 0.019271 0.033594
3 0.627083 0.763281 0.055208 0.185938
2 0.458854 0.706250 0.009375 0.032813
2 0.716667 0.739844 0.006250 0.023438
2 0.777865 0.696094 0.005729 0.012500