0 0.443229 0.694141 0.075000 0.032031
0 0.481250 0.696875 0.020833 0.026562
0 0.553125 0.804688 0.489583 0.384375
0 0.361458 0.705469 0.007292 0.007812
0 0.351302 0.713672 0.020313 0.025781
0 0.335417 0.685938 0.011458 0.006250
0 0.355729 0.691797 0.016667 0.008594
4 0.521875 0.682812 0.013542 0.020313
1 0.318229 0.483203 0.013542 0.052344
2 0.526823 0.563672 0.017188 0.066406
2 0.213542 0.687891 0.012500 0.017969
2 0.240365 0.698047 0.003646 0.011719
2 0.156250 0.713672 0.007292 0.022656
2 0.121875 0.727734 0.010417 0.033594
2 0.031510 0.733203 0.017188 0.061719
2 0.360677 0.680469 0.015104 0.010937
2 0.359896 0.668750 0.012500 0.010937