0 0.852865 0.673047 0.235937 0.211719
0 0.388802 0.746094 0.354687 0.393750
0 0.521615 0.665625 0.123438 0.173437
0 0.569271 0.605469 0.007292 0.007812
0 0.580469 0.619922 0.013021 0.036719
0 0.583073 0.621484 0.007812 0.036719
0 0.605208 0.607422 0.016667 0.017969
0 0.573437 0.609766 0.009375 0.014844
5 0.029948 0.607422 0.059896 0.164844
4 0.674740 0.668750 0.181771 0.576562
4 0.977083 0.587109 0.021875 0.038281
4 0.458333 0.605078 0.014583 0.032031
4 0.592448 0.621094 0.016146 0.070312
3 0.936979 0.718359 0.126042 0.541406
3 0.101823 0.728516 0.203646 0.499219
3 0.174740 0.671875 0.100521 0.251563
3 0.249219 0.645703 0.054688 0.141406
3 0.421615 0.617969 0.040104 0.045312
2 0.578646 0.589062 0.006250 0.004687