0 0.521354 0.713672 0.005208 0.022656
0 0.513021 0.716406 0.018750 0.028125
0 0.484635 0.726172 0.049479 0.064844
0 0.463021 0.705078 0.006250 0.008594
0 0.452865 0.705078 0.003646 0.010156
0 0.450000 0.705859 0.005208 0.013281
0 0.435937 0.707422 0.010417 0.016406
0 0.370833 0.738672 0.110417 0.117969
0 0.305990 0.709766 0.044271 0.044531
0 0.136198 0.732422 0.243229 0.189844
0 0.020313 0.690625 0.028125 0.006250
3 0.444010 0.711328 0.008854 0.033594
3 0.463281 0.707422 0.003646 0.014844
2 0.593490 0.668750 0.017188 0.040625
2 0.617188 0.644922 0.023958 0.025781