0 0.064844 0.790625 0.129688 0.307812
0 0.160677 0.677344 0.216146 0.173437
0 0.279948 0.622266 0.050521 0.046094
0 0.368490 0.630859 0.035937 0.050781
0 0.382292 0.623047 0.029167 0.044531
0 0.456771 0.632031 0.147917 0.104688
0 0.337240 0.748828 0.450521 0.421094
0 0.511458 0.608203 0.005208 0.008594
0 0.515365 0.610938 0.007812 0.014063
0 0.520052 0.613672 0.011979 0.022656
0 0.527344 0.611719 0.018229 0.021875
0 0.547917 0.624609 0.043750 0.049219
0 0.598437 0.640234 0.083333 0.094531
0 0.721615 0.678125 0.201563 0.218750
0 0.866667 0.756250 0.266667 0.478125
4 0.572917 0.596094 0.008333 0.017188
4 0.529687 0.597656 0.004167 0.007812