0 0.079948 0.673047 0.159896 0.244531
0 0.224219 0.767188 0.295312 0.234375
0 0.394792 0.695703 0.028125 0.027344
0 0.435937 0.690625 0.028125 0.025000
0 0.472656 0.691797 0.039062 0.049219
0 0.525000 0.701172 0.054167 0.072656
0 0.552344 0.694141 0.009896 0.027344
0 0.557552 0.692969 0.003646 0.010937
0 0.564583 0.693750 0.011458 0.014063
0 0.572656 0.692969 0.006771 0.009375
0 0.583854 0.691797 0.006250 0.008594
0 0.577344 0.687500 0.006771 0.003125
0 0.579427 0.691016 0.002604 0.005469
0 0.498177 0.687891 0.007812 0.013281
3 0.353125 0.691016 0.014583 0.033594
2 0.409635 0.677344 0.005729 0.023438