0 0.102344 0.776953 0.204687 0.419531
0 0.187760 0.703125 0.222396 0.242188
0 0.291406 0.630078 0.075521 0.086719
0 0.419531 0.746094 0.302604 0.373437
0 0.445312 0.623437 0.063542 0.050000
0 0.493490 0.621094 0.019271 0.029687
0 0.540885 0.623437 0.032813 0.046875
0 0.576302 0.639844 0.067187 0.095312
0 0.653385 0.660156 0.147396 0.153125
0 0.840104 0.707813 0.319792 0.268750
0 0.408854 0.613281 0.006250 0.010937
0 0.411719 0.611328 0.003646 0.007031
0 0.408073 0.617188 0.004687 0.014063
4 0.605990 0.585938 0.006771 0.012500