0 0.895052 0.785547 0.209896 0.341406
0 0.582813 0.664844 0.115625 0.114062
0 0.527083 0.655078 0.052083 0.086719
0 0.506510 0.642969 0.033854 0.062500
0 0.478646 0.634766 0.033333 0.044531
0 0.464323 0.633203 0.010937 0.039844
0 0.459115 0.628125 0.017188 0.032813
0 0.455469 0.623828 0.022396 0.033594
0 0.444271 0.621094 0.008333 0.021875
0 0.436458 0.616016 0.012500 0.014844
0 0.416146 0.617578 0.017708 0.019531
0 0.381250 0.623047 0.022917 0.025781
0 0.355990 0.632422 0.030729 0.047656
0 0.340885 0.637891 0.035937 0.055469
0 0.314062 0.641016 0.043750 0.064844
0 0.290885 0.649609 0.043229 0.074219
0 0.242188 0.655859 0.087500 0.094531
0 0.093750 0.642578 0.187500 0.116406