0 0.993750 0.792188 0.012500 0.151562
0 0.909375 0.694141 0.181250 0.222656
0 0.817708 0.648438 0.155208 0.150000
0 0.729167 0.627344 0.025000 0.032813
0 0.688281 0.696484 0.171354 0.192969
0 0.536719 0.769922 0.318229 0.361719
0 0.371615 0.669531 0.061979 0.085938
0 0.242708 0.690234 0.058333 0.086719
0 0.080469 0.810547 0.160938 0.289844
0 0.675260 0.588281 0.051562 0.023438
4 0.132812 0.649609 0.008333 0.017969
4 0.436719 0.571484 0.003646 0.016406
3 0.743750 0.617188 0.020833 0.035937
2 0.353385 0.576953 0.004687 0.032031
2 0.398698 0.593359 0.004687 0.022656
2 0.422135 0.600000 0.003646 0.017188