0 0.039323 0.696875 0.030729 0.037500
0 0.083073 0.694531 0.067187 0.042188
0 0.176563 0.751953 0.188542 0.183594
0 0.269010 0.716406 0.047396 0.075000
0 0.308333 0.717187 0.004167 0.017188
0 0.317187 0.709375 0.014583 0.039062
0 0.338021 0.708203 0.038542 0.050781
0 0.366927 0.713672 0.009896 0.010156
0 0.379427 0.709766 0.011979 0.035156
0 0.388802 0.707031 0.015104 0.040625
0 0.426823 0.706641 0.049479 0.077344
0 0.409115 0.688281 0.003646 0.010937
0 0.458594 0.713672 0.079687 0.085156
0 0.625781 0.759766 0.226562 0.258594
0 0.819010 0.746484 0.361979 0.507031
4 0.399219 0.704688 0.017188 0.082812
4 0.505469 0.678125 0.015104 0.037500
3 0.359635 0.707812 0.004687 0.035937
1 0.338802 0.617969 0.005729 0.021875
2 0.489583 0.617578 0.015625 0.036719
2 0.410677 0.664062 0.003646 0.017188
2 0.526042 0.699219 0.010417 0.042188
2 0.679167 0.613281 0.019792 0.035937
2 0.318750 0.690234 0.009375 0.010156