0 0.086979 0.760547 0.015625 0.022656
0 0.218750 0.693359 0.008333 0.008594
0 0.249479 0.684375 0.005208 0.006250
0 0.247917 0.681250 0.005208 0.006250
0 0.250781 0.678516 0.003646 0.005469
0 0.253385 0.681250 0.003646 0.007812
0 0.253385 0.676172 0.003646 0.002344
0 0.413802 0.697656 0.015104 0.012500
0 0.431771 0.701172 0.012500 0.005469
0 0.402344 0.699609 0.009896 0.008594
0 0.392187 0.696484 0.006250 0.008594
0 0.389323 0.691406 0.003646 0.007812
0 0.425000 0.683984 0.005208 0.007031
0 0.423438 0.680859 0.005208 0.008594
0 0.400260 0.666016 0.003646 0.005469
0 0.419010 0.666016 0.007812 0.005469
0 0.408333 0.664844 0.004167 0.006250
3 0.413802 0.669531 0.001563 0.006250
2 0.997396 0.601562 0.005208 0.035937
2 0.831250 0.621484 0.006250 0.024219
2 0.739062 0.632031 0.005208 0.018750
2 0.681771 0.637109 0.003125 0.013281
2 0.640885 0.640234 0.002604 0.013281
2 0.611458 0.644141 0.002083 0.011719
2 0.588542 0.648047 0.002083 0.010156
2 0.570312 0.651172 0.002083 0.008594
2 0.555990 0.655078 0.001563 0.007031
2 0.544010 0.658594 0.001563 0.007812
2 0.533594 0.662500 0.001563 0.006250
2 0.524219 0.664453 0.001563 0.005469
2 0.516667 0.667187 0.001042 0.004687
2 0.509375 0.669531 0.001042 0.004687
2 0.502604 0.671875 0.001042 0.004687
2 0.496875 0.673828 0.001042 0.003906
2 0.491927 0.676562 0.000521 0.004687
2 0.487240 0.678516 0.000521 0.003906
2 0.520573 0.639063 0.008854 0.014063
2 0.161719 0.587109 0.008854 0.038281
2 0.247135 0.611328 0.005729 0.028906
2 0.290104 0.623437 0.004167 0.020313
2 0.317188 0.630469 0.004167 0.015625
2 0.335156 0.635938 0.003646 0.014063
2 0.348438 0.638672 0.003125 0.008594
2 0.357552 0.645313 0.002604 0.010937
2 0.364583 0.648828 0.002083 0.010156
2 0.369531 0.653125 0.002604 0.009375
2 0.373437 0.656641 0.002083 0.008594
2 0.376563 0.661328 0.001042 0.005469
2 0.384375 0.647656 0.008333 0.009375
2 0.375260 0.647656 0.009896 0.009375
2 0.365625 0.648047 0.009375 0.010156
2 0.357552 0.648047 0.006771 0.010156