0 0.532813 0.692578 0.010417 0.017969
0 0.507552 0.690234 0.017188 0.021094
0 0.404688 0.706641 0.040625 0.053906
0 0.440885 0.696094 0.031771 0.045312
0 0.470573 0.686328 0.021354 0.025781
0 0.459115 0.689063 0.004687 0.010937
3 0.636719 0.742188 0.033854 0.110937
3 0.581510 0.723438 0.021354 0.060937
3 0.525521 0.688281 0.007292 0.026562
3 0.266927 0.724609 0.031771 0.116406
3 0.372917 0.688281 0.013542 0.032813
2 0.335417 0.648047 0.005208 0.030469
2 0.399219 0.688672 0.003646 0.019531
2 0.407813 0.705469 0.009375 0.037500
2 0.474479 0.689062 0.003125 0.017188
2 0.489583 0.682422 0.003125 0.010156