0 0.455208 0.638672 0.021875 0.016406
0 0.364844 0.676563 0.098437 0.120313
0 0.495312 0.660938 0.009375 0.026562
0 0.556250 0.669141 0.086458 0.103906
0 0.491146 0.770312 0.251042 0.332813
0 0.612500 0.666797 0.044792 0.069531
0 0.688021 0.671094 0.072917 0.093750
0 0.795573 0.717187 0.220312 0.210938
0 0.944792 0.708594 0.110417 0.217188
4 0.076302 0.676563 0.047396 0.162500
4 0.106250 0.624219 0.020833 0.085938
4 0.072917 0.617969 0.029167 0.050000
4 0.149479 0.621094 0.021875 0.056250
4 0.202604 0.667578 0.033333 0.132031
4 0.216927 0.647266 0.018229 0.072656
4 0.234375 0.645703 0.017708 0.099219
4 0.242188 0.661719 0.015625 0.071875
4 0.252604 0.658203 0.023958 0.092969
4 0.274219 0.655469 0.021354 0.093750
4 0.298698 0.650781 0.020313 0.075000
4 0.303646 0.652344 0.015625 0.070312
4 0.323437 0.643750 0.011458 0.050000
4 0.273958 0.657031 0.018750 0.087500
4 0.646615 0.658203 0.008854 0.041406
4 0.652344 0.658984 0.006771 0.046094
4 0.658333 0.641016 0.007292 0.027344
4 0.923958 0.626563 0.034375 0.085938
4 0.944010 0.629687 0.011979 0.015625
3 0.435417 0.632031 0.032292 0.064062
3 0.472656 0.648828 0.028646 0.039844
3 0.504948 0.658984 0.014063 0.036719
3 0.779948 0.628906 0.036979 0.050000
3 0.921354 0.646484 0.062500 0.075781
3 0.151042 0.676562 0.067708 0.160938
1 0.663542 0.566797 0.013542 0.049219
1 0.504167 0.442188 0.011458 0.046875
2 0.228385 0.568359 0.013021 0.022656
2 0.229948 0.592969 0.018229 0.021875
2 0.655469 0.513672 0.043229 0.046094
2 0.702344 0.583594 0.011979 0.028125
2 0.703385 0.606641 0.013021 0.019531
2 0.703646 0.621094 0.009375 0.007812
2 0.677604 0.603516 0.005208 0.030469
2 0.980469 0.316016 0.039062 0.053906