0 0.086458 0.666016 0.104167 0.072656
0 0.022917 0.662500 0.045833 0.076563
0 0.027604 0.717578 0.055208 0.177344
0 0.277344 0.687500 0.115104 0.101562
0 0.192187 0.646094 0.017708 0.018750
0 0.215625 0.762109 0.239583 0.302344
0 0.506771 0.674219 0.007292 0.023438
0 0.508594 0.675391 0.005729 0.021094
0 0.521875 0.673437 0.026042 0.025000
0 0.990885 0.671484 0.018229 0.013281
0 0.841927 0.666406 0.052604 0.021875
0 0.860677 0.687891 0.107813 0.082031
0 0.790885 0.708594 0.231771 0.125000
0 0.903125 0.694922 0.114583 0.089844
0 0.961198 0.705859 0.077604 0.117969
0 0.979687 0.729687 0.040625 0.106250
0 0.640625 0.685156 0.112500 0.092188
4 0.742188 0.712891 0.051042 0.319531
4 0.775781 0.742578 0.067187 0.319531
1 0.315104 0.594531 0.011458 0.043750
1 0.540625 0.609766 0.007292 0.022656
1 0.572135 0.556250 0.011979 0.032813
1 0.711458 0.407422 0.041667 0.158594
2 0.233854 0.605859 0.015625 0.013281
2 0.481510 0.648828 0.004687 0.011719
2 0.525260 0.642578 0.005729 0.017969
2 0.693490 0.553906 0.026562 0.084375
2 0.934896 0.292578 0.130208 0.142969
2 0.937500 0.437109 0.125000 0.153906