0 0.411979 0.791797 0.401042 0.416406
0 0.484635 0.655859 0.104688 0.063281
4 0.831771 0.656641 0.047917 0.152344
4 0.751823 0.656641 0.020313 0.105469
4 0.725521 0.658594 0.023958 0.107813
4 0.734635 0.655469 0.036979 0.142187
4 0.659635 0.656250 0.028646 0.109375
4 0.627865 0.654297 0.016146 0.066406
4 0.571615 0.650000 0.008854 0.034375
4 0.555208 0.641406 0.006250 0.015625
4 0.238021 0.653906 0.012500 0.025000
3 0.585677 0.654297 0.015104 0.049219
2 0.633594 0.513672 0.058854 0.094531
2 0.594010 0.538281 0.021354 0.040625
2 0.595052 0.570703 0.019271 0.024219
2 0.564844 0.606250 0.011979 0.018750
2 0.250260 0.612891 0.020313 0.049219
2 0.429427 0.633594 0.008854 0.007812