0 0.970833 0.907422 0.058333 0.185156
0 0.944010 0.783984 0.111979 0.135156
0 0.889583 0.755078 0.123958 0.097656
0 0.777344 0.727734 0.061979 0.030469
0 0.684375 0.739844 0.080208 0.089063
0 0.639323 0.723828 0.034896 0.057031
0 0.579167 0.760938 0.126042 0.170313
0 0.553646 0.734375 0.071875 0.104688
0 0.490365 0.704297 0.007812 0.011719
0 0.446875 0.707422 0.007292 0.027344
0 0.392448 0.705469 0.063021 0.075000
0 0.353125 0.706250 0.021875 0.037500
0 0.338281 0.708594 0.022396 0.037500
0 0.307292 0.707812 0.042708 0.070312
0 0.246094 0.700391 0.020313 0.063281
0 0.208333 0.707812 0.069792 0.059375
0 0.107552 0.710938 0.110937 0.079687
0 0.782031 0.785156 0.195312 0.170313
2 0.862500 0.635547 0.027083 0.033594
2 0.706771 0.678906 0.009375 0.014063
2 0.706771 0.694141 0.008333 0.013281
2 0.649740 0.693359 0.004687 0.008594
2 0.482292 0.703516 0.009375 0.038281