0 0.042188 0.778516 0.084375 0.249219
0 0.182812 0.677344 0.169792 0.156250
0 0.321615 0.625000 0.027604 0.037500
0 0.394271 0.639844 0.143750 0.114062
0 0.454948 0.619141 0.017188 0.039844
0 0.478646 0.621094 0.007292 0.040625
0 0.480729 0.629297 0.003125 0.032031
0 0.669792 0.639844 0.054167 0.117188
0 0.890885 0.730078 0.218229 0.325781
0 0.288802 0.751172 0.357812 0.396094
3 0.521094 0.688281 0.360938 0.510938
3 0.009635 0.635938 0.019271 0.039062
3 0.468229 0.614453 0.017708 0.050781
3 0.626302 0.641406 0.072396 0.206250
3 0.748698 0.685547 0.156771 0.471094
2 0.181510 0.568750 0.019271 0.026562
2 0.181771 0.591406 0.011458 0.017188