0 0.615625 0.644531 0.051042 0.048438
0 0.558854 0.642969 0.059375 0.068750
0 0.529167 0.625781 0.020833 0.031250
0 0.508854 0.624609 0.012500 0.014844
0 0.489062 0.624219 0.010417 0.015625
0 0.494792 0.623437 0.002083 0.009375
0 0.467969 0.618359 0.016146 0.010156
0 0.464063 0.637109 0.047917 0.061719
0 0.444792 0.621094 0.005208 0.012500
0 0.442188 0.621875 0.005208 0.012500
0 0.437240 0.619922 0.005729 0.007031
0 0.156771 0.612109 0.050000 0.013281
0 0.214844 0.612500 0.023438 0.010937
3 0.508333 0.625781 0.006250 0.020313
2 0.621615 0.476953 0.064062 0.063281