0 0.078906 0.629687 0.157812 0.210938
0 0.042969 0.567187 0.064062 0.025000
0 0.390625 0.602734 0.039583 0.027344
0 0.425781 0.615625 0.102604 0.057813
0 0.485938 0.595703 0.013542 0.017969
0 0.502865 0.602344 0.032813 0.032813
0 0.532292 0.616016 0.082292 0.060156
0 0.572396 0.612891 0.032292 0.047656
0 0.594792 0.614453 0.039583 0.049219
0 0.276823 0.737891 0.518229 0.411719
0 0.777083 0.722266 0.395833 0.316406
0 0.932031 0.644922 0.135937 0.110156
0 0.985156 0.709766 0.029687 0.041406
0 0.918750 0.856250 0.162500 0.287500
4 0.209375 0.507812 0.007292 0.029687
4 0.493750 0.587109 0.010417 0.024219
4 0.596354 0.587891 0.011458 0.055469
4 0.634635 0.585938 0.010937 0.017188
3 0.147135 0.580859 0.063021 0.089844
3 0.217188 0.602734 0.031250 0.042969
3 0.357812 0.610156 0.051042 0.059375
3 0.108594 0.571484 0.007812 0.017969
3 0.534375 0.619922 0.042708 0.096094
3 0.990365 0.592969 0.019271 0.023438
3 0.620573 0.628125 0.086979 0.103125
1 0.617448 0.495703 0.011979 0.047656
1 0.619531 0.575000 0.005729 0.009375
1 0.373958 0.415625 0.010417 0.039062
1 0.317969 0.414453 0.009896 0.039844
2 0.742448 0.563672 0.004687 0.007031
2 0.816667 0.567578 0.039583 0.021094