0 0.819531 0.677734 0.071354 0.032031
0 0.780469 0.680469 0.033854 0.026562
0 0.732031 0.680469 0.048438 0.025000
0 0.445573 0.723047 0.142187 0.178906
0 0.382031 0.670703 0.036979 0.046094
0 0.340365 0.699609 0.081771 0.111719
0 0.232813 0.729297 0.207292 0.172656
0 0.189063 0.665234 0.104167 0.055469
0 0.075000 0.693359 0.137500 0.099219
0 0.080208 0.721094 0.160417 0.414062
5 0.456771 0.629297 0.084375 0.049219
4 0.598177 0.675000 0.013021 0.056250
3 0.516667 0.679297 0.027083 0.077344
3 0.504427 0.650391 0.010937 0.024219
1 0.555990 0.640625 0.003646 0.010937
1 0.568490 0.627734 0.003646 0.007031
1 0.549479 0.587891 0.009375 0.042969
1 0.391146 0.633984 0.005208 0.008594
2 0.688281 0.646094 0.007812 0.012500
2 0.564844 0.686719 0.014063 0.031250
2 0.564323 0.657813 0.014063 0.023438