0 0.056250 0.807813 0.112500 0.281250
0 0.049219 0.681641 0.063021 0.032031
0 0.021094 0.579688 0.031771 0.018750
0 0.047917 0.580469 0.030208 0.017188
0 0.091146 0.579688 0.023958 0.015625
0 0.126823 0.576953 0.010937 0.016406
0 0.101042 0.680078 0.044792 0.027344
0 0.132552 0.710938 0.073438 0.095312
0 0.193750 0.730859 0.138542 0.133594
0 0.286719 0.709375 0.063021 0.062500
0 0.263281 0.689844 0.030729 0.026562
0 0.316146 0.675000 0.013542 0.018750
0 0.404167 0.820312 0.309375 0.345313
0 0.216146 0.659375 0.012500 0.010937
0 0.300521 0.667969 0.011458 0.006250
0 0.287240 0.654297 0.008854 0.007031
0 0.295833 0.657813 0.008333 0.006250
2 0.388802 0.568359 0.058854 0.046094
2 0.321094 0.565234 0.061979 0.042969
2 0.184375 0.517969 0.009375 0.014063
2 0.058333 0.676562 0.012500 0.035937