0 0.589063 0.802734 0.246875 0.332031
0 0.721094 0.716016 0.057813 0.080469
0 0.788542 0.751172 0.160417 0.139844
0 0.920052 0.830078 0.159896 0.339844
4 0.128385 0.632422 0.017188 0.049219
4 0.149479 0.624219 0.026042 0.068750
4 0.173958 0.621875 0.026042 0.071875
4 0.207813 0.623438 0.026042 0.068750
4 0.165625 0.607813 0.012500 0.029687
4 0.188281 0.625000 0.013021 0.067187
4 0.250260 0.633203 0.016146 0.058594
4 0.236719 0.632031 0.022396 0.059375
4 0.229427 0.621875 0.016146 0.046875
4 0.309375 0.632422 0.013542 0.046094
4 0.309115 0.617578 0.007812 0.060156
4 0.332292 0.634375 0.016667 0.048438
4 0.344531 0.639844 0.018229 0.037500
4 0.355729 0.659766 0.018750 0.092969
4 0.399479 0.645312 0.005208 0.040625
4 0.411719 0.663672 0.008854 0.075781
4 0.402865 0.662500 0.017188 0.068750
4 0.421615 0.666797 0.015104 0.083594
4 0.428906 0.632422 0.004687 0.010156
4 0.428906 0.661719 0.009896 0.068750
4 0.453125 0.655859 0.007292 0.030469
4 0.454687 0.657422 0.008333 0.035156
4 0.487240 0.662500 0.019271 0.045312
4 0.459375 0.678125 0.011458 0.090625
4 0.413281 0.631250 0.003646 0.010937
4 0.250000 0.608984 0.014583 0.022656
4 0.218750 0.613672 0.007292 0.017969
4 0.243490 0.604297 0.005729 0.011719
4 0.680469 0.685156 0.035937 0.118750
4 0.901823 0.656641 0.010937 0.019531