0 0.586719 0.732031 0.039062 0.050000
0 0.520312 0.739453 0.023958 0.072656
0 0.434115 0.700000 0.013021 0.004687
0 0.428906 0.718359 0.021354 0.032031
0 0.364323 0.715234 0.039062 0.030469
0 0.270833 0.677344 0.064583 0.040625
0 0.225000 0.710547 0.025000 0.022656
0 0.054688 0.730469 0.109375 0.107813
0 0.111198 0.710938 0.028646 0.025000
0 0.156771 0.746094 0.135417 0.114062
0 0.250521 0.751562 0.082292 0.126562
0 0.339844 0.789453 0.211979 0.222656
0 0.474219 0.743750 0.089063 0.117188
4 0.583594 0.701953 0.009896 0.010156
3 0.525781 0.707812 0.007812 0.015625
3 0.533854 0.721484 0.012500 0.042969
1 0.548438 0.668359 0.004167 0.019531
2 0.873177 0.421484 0.063021 0.158594
2 0.704688 0.703906 0.019792 0.034375
2 0.534375 0.688672 0.003125 0.008594