0 0.822656 0.830859 0.354687 0.338281
0 0.682812 0.717969 0.094792 0.056250
0 0.633854 0.748047 0.132292 0.135156
0 0.628906 0.707422 0.020313 0.025781
0 0.550260 0.718359 0.065104 0.067969
0 0.522135 0.698047 0.011979 0.017969
0 0.463542 0.763281 0.145833 0.195312
0 0.485417 0.701172 0.031250 0.025781
0 0.471094 0.701562 0.007812 0.026562
0 0.464583 0.700391 0.012500 0.022656
0 0.456250 0.699609 0.014583 0.033594
0 0.419792 0.721484 0.071875 0.097656
0 0.459375 0.696094 0.005208 0.012500
0 0.180990 0.698047 0.027604 0.032031
0 0.142969 0.703125 0.092188 0.045312
0 0.121615 0.696094 0.070312 0.034375
0 0.049219 0.719922 0.098437 0.078906
0 0.517188 0.690625 0.007292 0.007812
5 0.054427 0.667188 0.102604 0.073438
4 0.579427 0.697266 0.006771 0.021094
4 0.573958 0.689453 0.003125 0.007031
2 0.594531 0.669531 0.005729 0.014063
2 0.490625 0.658984 0.013542 0.011719
2 0.476823 0.658594 0.011979 0.010937
2 0.414062 0.649609 0.003125 0.005469
2 0.393750 0.621094 0.005208 0.007812
2 0.282552 0.448437 0.017188 0.023438