0 0.040104 0.658594 0.025000 0.031250
0 0.085938 0.686328 0.115625 0.096094
0 0.191406 0.661719 0.029687 0.051562
0 0.238281 0.654297 0.022396 0.041406
0 0.259115 0.655859 0.041146 0.047656
0 0.391667 0.769141 0.391667 0.410156
0 0.452604 0.639844 0.062500 0.065625
0 0.550260 0.634766 0.034896 0.047656
0 0.602604 0.663672 0.110417 0.124219
0 0.600000 0.608984 0.058333 0.035156
0 0.644010 0.626563 0.013021 0.026562
0 0.660937 0.630859 0.020833 0.033594
0 0.678125 0.633984 0.040625 0.057031
0 0.786198 0.691797 0.257812 0.213281
0 0.897135 0.631641 0.105729 0.074219
0 0.934635 0.611328 0.060937 0.036719
0 0.804948 0.617188 0.013021 0.014063
0 0.886719 0.766016 0.226562 0.436719
4 0.661719 0.610938 0.003646 0.006250
4 0.671615 0.612109 0.003646 0.005469
3 0.138281 0.681250 0.035937 0.131250
3 0.648177 0.625000 0.011979 0.032813
3 0.761198 0.607422 0.035937 0.055469
3 0.542188 0.616016 0.010417 0.017969
1 0.351562 0.418750 0.028125 0.107813
2 0.838281 0.591406 0.010937 0.017188