0 0.034375 0.699609 0.068750 0.064844
0 0.140365 0.700391 0.149479 0.063281
0 0.844010 0.760547 0.215104 0.182031
0 0.612500 0.724219 0.263542 0.498437
0 0.451823 0.705078 0.078646 0.086719
0 0.403125 0.703125 0.054167 0.068750
0 0.343490 0.688281 0.070312 0.028125
0 0.488021 0.686719 0.007292 0.026562
4 0.080729 0.670312 0.007292 0.025000
4 0.200000 0.694141 0.019792 0.072656
4 0.430469 0.665234 0.007812 0.010156
3 0.337240 0.694922 0.043229 0.057031
3 0.368750 0.696484 0.023958 0.063281
1 0.357031 0.624609 0.005729 0.017969
1 0.774219 0.601562 0.013021 0.057813
2 0.098437 0.646094 0.009375 0.018750
2 0.273698 0.500000 0.066146 0.050000
2 0.357292 0.673047 0.004167 0.013281
2 0.356510 0.687891 0.003646 0.017969