0 0.916927 0.757422 0.166146 0.374219
0 0.478906 0.712109 0.381771 0.242969
0 0.461198 0.641406 0.051562 0.040625
0 0.372135 0.658203 0.048438 0.033594
0 0.349740 0.660156 0.015104 0.032813
0 0.326302 0.661328 0.006771 0.010156
0 0.308854 0.660156 0.025000 0.026562
0 0.294792 0.658984 0.005208 0.003906
5 0.279687 0.651563 0.017708 0.031250
6 0.344531 0.648438 0.033854 0.039062
2 0.200521 0.610156 0.021875 0.028125
2 0.198698 0.637109 0.003646 0.007031
2 0.202083 0.643750 0.002083 0.009375
2 0.150521 0.622266 0.010417 0.024219
2 0.146615 0.568359 0.028646 0.030469
2 0.144792 0.591016 0.026042 0.014844
2 0.105208 0.501953 0.053125 0.058594
2 0.198698 0.493750 0.056771 0.082812