0 0.074219 0.755469 0.148438 0.221875
0 0.136198 0.701562 0.272396 0.231250
0 0.318750 0.664062 0.005208 0.031250
0 0.328646 0.660937 0.023958 0.031250
0 0.344531 0.655859 0.022396 0.030469
0 0.359896 0.654687 0.015625 0.026562
0 0.369792 0.648047 0.008333 0.017969
0 0.512760 0.654687 0.083854 0.159375
0 0.694792 0.771484 0.375000 0.446094
0 0.635417 0.619922 0.050000 0.049219
0 0.654687 0.615625 0.019792 0.028125
0 0.857552 0.668359 0.182812 0.221094
0 0.979687 0.591016 0.040625 0.067969
0 0.420573 0.641797 0.097396 0.035156
3 0.418229 0.663281 0.114583 0.148438
3 0.429948 0.656641 0.103646 0.132031
3 0.943750 0.594531 0.072917 0.106250
1 0.556771 0.460547 0.009375 0.033594
1 0.608594 0.453906 0.008854 0.032813
2 0.581510 0.479687 0.036979 0.014063
2 0.390885 0.470312 0.040104 0.059375