0 0.044010 0.821875 0.088021 0.093750
0 0.223177 0.796484 0.032813 0.038281
0 0.245313 0.796484 0.029167 0.036719
0 0.278646 0.803906 0.065625 0.060937
0 0.330729 0.795703 0.043750 0.028906
0 0.351562 0.795312 0.017708 0.026562
0 0.361198 0.791016 0.013021 0.017969
0 0.383333 0.800391 0.046875 0.055469
0 0.414323 0.794922 0.022396 0.032031
0 0.426302 0.789844 0.005729 0.012500
0 0.447396 0.787109 0.006250 0.008594
0 0.443750 0.787891 0.003125 0.008594
0 0.441406 0.788281 0.003646 0.009375
0 0.437500 0.789062 0.006250 0.010937
0 0.434635 0.788672 0.003646 0.011719
0 0.431250 0.788672 0.005208 0.011719
0 0.427865 0.788672 0.006771 0.011719
0 0.519792 0.792578 0.014583 0.019531
0 0.528385 0.796094 0.005729 0.026562
0 0.534896 0.796484 0.015625 0.027344
0 0.541146 0.780469 0.007292 0.004687
0 0.560677 0.814844 0.056771 0.075000
0 0.672396 0.818359 0.185417 0.253906
0 0.784635 0.825391 0.045312 0.083594
0 0.868490 0.855859 0.174479 0.146094
0 0.941927 0.873437 0.116146 0.175000
4 0.096354 0.812109 0.017708 0.086719
4 0.101302 0.764063 0.007812 0.014063
3 0.188542 0.777734 0.051042 0.064844
3 0.477865 0.835938 0.064062 0.231250