0 0.875000 0.687109 0.250000 0.255469
0 0.668490 0.632031 0.099479 0.101562
0 0.415885 0.733203 0.346354 0.374219
0 0.268229 0.649219 0.188542 0.164062
0 0.438021 0.608203 0.055208 0.050781
0 0.766667 0.624219 0.093750 0.087500
0 0.727083 0.608594 0.036458 0.048438
0 0.694792 0.594531 0.026042 0.028125
0 0.629427 0.596094 0.061979 0.106250
0 0.587240 0.602344 0.040104 0.046875
0 0.576042 0.577734 0.008333 0.011719
0 0.501302 0.606641 0.056771 0.049219
0 0.555990 0.602344 0.019271 0.045312
0 0.556250 0.588672 0.031250 0.046094
0 0.457031 0.606641 0.020313 0.046094
5 0.485677 0.549219 0.017188 0.004687
4 0.593229 0.573828 0.008333 0.010156
2 0.585677 0.573438 0.002604 0.010937