0 0.932292 0.828906 0.135417 0.301563
0 0.776302 0.745703 0.092188 0.089844
0 0.653906 0.735938 0.067187 0.078125
0 0.603646 0.719922 0.029167 0.036719
0 0.595052 0.710938 0.013021 0.020313
0 0.586719 0.710547 0.008854 0.016406
0 0.555729 0.717578 0.027083 0.036719
0 0.568490 0.716016 0.008854 0.030469
0 0.572917 0.715625 0.006250 0.023438
0 0.481510 0.703516 0.010937 0.010156
0 0.175000 0.741797 0.107292 0.110156
0 0.279948 0.698047 0.071354 0.075781
0 0.350521 0.707031 0.050000 0.023438
0 0.381510 0.705859 0.018229 0.014844
0 0.397917 0.706250 0.017708 0.014063
0 0.430990 0.704688 0.025521 0.014063
0 0.446875 0.703125 0.017708 0.014063
0 0.461198 0.703906 0.015104 0.010937
0 0.469792 0.706250 0.005208 0.006250
0 0.467708 0.701562 0.002083 0.003125
6 0.508854 0.685156 0.040625 0.046875
6 0.532292 0.690234 0.006250 0.013281
4 0.618750 0.711328 0.005208 0.019531
4 0.706510 0.707031 0.008854 0.023438
4 0.715885 0.716797 0.009896 0.042969
3 0.578385 0.716406 0.013021 0.050000
2 0.235677 0.676562 0.018229 0.082812
2 0.448438 0.694141 0.005208 0.027344
2 0.474219 0.694922 0.003646 0.021094
2 0.533073 0.669531 0.005729 0.009375
2 0.519010 0.700391 0.001563 0.008594
2 0.621615 0.691406 0.002604 0.009375
2 0.083854 0.678906 0.010417 0.040625
2 0.393750 0.694531 0.002083 0.010937