0 0.970833 0.608984 0.058333 0.028906
0 0.800000 0.616797 0.009375 0.011719
0 0.772135 0.622266 0.065104 0.021094
0 0.717448 0.634375 0.066146 0.043750
0 0.487760 0.666406 0.103646 0.129688
0 0.432552 0.637500 0.036979 0.051562
0 0.375781 0.654688 0.106771 0.107813
0 0.335938 0.623047 0.022917 0.035156
0 0.313542 0.622656 0.037500 0.028125
0 0.285417 0.622266 0.014583 0.007031
0 0.265885 0.624219 0.018229 0.018750
0 0.203125 0.652344 0.154167 0.112500
0 0.131250 0.623828 0.029167 0.014844
0 0.099219 0.620703 0.034896 0.011719
0 0.085417 0.620313 0.055208 0.060937
0 0.052083 0.619141 0.104167 0.064844
0 0.082031 0.735937 0.164062 0.404687
0 0.471615 0.623047 0.021354 0.013281
3 0.307552 0.638281 0.042188 0.103125
3 0.159375 0.603906 0.030208 0.045312
2 0.622656 0.520703 0.017188 0.052344
2 0.571354 0.558594 0.026042 0.017188
2 0.221094 0.125391 0.033854 0.047656