0 0.569271 0.707031 0.027083 0.031250
0 0.553385 0.698828 0.008854 0.010156
0 0.543750 0.698437 0.005208 0.009375
0 0.537760 0.699219 0.010937 0.012500
0 0.532292 0.698828 0.002083 0.010156
0 0.512240 0.709375 0.033854 0.040625
0 0.514844 0.696094 0.010937 0.004687
0 0.476823 0.706250 0.031771 0.034375
0 0.428125 0.716797 0.056250 0.060156
0 0.222396 0.751172 0.188542 0.169531
2 0.995052 0.686328 0.009896 0.066406
2 0.618750 0.693750 0.003125 0.010937
2 0.492448 0.694531 0.001563 0.006250
2 0.478646 0.670312 0.013542 0.026562
2 0.105208 0.685156 0.015625 0.057813
2 0.385677 0.692969 0.004687 0.017188
2 0.447656 0.692969 0.002604 0.007812