0 0.867969 0.783984 0.264062 0.414844
0 0.719271 0.699609 0.157292 0.178906
0 0.646354 0.673437 0.062500 0.118750
0 0.620052 0.660937 0.036979 0.090625
0 0.597396 0.654297 0.039583 0.064844
0 0.582812 0.647266 0.019792 0.050781
0 0.575781 0.645703 0.019271 0.047656
0 0.567708 0.644531 0.011458 0.039062
0 0.557031 0.641016 0.017188 0.032031
0 0.527083 0.642188 0.033333 0.042188
0 0.503646 0.638281 0.020833 0.031250
0 0.494271 0.637891 0.008333 0.030469
0 0.484375 0.639844 0.027083 0.042188
0 0.475521 0.642188 0.017708 0.050000
0 0.457031 0.643750 0.039062 0.065625
0 0.445052 0.650000 0.043229 0.071875
0 0.401042 0.656641 0.076042 0.097656
0 0.357812 0.675000 0.121875 0.139063
0 0.190885 0.720312 0.307812 0.287500
0 0.052865 0.855078 0.105729 0.289844
4 0.039323 0.621094 0.063021 0.167187
2 0.595052 0.603516 0.006771 0.016406
2 0.590104 0.614062 0.003125 0.009375