0 0.025000 0.816797 0.050000 0.182031
0 0.201823 0.713672 0.038021 0.011719
0 0.427083 0.701563 0.011458 0.006250
0 0.444271 0.701562 0.010417 0.004687
0 0.541406 0.703906 0.022396 0.029687
0 0.556250 0.700391 0.011458 0.014844
0 0.565625 0.699219 0.009375 0.014063
0 0.573437 0.700000 0.005208 0.007812
0 0.570833 0.699219 0.002083 0.009375
0 0.595052 0.712109 0.042188 0.055469
0 0.491667 0.699219 0.005208 0.003125
0 0.509115 0.697656 0.004687 0.003125
2 0.206510 0.697656 0.009896 0.035937
2 0.405990 0.695703 0.003646 0.016406
2 0.498177 0.695703 0.001563 0.008594