0 0.983333 0.686719 0.027083 0.050000
0 0.938542 0.692578 0.092708 0.052344
0 0.569531 0.691406 0.004687 0.006250
0 0.565625 0.700781 0.008333 0.025000
0 0.552083 0.707031 0.030208 0.040625
0 0.538281 0.696484 0.004687 0.013281
0 0.528646 0.696094 0.009375 0.012500
0 0.492708 0.714844 0.047917 0.060937
0 0.454948 0.706250 0.031771 0.039062
0 0.532813 0.695703 0.003125 0.011719
0 0.535156 0.696484 0.001563 0.008594
5 0.514583 0.692969 0.011458 0.021875
2 0.644271 0.597266 0.023958 0.044531
2 0.587500 0.676953 0.007292 0.013281
2 0.424219 0.693750 0.003646 0.012500