0 0.346094 0.712891 0.010937 0.022656
0 0.356771 0.716797 0.021875 0.038281
0 0.285417 0.724219 0.064583 0.075000
0 0.114323 0.766016 0.228646 0.185156
0 0.446615 0.694531 0.068229 0.034375
0 0.336979 0.685937 0.011458 0.004687
0 0.482292 0.696875 0.020833 0.028125
0 0.558594 0.805078 0.492188 0.389844
3 0.328906 0.715234 0.017188 0.052344
1 0.319010 0.486328 0.013021 0.058594
1 0.503646 0.590234 0.014583 0.042969
1 0.374219 0.673828 0.003646 0.016406
2 0.361719 0.680469 0.015104 0.010937
2 0.360937 0.669141 0.012500 0.011719
2 0.032813 0.711719 0.015625 0.017188
2 0.241406 0.698047 0.003646 0.010156
2 0.527865 0.564453 0.017188 0.066406