0 0.693229 0.750000 0.295833 0.250000
0 0.530208 0.700391 0.105208 0.122656
0 0.491406 0.680078 0.069271 0.085156
0 0.457813 0.668359 0.038542 0.060156
0 0.439323 0.643750 0.010937 0.014063
0 0.079948 0.772266 0.159896 0.388281
0 0.244531 0.692578 0.153646 0.172656
0 0.311979 0.674609 0.031250 0.088281
0 0.333594 0.668750 0.050521 0.075000
0 0.346354 0.635156 0.016667 0.012500
0 0.360417 0.637891 0.023958 0.010156
0 0.360677 0.651172 0.022396 0.032031
0 0.399479 0.695703 0.105208 0.124219
4 0.538021 0.633203 0.013542 0.013281
2 0.451302 0.612891 0.003646 0.017969
2 0.753646 0.510547 0.037500 0.097656
2 0.009375 0.546094 0.018750 0.050000
2 0.230990 0.593359 0.011979 0.027344
2 0.229688 0.616406 0.010417 0.018750