0 0.964062 0.619531 0.071875 0.081250
0 0.962500 0.598437 0.054167 0.028125
0 0.814063 0.753125 0.371875 0.403125
0 0.717448 0.624219 0.018229 0.035937
0 0.641927 0.684375 0.149479 0.164062
0 0.596354 0.603516 0.040625 0.007031
0 0.578125 0.645312 0.046875 0.078125
0 0.555208 0.619531 0.007292 0.009375
0 0.495312 0.631641 0.084375 0.055469
0 0.448438 0.762500 0.297917 0.387500
0 0.259115 0.658203 0.017188 0.036719
0 0.242188 0.725391 0.129167 0.142969
0 0.129427 0.725391 0.133854 0.125781
0 0.036458 0.762109 0.063542 0.167969
0 0.336719 0.646094 0.023438 0.017188
0 0.105729 0.656641 0.042708 0.017969
0 0.194792 0.669141 0.014583 0.019531