0 0.250521 0.651953 0.008333 0.013281
0 0.262760 0.655859 0.008854 0.017969
0 0.282813 0.649219 0.033333 0.031250
0 0.535417 0.699609 0.053125 0.074219
0 0.559115 0.678906 0.005729 0.006250
0 0.567448 0.682422 0.015104 0.022656
0 0.565104 0.686328 0.008333 0.024219
0 0.571354 0.688672 0.014583 0.028906
0 0.582292 0.693750 0.020833 0.040625
0 0.592448 0.696094 0.015104 0.046875
0 0.601823 0.698437 0.020313 0.056250
0 0.611719 0.701562 0.028646 0.064062
0 0.638021 0.708984 0.055208 0.078906
0 0.676302 0.725000 0.066146 0.112500
0 0.767708 0.755859 0.197917 0.174219
4 0.101302 0.577734 0.028646 0.033594
4 0.247396 0.662500 0.017708 0.045312
4 0.267448 0.655469 0.002604 0.018750
4 0.431771 0.665625 0.016667 0.039062
4 0.466406 0.676953 0.009896 0.016406
4 0.980208 0.712891 0.039583 0.086719
1 0.518229 0.647266 0.003125 0.008594
2 0.415625 0.538281 0.028125 0.060937
2 0.496354 0.635938 0.009375 0.015625
2 0.518490 0.656250 0.002604 0.007812
2 0.546354 0.659766 0.003125 0.003906
2 0.909115 0.597656 0.041146 0.075000