0 0.778385 0.603906 0.005729 0.007812
0 0.766667 0.601953 0.006250 0.005469
0 0.737500 0.601953 0.006250 0.010156
0 0.725000 0.607031 0.018750 0.021875
0 0.715365 0.603125 0.007812 0.014063
0 0.700521 0.605859 0.018750 0.019531
0 0.684115 0.602734 0.005729 0.013281
0 0.669792 0.605469 0.004167 0.015625
0 0.661719 0.604297 0.011979 0.014844
0 0.640625 0.606641 0.016667 0.022656
0 0.646875 0.603906 0.006250 0.014063
0 0.585417 0.608594 0.033333 0.031250
0 0.483594 0.608594 0.038021 0.031250
0 0.354687 0.642578 0.176042 0.116406
0 0.306771 0.615234 0.079167 0.052344
3 0.704167 0.607422 0.008333 0.028906
3 0.677083 0.614844 0.018750 0.054688
3 0.640885 0.610547 0.011979 0.036719
3 0.627865 0.607422 0.013021 0.036719
3 0.607292 0.607031 0.011458 0.035937
3 0.550521 0.605469 0.008333 0.026562
2 0.957813 0.594141 0.030208 0.102344
2 0.830729 0.604688 0.011458 0.039062
2 0.791146 0.601562 0.005208 0.020313
2 0.764323 0.586328 0.002604 0.008594
2 0.758854 0.576172 0.005208 0.013281
2 0.759115 0.538281 0.019271 0.021875
2 0.719531 0.538672 0.033854 0.025781
2 0.679688 0.540234 0.030208 0.025781
2 0.640885 0.542187 0.027604 0.025000
2 0.128906 0.594531 0.004687 0.023438