0 0.120313 0.645703 0.240625 0.332031
0 0.326562 0.648047 0.088542 0.082031
0 0.395052 0.637109 0.048438 0.053906
0 0.375260 0.628125 0.019271 0.034375
0 0.380990 0.602734 0.017188 0.016406
0 0.393229 0.600781 0.008333 0.012500
0 0.398438 0.609766 0.028125 0.007031
0 0.401302 0.605078 0.013021 0.005469
0 0.406250 0.606250 0.014583 0.014063
0 0.422135 0.617578 0.009896 0.022656
0 0.448698 0.622656 0.018229 0.026562
0 0.443750 0.605469 0.013542 0.010937
0 0.449740 0.602344 0.010937 0.012500
0 0.420312 0.593750 0.017708 0.012500
0 0.434896 0.592187 0.009375 0.010937
0 0.427344 0.590234 0.008854 0.010156
0 0.459375 0.619531 0.015625 0.023438
0 0.466927 0.608984 0.013021 0.016406
0 0.472135 0.602344 0.009896 0.014063
0 0.475260 0.596094 0.008854 0.012500
0 0.459635 0.597266 0.009896 0.013281
0 0.470833 0.594141 0.007292 0.008594
0 0.438542 0.589453 0.008333 0.010156
0 0.441146 0.586328 0.005208 0.008594
0 0.449219 0.586328 0.005729 0.007031
0 0.443490 0.583594 0.004687 0.006250
0 0.447135 0.582031 0.004687 0.004687
0 0.450260 0.579688 0.004687 0.006250
0 0.471354 0.587500 0.006250 0.004687
0 0.463281 0.585156 0.006771 0.007812
0 0.462500 0.574609 0.004167 0.005469
0 0.486719 0.578125 0.004687 0.007812
0 0.483594 0.579688 0.005729 0.006250
0 0.484115 0.585547 0.003646 0.008594
0 0.477083 0.589453 0.006250 0.007031
0 0.479167 0.585156 0.005208 0.006250
0 0.460417 0.578906 0.004167 0.007812
0 0.499740 0.601953 0.009896 0.007031
0 0.515365 0.600391 0.009896 0.013281
0 0.512240 0.594141 0.007812 0.010156
0 0.500000 0.596875 0.009375 0.010937
0 0.499479 0.591406 0.008333 0.006250
0 0.497135 0.591797 0.006771 0.010156
0 0.497656 0.584766 0.006771 0.007031
0 0.504688 0.586328 0.006250 0.007031
0 0.505729 0.591797 0.003125 0.010156
0 0.507812 0.592969 0.004167 0.009375
0 0.561979 0.625391 0.009375 0.014844
0 0.628646 0.649609 0.020833 0.016406
0 0.605729 0.634375 0.012500 0.009375
0 0.588802 0.626953 0.016146 0.013281
0 0.583333 0.625391 0.014583 0.016406
0 0.566146 0.616406 0.014583 0.014063
0 0.560156 0.611328 0.013021 0.014844
0 0.546354 0.608984 0.011458 0.014844
0 0.556250 0.607812 0.009375 0.012500
0 0.553385 0.601953 0.006771 0.005469
0 0.551563 0.599609 0.007292 0.003906
0 0.548958 0.599219 0.006250 0.004687
0 0.546094 0.598047 0.007812 0.007031
0 0.542969 0.593750 0.006771 0.003125
0 0.544792 0.596484 0.007292 0.003906
0 0.541667 0.592578 0.006250 0.003906
0 0.537500 0.600391 0.010417 0.011719
0 0.533854 0.598438 0.007292 0.010937
0 0.531771 0.592187 0.007292 0.003125
0 0.529948 0.590234 0.007812 0.007031
0 0.525521 0.590234 0.004167 0.007031
0 0.517188 0.579297 0.004167 0.005469
0 0.498958 0.582422 0.006250 0.007031
0 0.503125 0.610156 0.029167 0.012500
0 0.506771 0.657031 0.061458 0.082812
0 0.456510 0.575391 0.002604 0.003906
0 0.661458 0.680078 0.032292 0.024219
5 0.523958 0.587891 0.010417 0.022656
5 0.286979 0.610547 0.096875 0.096094
4 0.403906 0.584375 0.002604 0.007812
4 0.429948 0.584766 0.001563 0.005469
4 0.431771 0.584766 0.002083 0.005469
3 0.430208 0.623047 0.013542 0.038281
3 0.451042 0.602344 0.005208 0.012500
3 0.482552 0.588672 0.002604 0.010156
3 0.445312 0.590625 0.005208 0.012500
3 0.524740 0.610156 0.014063 0.037500
2 0.439844 0.625391 0.005729 0.024219
2 0.602604 0.596875 0.004167 0.007812
2 0.590104 0.591016 0.004167 0.005469
2 0.590365 0.598438 0.003646 0.006250
2 0.471094 0.617578 0.002604 0.011719
2 0.796354 0.689062 0.009375 0.009375