0 0.116667 0.798047 0.232292 0.241406
0 0.166146 0.668359 0.011458 0.016406
0 0.266927 0.669141 0.009896 0.017969
0 0.300000 0.664453 0.006250 0.013281
0 0.323958 0.658594 0.005208 0.017188
0 0.474479 0.760156 0.277083 0.354687
0 0.486719 0.635938 0.068229 0.045312
0 0.571615 0.627734 0.022396 0.028906
0 0.613802 0.661328 0.084896 0.113281
0 0.772135 0.718359 0.310937 0.261719
0 0.952083 0.685938 0.095833 0.201563
0 0.921615 0.622656 0.117188 0.071875
0 0.737240 0.622656 0.059896 0.029687
0 0.667969 0.601562 0.024479 0.018750
0 0.621354 0.626563 0.036458 0.018750
4 0.048698 0.676563 0.008854 0.010937
4 0.067708 0.670703 0.016667 0.017969
4 0.850260 0.614062 0.028646 0.048438
3 0.222656 0.668359 0.019271 0.039844
2 0.313021 0.576953 0.006250 0.038281
2 0.385937 0.595313 0.004167 0.023438
2 0.691927 0.578125 0.005729 0.017188