0 0.109896 0.686328 0.036458 0.038281
0 0.215885 0.673828 0.023438 0.022656
0 0.326302 0.657031 0.017188 0.006250
0 0.324219 0.685937 0.021354 0.056250
0 0.484635 0.673438 0.065104 0.042188
0 0.459115 0.663672 0.013021 0.013281
0 0.464062 0.659375 0.013542 0.014063
0 0.470312 0.655859 0.010417 0.010156
0 0.474219 0.653906 0.009896 0.007812
0 0.483594 0.651953 0.005729 0.003906
0 0.497396 0.649219 0.012500 0.006250
0 0.525260 0.658594 0.017188 0.014063
0 0.563542 0.675391 0.092708 0.046094
6 0.430990 0.650781 0.031771 0.084375
4 0.692188 0.703125 0.034375 0.059375
4 0.617448 0.661719 0.010937 0.037500
4 0.555729 0.665625 0.019792 0.071875
4 0.448437 0.675000 0.014583 0.048438
4 0.122656 0.664844 0.010937 0.026562
3 0.533854 0.654297 0.011458 0.016406
2 0.559635 0.620312 0.005729 0.017188
2 0.560417 0.638672 0.006250 0.014844