0 0.157292 0.705078 0.272917 0.230469
0 0.450781 0.647266 0.010937 0.014844
0 0.490885 0.659766 0.079687 0.092969
0 0.536979 0.638672 0.004167 0.007031
0 0.547135 0.650781 0.024479 0.037500
0 0.582552 0.651953 0.063021 0.067969
3 0.323177 0.648438 0.025521 0.079687
3 0.398958 0.648828 0.011458 0.038281
3 0.422135 0.649609 0.007812 0.022656
3 0.509375 0.620703 0.017708 0.025781
3 0.528906 0.644531 0.016146 0.056250
3 0.830208 0.703516 0.135417 0.283594
2 0.407292 0.632031 0.010417 0.046875
2 0.972135 0.760938 0.019271 0.021875
2 0.881510 0.578516 0.006771 0.033594