0 0.285417 0.723828 0.110417 0.133594
0 0.389063 0.754297 0.198958 0.217969
0 0.480469 0.693750 0.026562 0.081250
0 0.491406 0.680859 0.016146 0.049219
0 0.502344 0.671484 0.015104 0.027344
0 0.518750 0.688281 0.031250 0.060937
0 0.544010 0.703906 0.047396 0.110937
0 0.652604 0.762109 0.223958 0.271094
0 0.856250 0.749219 0.246875 0.206250
0 0.730469 0.670312 0.028646 0.032813
4 0.959896 0.626172 0.015625 0.024219
4 0.978646 0.693359 0.042708 0.196094
2 0.524479 0.644141 0.003125 0.010156
2 0.878385 0.514844 0.042188 0.081250
2 0.879687 0.573437 0.040625 0.035937