0 0.087500 0.798438 0.175000 0.315625
0 0.158854 0.725000 0.105208 0.096875
0 0.260937 0.745312 0.146875 0.134375
0 0.342969 0.724609 0.061979 0.077344
0 0.429688 0.740625 0.123958 0.165625
0 0.496615 0.717187 0.010937 0.020313
0 0.517188 0.715234 0.023958 0.025781
0 0.532812 0.716016 0.025000 0.024219
0 0.975521 0.707422 0.048958 0.071094
0 0.936979 0.717187 0.038542 0.046875
0 0.896094 0.729297 0.031771 0.021094
0 0.519010 0.674219 0.008854 0.006250
0 0.367448 0.707031 0.017188 0.034375
4 0.643750 0.762109 0.079167 0.225781
3 0.582292 0.736328 0.054167 0.127344
1 0.533594 0.639063 0.007812 0.029687
1 0.541667 0.638672 0.007292 0.028906
1 0.567448 0.570703 0.007812 0.028906
1 0.608594 0.581250 0.007812 0.029687
2 0.506771 0.671875 0.011458 0.017188
2 0.544010 0.651562 0.015104 0.020313