0 0.601823 0.666797 0.034896 0.042969
0 0.621615 0.658203 0.006771 0.014844
0 0.630208 0.663281 0.017708 0.023438
0 0.639323 0.662109 0.005729 0.021094
0 0.663542 0.659375 0.030208 0.048438
0 0.677604 0.671484 0.032292 0.039844
0 0.586719 0.654687 0.006771 0.012500
0 0.578906 0.655859 0.010937 0.014844
0 0.559635 0.660156 0.022396 0.026562
0 0.541406 0.658203 0.017188 0.022656
0 0.527865 0.657422 0.011979 0.021094
0 0.518229 0.657813 0.012500 0.021875
0 0.498698 0.659375 0.023438 0.028125
0 0.464583 0.659375 0.032292 0.039062
0 0.440885 0.668359 0.076563 0.074219
0 0.327344 0.652734 0.072396 0.036719
0 0.076042 0.658984 0.152083 0.103906
0 0.825781 0.687109 0.084896 0.082031
0 0.825521 0.791406 0.348958 0.417187
3 0.830208 0.660547 0.063542 0.091406
1 0.243750 0.566016 0.010417 0.028906
1 0.656771 0.419922 0.012500 0.047656
2 0.263281 0.638281 0.010937 0.018750
2 0.261979 0.660547 0.011458 0.025781
2 0.687240 0.450000 0.047396 0.017188
2 0.686979 0.465234 0.047917 0.017969