0 0.392708 0.796094 0.081250 0.040625
0 0.024740 0.761328 0.049479 0.027344
0 0.093750 0.766016 0.058333 0.025781
0 0.574219 0.824609 0.086979 0.083594
0 0.631250 0.814063 0.040625 0.028125
0 0.673958 0.815625 0.036458 0.021875
0 0.752865 0.830078 0.048438 0.042969
0 0.727865 0.821094 0.018229 0.023438
0 0.802604 0.837500 0.044792 0.045312
0 0.973958 0.872266 0.052083 0.133594
0 0.926823 0.860938 0.104688 0.101562
0 0.867708 0.843359 0.047917 0.041406
4 0.338021 0.782422 0.007292 0.036719
4 0.232552 0.772656 0.006771 0.037500
4 0.251042 0.772656 0.008333 0.040625
4 0.451823 0.792578 0.005729 0.027344
4 0.529167 0.793359 0.007292 0.036719
4 0.736458 0.807031 0.004167 0.004687
4 0.740625 0.806641 0.003125 0.005469
4 0.830990 0.840625 0.030729 0.115625
4 0.861719 0.842578 0.029687 0.116406
2 0.336979 0.717578 0.019792 0.028906
2 0.405208 0.750391 0.004167 0.016406
2 0.403906 0.763672 0.003646 0.008594
2 0.240104 0.739453 0.008333 0.016406
2 0.238802 0.751953 0.007812 0.008594