0 0.435937 0.739844 0.109375 0.134375
0 0.512500 0.717969 0.051042 0.068750
0 0.584896 0.708594 0.026042 0.035937
0 0.598698 0.706250 0.007812 0.021875
0 0.614583 0.707422 0.017708 0.024219
0 0.628646 0.706250 0.012500 0.017188
0 0.639062 0.705078 0.008333 0.010156
0 0.671875 0.715625 0.044792 0.050000
0 0.772135 0.704297 0.018229 0.016406
0 0.809115 0.705859 0.024479 0.021094
0 0.755469 0.701172 0.008854 0.010156
0 0.870312 0.706250 0.032292 0.026562
0 0.944792 0.786328 0.110417 0.239844
2 0.811458 0.701172 0.005208 0.017969
2 0.594010 0.588281 0.005729 0.009375