0 0.577083 0.715625 0.047917 0.056250
0 0.539844 0.708203 0.024479 0.032031
0 0.505469 0.702734 0.016146 0.021094
0 0.497396 0.700781 0.005208 0.015625
0 0.481510 0.700391 0.008854 0.014844
0 0.473958 0.701953 0.012500 0.017969
0 0.466406 0.700000 0.006771 0.012500
0 0.454427 0.695703 0.003646 0.003906
0 0.450000 0.703906 0.016667 0.020313
0 0.433333 0.707031 0.022917 0.028125
3 0.491667 0.696875 0.003125 0.010937
2 0.458594 0.662500 0.010937 0.015625
2 0.439583 0.628906 0.010417 0.014063
2 0.325000 0.698828 0.005208 0.021094
2 0.710156 0.626563 0.010937 0.023438
2 0.491146 0.683203 0.008333 0.007031