0 0.659115 0.842969 0.449479 0.314063
0 0.616406 0.767578 0.142187 0.066406
0 0.685156 0.762109 0.084896 0.038281
0 0.771094 0.763281 0.023438 0.037500
0 0.803646 0.745703 0.017708 0.014844
0 0.836719 0.752344 0.047396 0.028125
0 0.876823 0.742188 0.032813 0.006250
0 0.904687 0.739844 0.040625 0.006250
0 0.833594 0.775391 0.063021 0.066406
0 0.908073 0.825000 0.159896 0.162500
0 0.959115 0.880469 0.081771 0.239063
0 0.167448 0.747656 0.057813 0.017188
0 0.238281 0.739844 0.060937 0.015625
2 0.445312 0.748437 0.040625 0.064062