0 0.058854 0.702344 0.046875 0.029687
0 0.096615 0.695312 0.020313 0.020313
0 0.065885 0.754687 0.131771 0.189062
0 0.429427 0.714453 0.015104 0.022656
0 0.410938 0.711719 0.025000 0.037500
0 0.441927 0.718359 0.021354 0.035156
0 0.460417 0.726172 0.034375 0.061719
0 0.519792 0.708984 0.009375 0.016406
0 0.542969 0.733203 0.045312 0.071094
0 0.508854 0.753516 0.097917 0.132031
0 0.121354 0.732031 0.100000 0.095312
0 0.192448 0.739844 0.123438 0.112500
0 0.317969 0.703906 0.013021 0.018750
0 0.392448 0.721484 0.041146 0.049219
0 0.309635 0.750781 0.158854 0.160938
3 0.576302 0.725000 0.016146 0.050000
3 0.965625 0.867969 0.068750 0.264062
1 0.507812 0.682031 0.002083 0.007812
2 0.614844 0.685156 0.007812 0.021875
2 0.615104 0.664062 0.008333 0.021875
2 0.839063 0.527734 0.046875 0.078906