0 0.140104 0.804297 0.280208 0.272656
0 0.276823 0.734375 0.086979 0.093750
0 0.339844 0.709375 0.032813 0.034375
0 0.363802 0.706250 0.021354 0.028125
0 0.423698 0.761328 0.135937 0.157031
0 0.582031 0.808594 0.235937 0.278125
0 0.696094 0.764453 0.094271 0.133594
0 0.863802 0.759766 0.076563 0.080469
0 0.491927 0.695312 0.008854 0.012500
0 0.489323 0.691406 0.013021 0.010937
0 0.511719 0.707031 0.023438 0.026562
0 0.404948 0.700391 0.010937 0.013281
0 0.418750 0.705078 0.009375 0.014844
0 0.446354 0.706250 0.014583 0.012500
6 0.129948 0.658984 0.216146 0.082031
3 0.283854 0.743359 0.054167 0.135156
3 0.384115 0.701953 0.015104 0.033594
3 0.790885 0.795312 0.123438 0.409375
1 0.457031 0.556641 0.006771 0.030469
1 0.501302 0.556250 0.007812 0.031250
1 0.738802 0.660547 0.006771 0.019531
1 0.966406 0.618359 0.029687 0.080469
1 0.940625 0.289453 0.062500 0.188281
1 0.970573 0.398438 0.039062 0.106250
2 0.026823 0.607813 0.045312 0.100000
2 0.321615 0.696484 0.009896 0.014844
2 0.320052 0.713672 0.009896 0.019531
2 0.555990 0.662109 0.005729 0.014844
2 0.686979 0.670313 0.015625 0.021875
2 0.911979 0.695312 0.012500 0.029687
2 0.480208 0.580859 0.032292 0.019531