0 0.335938 0.685547 0.010417 0.003906
0 0.363281 0.691016 0.015104 0.007031
0 0.302604 0.714453 0.023958 0.046094
0 0.333073 0.722656 0.057813 0.071875
0 0.446875 0.694141 0.068750 0.035156
0 0.480990 0.696875 0.024479 0.029687
0 0.223177 0.716406 0.053646 0.062500
0 0.148438 0.757031 0.186458 0.165625
0 0.550000 0.807422 0.493750 0.385156
1 0.373958 0.673438 0.003125 0.014063
1 0.503646 0.590625 0.014583 0.042188
1 0.319010 0.485156 0.013021 0.059375
2 0.214583 0.683203 0.010417 0.007031
2 0.032552 0.733984 0.017188 0.060156
2 0.360937 0.668750 0.012500 0.010937
2 0.361719 0.680078 0.015104 0.010156
2 0.527604 0.563672 0.016667 0.066406