0 0.462760 0.680078 0.042188 0.067969
0 0.521875 0.661719 0.022917 0.028125
0 0.532813 0.682422 0.039583 0.061719
0 0.563281 0.653906 0.013021 0.007812
0 0.581250 0.655859 0.014583 0.014844
0 0.588281 0.668359 0.027604 0.036719
0 0.551823 0.680859 0.065104 0.082031
0 0.702083 0.747656 0.247917 0.271875
0 0.950521 0.892188 0.098958 0.215625
3 0.509896 0.673828 0.016667 0.061719
3 0.492188 0.673828 0.026042 0.085156
1 0.528906 0.501172 0.007812 0.033594
2 0.233073 0.546484 0.034896 0.067969
2 0.435156 0.643359 0.005729 0.016406
2 0.841146 0.594531 0.041667 0.060937