0 0.640885 0.613281 0.027604 0.020313
0 0.621094 0.617188 0.014063 0.015625
0 0.607813 0.628516 0.021875 0.028906
0 0.585677 0.620313 0.023438 0.015625
0 0.556771 0.635547 0.046875 0.052344
0 0.312760 0.615625 0.041146 0.029687
0 0.275000 0.623438 0.037500 0.037500
0 0.065104 0.611328 0.084375 0.046094
3 0.397656 0.688281 0.091146 0.268750
2 0.772135 0.686328 0.022396 0.078906
2 0.649479 0.646875 0.006250 0.029687
2 0.666406 0.633984 0.003646 0.016406
2 0.604167 0.608594 0.004167 0.007812
2 0.575260 0.609766 0.004687 0.008594
2 0.562760 0.608594 0.005729 0.003125
2 0.524219 0.608594 0.007812 0.015625
2 0.084115 0.534375 0.003646 0.006250