0 0.414844 0.665234 0.052604 0.058594
0 0.441667 0.655078 0.017708 0.030469
0 0.466406 0.657031 0.030729 0.034375
0 0.479687 0.655859 0.010417 0.030469
0 0.490365 0.653125 0.016146 0.021875
0 0.501302 0.651562 0.009896 0.017188
0 0.509896 0.649219 0.009375 0.014063
0 0.517187 0.649609 0.005208 0.010156
0 0.519792 0.648828 0.004167 0.008594
0 0.528125 0.651172 0.010417 0.014844
0 0.534115 0.650391 0.002604 0.008594
0 0.552344 0.651953 0.008854 0.008594
0 0.590365 0.666797 0.061979 0.042969
3 0.542448 0.651172 0.003646 0.016406
2 0.292708 0.630469 0.012500 0.020313
2 0.558854 0.631250 0.009375 0.009375
2 0.559896 0.639844 0.003125 0.004687
2 0.589844 0.637891 0.003646 0.008594
2 0.635417 0.628906 0.009375 0.014063
2 0.685417 0.632422 0.015625 0.008594
2 0.716146 0.619531 0.010417 0.020313
2 0.896354 0.574609 0.030208 0.049219