0 0.891406 0.808594 0.217188 0.382812
0 0.898177 0.671094 0.203646 0.173437
0 0.870573 0.599609 0.138021 0.055469
0 0.801823 0.625000 0.027604 0.032813
0 0.784115 0.620313 0.019271 0.015625
0 0.718229 0.699219 0.246875 0.235937
0 0.620833 0.607812 0.039583 0.010937
0 0.597135 0.661328 0.068229 0.097656
0 0.576823 0.635938 0.038021 0.045312
0 0.597396 0.662109 0.068750 0.099219
0 0.562500 0.614063 0.033333 0.034375
0 0.484115 0.639453 0.065104 0.055469
0 0.450000 0.772266 0.296875 0.383594
0 0.321094 0.657422 0.007812 0.030469
0 0.344010 0.643750 0.007812 0.012500
0 0.232292 0.739062 0.179167 0.189062
0 0.166927 0.701953 0.045312 0.078906
0 0.057292 0.715234 0.075000 0.100781
0 0.003646 0.740625 0.007292 0.068750