0 0.096875 0.729687 0.087500 0.040625
0 0.175521 0.721875 0.004167 0.007812
0 0.212500 0.720313 0.008333 0.020313
0 0.246875 0.728125 0.017708 0.010937
0 0.224219 0.724609 0.009896 0.010156
0 0.283073 0.724609 0.013021 0.008594
0 0.313802 0.722266 0.024479 0.008594
0 0.541927 0.781641 0.135937 0.189844
0 0.546875 0.721094 0.038542 0.028125
0 0.596094 0.719141 0.015104 0.021094
0 0.608594 0.719922 0.015104 0.025781
0 0.635156 0.726953 0.050521 0.058594
0 0.658333 0.713281 0.008333 0.007812
0 0.670573 0.723047 0.025521 0.028906
0 0.680469 0.712500 0.006771 0.007812
0 0.739583 0.760156 0.128125 0.131250
0 0.873177 0.761719 0.253646 0.454688
0 0.782292 0.717578 0.046875 0.077344
0 0.338542 0.720313 0.006250 0.007812
0 0.351823 0.720313 0.007812 0.006250
0 0.368229 0.717187 0.013542 0.012500
4 0.182292 0.717969 0.010417 0.012500
4 0.241927 0.714063 0.004687 0.006250
4 0.246615 0.714063 0.005729 0.006250
3 0.630469 0.735547 0.030729 0.102344
3 0.685417 0.718359 0.009375 0.027344
1 0.760938 0.413281 0.018750 0.062500
1 0.832812 0.411328 0.019792 0.063281
2 0.326042 0.677734 0.021875 0.080469