0 0.175260 0.673047 0.066146 0.053906
0 0.215885 0.666406 0.033854 0.043750
0 0.248698 0.658594 0.046354 0.053125
0 0.232813 0.647656 0.008333 0.009375
0 0.387760 0.646875 0.043229 0.051562
0 0.421875 0.630078 0.065625 0.036719
0 0.503125 0.630859 0.013542 0.017969
0 0.502344 0.617969 0.006771 0.007812
0 0.510677 0.627734 0.005729 0.011719
0 0.523958 0.626172 0.020833 0.025781
0 0.607812 0.666406 0.331250 0.179688
4 0.058333 0.673828 0.016667 0.060156
4 0.073438 0.670703 0.022917 0.096094
4 0.786198 0.622656 0.033854 0.095312
3 0.175000 0.665234 0.030208 0.075781
3 0.292969 0.656641 0.071354 0.096094
3 0.476042 0.631641 0.013542 0.024219
3 0.491667 0.630859 0.017708 0.024219
1 0.669271 0.554297 0.008333 0.024219
1 0.534635 0.406641 0.010937 0.046094
1 0.605469 0.400000 0.011979 0.045312
2 0.568229 0.434766 0.051042 0.019531