0 0.281510 0.807422 0.110937 0.092969
0 0.948958 0.919141 0.102083 0.161719
0 0.638281 0.808984 0.084896 0.042969
0 0.607812 0.798438 0.036458 0.026562
0 0.567969 0.785156 0.018229 0.015625
0 0.562240 0.784375 0.013021 0.015625
0 0.553125 0.783203 0.013542 0.013281
0 0.544531 0.781641 0.007812 0.013281
0 0.533854 0.778125 0.013542 0.029687
0 0.526042 0.781641 0.004167 0.013281
0 0.524479 0.779687 0.007292 0.012500
0 0.513542 0.782422 0.012500 0.016406
0 0.510156 0.779688 0.008854 0.014063
0 0.521094 0.777734 0.003646 0.010156
0 0.506510 0.778516 0.003646 0.011719
0 0.543750 0.770313 0.009375 0.010937
0 0.465104 0.771875 0.004167 0.007812
0 0.457552 0.774219 0.003646 0.009375
0 0.454687 0.773828 0.004167 0.008594
0 0.450260 0.774609 0.007812 0.005469
0 0.439583 0.773828 0.016667 0.003906
0 0.449740 0.770703 0.005729 0.002344
0 0.443229 0.771094 0.005208 0.001563
0 0.423698 0.773047 0.010937 0.005469
0 0.430729 0.773047 0.004167 0.005469
0 0.416406 0.781250 0.020313 0.018750
0 0.393750 0.785938 0.027083 0.029687
0 0.392969 0.772656 0.015104 0.006250
0 0.368229 0.784766 0.029167 0.030469
0 0.431510 0.800000 0.077604 0.050000
4 0.324740 0.770312 0.006771 0.017188
4 0.342708 0.777344 0.009375 0.028125
4 0.708333 0.808594 0.015625 0.048438
4 0.716667 0.809375 0.008333 0.045312
4 0.659896 0.784375 0.005208 0.015625
4 0.544271 0.782031 0.003125 0.015625
4 0.550521 0.780859 0.004167 0.019531
4 0.427865 0.772656 0.003646 0.007812
1 0.291146 0.558594 0.039583 0.131250
1 0.290365 0.734375 0.004687 0.007812
1 0.466146 0.739453 0.006250 0.025781
1 0.473177 0.739062 0.005729 0.025000
1 0.564062 0.669531 0.005208 0.023438
1 0.592969 0.671094 0.005729 0.025000
1 0.880729 0.480859 0.019792 0.071094
1 0.922135 0.445312 0.023438 0.078125
1 0.645312 0.755859 0.005208 0.014844
1 0.178906 0.709766 0.009896 0.038281
1 0.182292 0.712500 0.009375 0.035937
1 0.266146 0.589844 0.018750 0.062500
2 0.283073 0.694922 0.019271 0.024219
2 0.514323 0.705469 0.018229 0.015625
2 0.514323 0.721094 0.018229 0.015625
2 0.571875 0.689453 0.018750 0.017969
2 0.934375 0.511328 0.041667 0.067969
2 0.773177 0.799609 0.005729 0.016406
2 0.775000 0.816406 0.004167 0.018750
2 0.686719 0.728516 0.015104 0.019531