0 0.100781 0.656250 0.201563 0.196875
0 0.504687 0.665625 0.134375 0.176563
0 0.602083 0.628516 0.070833 0.075781
0 0.666667 0.626562 0.059375 0.056250
0 0.637500 0.604297 0.042708 0.039844
0 0.680208 0.597656 0.041667 0.015625
0 0.701823 0.621094 0.028646 0.040625
0 0.727083 0.626953 0.047917 0.066406
0 0.826562 0.645703 0.103125 0.107031
0 0.905990 0.638672 0.116146 0.077344
0 0.961458 0.648438 0.077083 0.092188
0 0.967187 0.691016 0.065625 0.122656
0 0.503906 0.605859 0.028646 0.025781
0 0.575521 0.597266 0.037500 0.063281
4 0.355729 0.501563 0.006250 0.031250
4 0.433854 0.501953 0.005208 0.030469
3 0.758073 0.645703 0.061979 0.147656
2 0.761458 0.549219 0.014583 0.020313
2 0.761979 0.567188 0.013542 0.014063