0 0.547135 0.660156 0.026562 0.014063
0 0.556771 0.677344 0.036458 0.050000
0 0.523698 0.683203 0.044271 0.069531
0 0.419531 0.700391 0.085938 0.122656
0 0.601302 0.698828 0.078646 0.102344
0 0.842187 0.677734 0.094792 0.061719
0 0.771615 0.673438 0.050521 0.046875
0 0.692188 0.723828 0.162500 0.175781
0 0.859375 0.783594 0.281250 0.432812
4 0.692448 0.658594 0.022396 0.051562
3 0.526563 0.675391 0.019792 0.086719
3 0.516406 0.693359 0.032813 0.121094
3 0.478646 0.735938 0.083333 0.268750
1 0.509375 0.555469 0.005208 0.023438
2 0.398698 0.616406 0.009896 0.025000
2 0.646875 0.635156 0.014583 0.026562