0 0.984115 0.921094 0.031771 0.157812
0 0.863281 0.783594 0.273438 0.260937
0 0.730469 0.737109 0.116146 0.139844
0 0.670313 0.716016 0.053125 0.091406
0 0.636458 0.709375 0.019792 0.073438
0 0.627344 0.693359 0.022396 0.032031
0 0.617708 0.682812 0.007292 0.012500
0 0.507812 0.811719 0.288542 0.376563
4 0.021354 0.590234 0.035417 0.085156
4 0.043490 0.589453 0.019271 0.086719
4 0.053906 0.594141 0.019271 0.071094
4 0.069792 0.595313 0.016667 0.065625
4 0.077604 0.598438 0.011458 0.060937
4 0.088021 0.597656 0.022917 0.062500
4 0.084375 0.582031 0.007292 0.012500
4 0.099479 0.582422 0.007292 0.010156
4 0.102604 0.585938 0.008333 0.010937
4 0.106510 0.603516 0.026562 0.077344
4 0.120573 0.580078 0.005729 0.014844
4 0.120052 0.602734 0.022396 0.096094
4 0.136719 0.630859 0.026562 0.235156
4 0.202604 0.630469 0.016667 0.131250
4 0.222656 0.633594 0.031771 0.117188
4 0.234375 0.639062 0.012500 0.103125
4 0.247396 0.648047 0.031250 0.157031
4 0.268229 0.648047 0.030208 0.164844
4 0.290625 0.662109 0.047917 0.213281
4 0.348698 0.670312 0.047396 0.210938
4 0.361458 0.658203 0.014583 0.124219
4 0.400521 0.642578 0.009375 0.053906
4 0.406771 0.648047 0.010417 0.050781
4 0.414583 0.646484 0.011458 0.060156
4 0.668229 0.717969 0.056250 0.182812
4 0.774219 0.673047 0.011979 0.016406
2 0.625260 0.665625 0.004687 0.015625
2 0.633594 0.652344 0.013021 0.009375