0 0.039844 0.733203 0.079687 0.164844
0 0.130469 0.676562 0.260937 0.234375
0 0.213021 0.625391 0.265625 0.164844
0 0.352344 0.637109 0.160938 0.141406
0 0.395313 0.607422 0.048958 0.027344
0 0.403906 0.610156 0.067187 0.054688
0 0.417187 0.614844 0.093750 0.067187
0 0.457552 0.614063 0.061979 0.045312
0 0.482292 0.604297 0.046875 0.042969
0 0.526563 0.598828 0.030208 0.052344
0 0.644531 0.707031 0.314063 0.323437
0 0.667187 0.600391 0.118750 0.053906
0 0.614062 0.594141 0.032292 0.035156
0 0.815885 0.625391 0.149479 0.128906
1 0.559375 0.528906 0.004167 0.015625
1 0.580469 0.527344 0.004687 0.015625
2 0.506510 0.590234 0.006771 0.010156
2 0.506250 0.605469 0.007292 0.017188
2 0.716927 0.546484 0.015104 0.033594
2 0.258854 0.351172 0.182292 0.272656