0 0.066667 0.789844 0.133333 0.143750
0 0.168490 0.774609 0.106771 0.105469
0 0.261719 0.765625 0.084896 0.079687
0 0.327083 0.744531 0.069792 0.064062
0 0.349740 0.761719 0.083854 0.078125
0 0.391146 0.751563 0.028125 0.054688
0 0.406510 0.742969 0.017188 0.031250
0 0.448177 0.744531 0.056771 0.031250
0 0.507812 0.746484 0.032292 0.028906
0 0.548438 0.771875 0.070833 0.095312
0 0.552344 0.738672 0.030729 0.011719
0 0.578385 0.744531 0.015104 0.029687
0 0.593229 0.747656 0.004167 0.034375
0 0.624219 0.759375 0.041146 0.059375
0 0.633333 0.765625 0.036458 0.062500
0 0.650781 0.773438 0.036979 0.078125
0 0.669271 0.782031 0.040625 0.095312
0 0.710156 0.794922 0.089063 0.130469
0 0.784635 0.825781 0.134896 0.201563
0 0.891667 0.852734 0.216667 0.294531
4 0.586979 0.749219 0.011458 0.051562
4 0.598698 0.749219 0.014063 0.050000
4 0.613542 0.733984 0.010417 0.022656
4 0.635937 0.726562 0.005208 0.006250
4 0.606771 0.734375 0.005208 0.014063
3 0.518490 0.739062 0.010937 0.032813
2 0.191927 0.810547 0.049479 0.119531
2 0.196094 0.739453 0.032813 0.050781
2 0.442188 0.715625 0.006250 0.014063
2 0.479687 0.744531 0.006250 0.029687
2 0.685156 0.696484 0.011979 0.024219
2 0.700000 0.723047 0.011458 0.013281