0 0.268750 0.670312 0.025000 0.042188
0 0.180729 0.673438 0.057292 0.057813
0 0.453125 0.675000 0.064583 0.065625
0 0.458073 0.666406 0.059896 0.026562
0 0.586458 0.665234 0.029167 0.039844
0 0.594271 0.734766 0.138542 0.214844
0 0.415885 0.792578 0.455729 0.414844
0 0.696354 0.684766 0.094792 0.060156
0 0.741146 0.678125 0.067708 0.060937
0 0.778385 0.686719 0.051562 0.057813
0 0.859375 0.669531 0.025000 0.018750
0 0.827344 0.696875 0.088021 0.081250
0 0.883073 0.696484 0.063021 0.067969
0 0.896094 0.670703 0.036979 0.016406
0 0.927344 0.690625 0.077604 0.065625
0 0.969271 0.690234 0.061458 0.053906
0 0.968750 0.674219 0.062500 0.028125
0 0.082031 0.732031 0.164062 0.535937
6 0.610156 0.650391 0.077604 0.069531
4 0.500781 0.653125 0.002604 0.006250
3 0.278646 0.666016 0.015625 0.036719
3 0.206250 0.681250 0.020833 0.073438
3 0.172917 0.685156 0.034375 0.081250
3 0.230469 0.722266 0.068229 0.210156
3 0.766406 0.687109 0.038021 0.064844
3 0.977083 0.669531 0.029167 0.023438
1 0.569271 0.569531 0.014583 0.056250
2 0.563802 0.617578 0.007812 0.022656
2 0.644010 0.680078 0.008854 0.022656
2 0.640625 0.655859 0.016667 0.025781
2 0.661719 0.523438 0.059896 0.053125
2 0.663281 0.578516 0.059896 0.058594
2 0.056250 0.633203 0.013542 0.011719