0 0.552865 0.805469 0.496354 0.389062
0 0.071354 0.724609 0.133333 0.069531
0 0.444010 0.694922 0.075521 0.035156
0 0.482812 0.697266 0.021875 0.028906
0 0.367188 0.693359 0.007292 0.007031
0 0.336719 0.685547 0.010937 0.007031
0 0.322917 0.706641 0.005208 0.010156
0 0.343490 0.720703 0.045312 0.061719
0 0.304167 0.718750 0.038542 0.045312
0 0.310937 0.680859 0.008333 0.005469
1 0.374479 0.677344 0.003125 0.006250
1 0.319010 0.485937 0.013021 0.059375
2 0.527344 0.563672 0.017188 0.067969
2 0.361719 0.674609 0.015104 0.024219
2 0.214323 0.687500 0.011979 0.017188
2 0.157552 0.714063 0.006771 0.023438
2 0.123177 0.728516 0.009896 0.033594
2 0.032813 0.734766 0.016667 0.061719