0 0.579688 0.696094 0.010417 0.012500
0 0.571875 0.697266 0.007292 0.010156
0 0.565104 0.705469 0.018750 0.021875
0 0.557031 0.699219 0.009896 0.012500
0 0.539062 0.704297 0.009375 0.019531
0 0.533073 0.707031 0.017188 0.023438
0 0.517188 0.701562 0.008333 0.009375
0 0.123958 0.725391 0.088542 0.033594
0 0.524479 0.702734 0.004167 0.013281
4 0.851823 0.628516 0.008854 0.021094
4 0.873698 0.624219 0.006771 0.018750
4 0.686458 0.700000 0.006250 0.009375
4 0.585938 0.696484 0.003125 0.013281
3 0.596875 0.710547 0.014583 0.050781
3 0.585677 0.696484 0.003646 0.013281
1 0.703906 0.640234 0.007812 0.030469
1 0.694271 0.640625 0.007292 0.029687
2 0.811198 0.633594 0.014063 0.021875
2 0.438542 0.698828 0.008333 0.032031
2 0.493490 0.697266 0.002604 0.013281
2 0.505990 0.697266 0.002604 0.008594
2 0.525260 0.691016 0.002604 0.005469