0 0.019271 0.661328 0.038542 0.035156
0 0.052344 0.662891 0.035937 0.030469
0 0.087760 0.660937 0.092188 0.032813
0 0.133333 0.661328 0.033333 0.028906
0 0.155990 0.663281 0.014063 0.014063
0 0.221354 0.707031 0.155208 0.145313
0 0.331510 0.685547 0.059896 0.066406
0 0.368750 0.671875 0.028125 0.039062
0 0.384635 0.671484 0.013021 0.025781
0 0.400000 0.667188 0.011458 0.014063
0 0.410677 0.669531 0.014063 0.018750
0 0.426302 0.680859 0.040104 0.053906
0 0.455729 0.672656 0.020833 0.029687
0 0.464323 0.674609 0.025521 0.032031
0 0.800000 0.684766 0.125000 0.074219
1 0.579688 0.575000 0.010417 0.042188
1 0.591406 0.572656 0.010937 0.042188
2 0.585417 0.625391 0.004167 0.027344
2 0.585156 0.653516 0.004687 0.027344
2 0.297917 0.537500 0.007292 0.010937
2 0.481771 0.641406 0.008333 0.012500