0 0.387240 0.719531 0.043229 0.071875
0 0.434375 0.714062 0.018750 0.048438
0 0.439844 0.691797 0.009896 0.008594
0 0.456510 0.713281 0.021354 0.057813
0 0.497917 0.760547 0.111458 0.157031
0 0.555208 0.725781 0.016667 0.046875
0 0.949740 0.811328 0.100521 0.152344
0 0.873437 0.787109 0.122917 0.122656
0 0.008594 0.638281 0.017188 0.043750
0 0.031771 0.639453 0.023958 0.032031
0 0.071354 0.644922 0.080208 0.057031
0 0.434115 0.686719 0.007812 0.006250
6 0.524479 0.688281 0.075000 0.062500
6 0.688542 0.678906 0.251042 0.326562
3 0.412500 0.721484 0.033333 0.127344
3 0.671875 0.814844 0.118750 0.370312
3 0.447656 0.708594 0.010937 0.043750
2 0.816146 0.643750 0.014583 0.028125
2 0.816146 0.675781 0.013542 0.028125