0 0.029948 0.690625 0.052604 0.032813
0 0.065885 0.701172 0.071354 0.057031
0 0.144271 0.747266 0.150000 0.172656
0 0.150781 0.690625 0.033854 0.023438
0 0.317969 0.692578 0.025521 0.011719
0 0.421875 0.764063 0.205208 0.201563
0 0.572396 0.730859 0.059375 0.080469
0 0.504167 0.707031 0.021875 0.014063
0 0.523177 0.709766 0.008854 0.010156
0 0.641927 0.726953 0.041146 0.052344
0 0.675521 0.723828 0.033333 0.033594
0 0.642187 0.704297 0.036458 0.013281
0 0.693750 0.719531 0.006250 0.007812
0 0.699740 0.719922 0.002604 0.007031
0 0.727083 0.716797 0.007292 0.021094
0 0.755990 0.730469 0.039062 0.046875
0 0.804688 0.737109 0.080208 0.064844
0 0.834896 0.718750 0.013542 0.015625
5 0.248958 0.666406 0.120833 0.121875
4 0.707031 0.723437 0.010937 0.067187
4 0.721615 0.728516 0.015104 0.057031
4 0.734896 0.730078 0.014583 0.053906
4 0.858594 0.735156 0.018229 0.075000
4 0.757031 0.702734 0.003646 0.007031
4 0.762760 0.707813 0.007812 0.021875
3 0.617708 0.720313 0.010417 0.039062
3 0.678125 0.723828 0.011458 0.039844
1 0.178385 0.638281 0.006771 0.021875
2 0.767448 0.667578 0.008854 0.016406
2 0.768750 0.685156 0.009375 0.017188
2 0.461979 0.615625 0.042708 0.046875
2 0.454688 0.654687 0.022917 0.028125
2 0.472396 0.654687 0.010417 0.018750
2 0.417969 0.696484 0.007812 0.014844
2 0.418750 0.685938 0.007292 0.006250
2 0.504688 0.677344 0.007292 0.006250