0 0.502604 0.702734 0.006250 0.002344
0 0.511979 0.705078 0.005208 0.003906
0 0.519271 0.706250 0.004167 0.003125
0 0.531250 0.704297 0.003125 0.003906
0 0.555469 0.728906 0.039062 0.054688
0 0.573438 0.714063 0.006250 0.015625
0 0.579948 0.715625 0.009896 0.018750
0 0.588021 0.719922 0.011458 0.032031
0 0.602083 0.726172 0.035417 0.041406
0 0.616667 0.719141 0.010417 0.022656
0 0.619531 0.710938 0.010937 0.012500
0 0.658073 0.747266 0.084896 0.103906
0 0.697656 0.722656 0.017188 0.026562
0 0.714323 0.733594 0.034896 0.051562
0 0.746354 0.738281 0.044792 0.060937
0 0.799479 0.746875 0.085417 0.082812
0 0.887760 0.759766 0.118229 0.105469
0 0.959115 0.769531 0.081771 0.131250
0 0.124740 0.707031 0.045312 0.007812
5 0.448177 0.684375 0.034896 0.042188
5 0.482812 0.693359 0.017708 0.025781
4 0.527604 0.710547 0.006250 0.032031
4 0.680208 0.693750 0.006250 0.009375
4 0.376563 0.704297 0.003125 0.005469
3 0.538021 0.712109 0.007292 0.024219
3 0.595052 0.726953 0.017188 0.063281
2 0.405208 0.674609 0.013542 0.053906
2 0.472917 0.686719 0.006250 0.029687
2 0.522135 0.671875 0.007812 0.010937
2 0.140885 0.696484 0.004687 0.013281