0 0.762760 0.800781 0.323437 0.359375
0 0.659896 0.682422 0.107292 0.064844
0 0.018750 0.675000 0.037500 0.071875
0 0.028385 0.668750 0.043229 0.051562
0 0.074740 0.664062 0.009896 0.028125
0 0.086458 0.652734 0.015625 0.017969
0 0.098958 0.651953 0.010417 0.014844
0 0.146354 0.651563 0.012500 0.015625
0 0.126562 0.651563 0.011458 0.014063
0 0.120833 0.648828 0.010417 0.013281
0 0.108333 0.647656 0.008333 0.012500
1 0.069792 0.216406 0.048958 0.079687
1 0.227604 0.372266 0.007292 0.024219
2 0.855990 0.642969 0.022396 0.043750
2 0.856250 0.683203 0.022917 0.035156
2 0.877604 0.704688 0.034375 0.065625
2 0.896354 0.645313 0.023958 0.042188
2 0.897917 0.689062 0.026042 0.048438
2 0.924479 0.647266 0.031250 0.044531
2 0.926042 0.690625 0.034375 0.043750
2 0.369792 0.621094 0.028125 0.050000
2 0.287240 0.498047 0.219271 0.122656
2 0.277344 0.310156 0.048438 0.084375
2 0.391146 0.325000 0.030208 0.035937
2 0.927083 0.116016 0.030208 0.038281