0 0.532292 0.777344 0.211458 0.287500
0 0.613021 0.683984 0.010417 0.016406
0 0.623958 0.688672 0.022917 0.032031
0 0.638281 0.711719 0.029687 0.078125
0 0.667188 0.719531 0.061458 0.098437
0 0.738281 0.740234 0.143229 0.161719
0 0.869010 0.799609 0.261979 0.282031
4 0.060156 0.615234 0.042188 0.039844
4 0.087240 0.614844 0.022396 0.035937
4 0.239844 0.628516 0.008854 0.016406
4 0.260156 0.633203 0.013021 0.022656
4 0.297917 0.645703 0.013542 0.025781
4 0.309896 0.647656 0.011458 0.021875
4 0.315625 0.638672 0.009375 0.014844
4 0.274740 0.635547 0.013021 0.024219
4 0.164062 0.646094 0.011458 0.050000
4 0.148698 0.630078 0.014063 0.024219
4 0.430729 0.654687 0.006250 0.018750
4 0.439583 0.655469 0.006250 0.012500
4 0.354167 0.645312 0.005208 0.012500