0 0.362500 0.661719 0.007292 0.014063
0 0.385417 0.664453 0.014583 0.017969
0 0.411719 0.663672 0.005729 0.011719
0 0.404948 0.664062 0.010937 0.014063
0 0.423958 0.661328 0.009375 0.013281
0 0.426563 0.664844 0.011458 0.014063
0 0.444531 0.667187 0.015104 0.017188
0 0.454167 0.664453 0.007292 0.011719
0 0.461198 0.664062 0.005729 0.012500
0 0.464583 0.665234 0.005208 0.011719
0 0.471354 0.666406 0.012500 0.014063
0 0.494271 0.670703 0.021875 0.025781
0 0.527083 0.681641 0.034375 0.042969
0 0.542708 0.686328 0.046875 0.052344
0 0.011979 0.716797 0.023958 0.046094
0 0.481510 0.664453 0.007812 0.010156
2 0.482812 0.649219 0.004167 0.006250
2 0.471094 0.647656 0.004687 0.012500