0 0.059635 0.700000 0.119271 0.062500
0 0.082292 0.690234 0.080208 0.050781
0 0.125000 0.687500 0.023958 0.054688
0 0.009375 0.571875 0.018750 0.037500
0 0.056510 0.601953 0.052604 0.028906
0 0.107031 0.620312 0.025521 0.020313
0 0.312760 0.686719 0.005729 0.017188
0 0.323437 0.671484 0.015625 0.008594
0 0.331510 0.685156 0.030729 0.018750
0 0.350000 0.682031 0.017708 0.017188
0 0.361979 0.680078 0.013542 0.017969
0 0.372917 0.682813 0.017708 0.015625
0 0.355990 0.668359 0.015104 0.010156
0 0.371615 0.669922 0.011979 0.010156
0 0.376042 0.671094 0.011458 0.007812
0 0.361719 0.671484 0.016146 0.007031
0 0.340104 0.671094 0.020833 0.009375
0 0.340365 0.667969 0.016146 0.007812
0 0.313802 0.682422 0.007812 0.017969
0 0.314583 0.670313 0.009375 0.006250
0 0.449740 0.706250 0.061979 0.084375
0 0.475260 0.682031 0.005729 0.017188
0 0.478125 0.680078 0.009375 0.016406
0 0.484115 0.675391 0.009896 0.011719
0 0.491927 0.670313 0.008854 0.006250
0 0.501823 0.668359 0.009896 0.008594
0 0.496615 0.660156 0.005729 0.003125
0 0.428906 0.665625 0.006771 0.007812
0 0.459896 0.663281 0.006250 0.003125
0 0.553646 0.662891 0.010417 0.008594
0 0.567969 0.664844 0.008854 0.007812
0 0.562240 0.660156 0.005729 0.006250
0 0.530208 0.662891 0.007292 0.005469
0 0.515365 0.665625 0.006771 0.004687
0 0.526302 0.668750 0.007812 0.007812
0 0.524740 0.674219 0.005729 0.006250
0 0.530729 0.675000 0.007292 0.004687
0 0.527604 0.682813 0.006250 0.010937
0 0.488802 0.690234 0.015104 0.033594
0 0.510156 0.694531 0.035937 0.048438
0 0.522135 0.664844 0.006771 0.004687
0 0.518750 0.669141 0.008333 0.003906
0 0.536458 0.689844 0.017708 0.028125
0 0.565365 0.709766 0.067187 0.082031
0 0.678385 0.735547 0.191146 0.194531
0 0.782813 0.712500 0.105208 0.150000
0 0.953646 0.729297 0.092708 0.082031
0 0.529427 0.654297 0.005729 0.007031
0 0.497656 0.657422 0.003646 0.002344
0 0.505469 0.660547 0.006771 0.005469
2 0.437240 0.647266 0.010937 0.027344
2 0.481510 0.600391 0.031771 0.028906
2 0.516667 0.599609 0.035417 0.028906
2 0.573698 0.638672 0.003646 0.008594