0 0.876823 0.775000 0.246354 0.417187
0 0.847396 0.630469 0.082292 0.056250
0 0.762500 0.680859 0.173958 0.166406
0 0.686458 0.637500 0.035417 0.060937
0 0.632031 0.644922 0.075521 0.085156
0 0.598177 0.627734 0.025521 0.044531
0 0.587760 0.621875 0.009896 0.028125
0 0.581510 0.620703 0.013021 0.024219
0 0.564583 0.616797 0.008333 0.022656
0 0.559375 0.619922 0.031250 0.047656
0 0.501302 0.662891 0.148438 0.146094
0 0.330729 0.739062 0.495833 0.387500
0 0.226302 0.589063 0.065104 0.053125
3 0.665625 0.610938 0.019792 0.053125
3 0.711458 0.605469 0.016667 0.020313
3 0.571875 0.618750 0.007292 0.028125
1 0.585156 0.581641 0.002604 0.014844
2 0.689323 0.599219 0.017188 0.014063
2 0.636979 0.598828 0.003125 0.007031