0 0.544792 0.663281 0.009375 0.012500
0 0.509635 0.660547 0.066146 0.022656
0 0.581510 0.684766 0.044271 0.061719
0 0.411458 0.677344 0.042708 0.067187
0 0.321615 0.738672 0.204687 0.213281
0 0.510938 0.727734 0.143750 0.196094
0 0.638281 0.714844 0.120313 0.142187
0 0.751302 0.678125 0.090104 0.046875
0 0.783333 0.765625 0.286458 0.279687
0 0.884896 0.779687 0.230208 0.440625
3 0.360677 0.631641 0.017188 0.008594
3 0.435937 0.701562 0.043750 0.140625
1 0.393750 0.640625 0.007292 0.009375
1 0.485938 0.566016 0.005208 0.021094
2 0.388281 0.624609 0.008854 0.021094
2 0.606771 0.641406 0.013542 0.023438