0 0.054688 0.722266 0.109375 0.089844
0 0.008594 0.698828 0.017188 0.028906
0 0.125260 0.685547 0.057813 0.060156
0 0.138021 0.698828 0.054167 0.041406
0 0.226302 0.689844 0.031771 0.021875
0 0.240104 0.687891 0.012500 0.013281
0 0.261979 0.687891 0.040625 0.019531
0 0.279427 0.683594 0.022396 0.018750
0 0.287760 0.687500 0.013021 0.014063
0 0.447917 0.744922 0.132292 0.174219
0 0.896094 0.820703 0.207813 0.358594
0 0.868229 0.733203 0.194792 0.127344
0 0.672396 0.717187 0.097917 0.087500
0 0.699479 0.695703 0.055208 0.061719
0 0.652344 0.683203 0.040104 0.027344
0 0.618229 0.684766 0.035417 0.028906
0 0.598958 0.700000 0.061458 0.054688
0 0.570312 0.683594 0.019792 0.025000
0 0.545573 0.691406 0.041146 0.046875
0 0.509635 0.687891 0.026562 0.032031
0 0.810938 0.671484 0.064583 0.017969
2 0.699740 0.210938 0.031771 0.048438
2 0.262500 0.708594 0.016667 0.039062
2 0.511198 0.658203 0.007812 0.011719
2 0.361719 0.690625 0.006771 0.018750
2 0.379427 0.610938 0.004687 0.007812