0 0.895833 0.805078 0.208333 0.389844
0 0.553906 0.648047 0.073438 0.085156
0 0.509375 0.629687 0.035417 0.043750
0 0.490104 0.619141 0.016667 0.024219
0 0.475000 0.627344 0.025000 0.042188
0 0.460677 0.630469 0.020313 0.056250
0 0.378385 0.601953 0.064062 0.019531
0 0.384896 0.684375 0.176042 0.234375
0 0.303646 0.613672 0.015625 0.011719
0 0.256510 0.625391 0.069271 0.058594
0 0.208333 0.603125 0.048958 0.037500
0 0.149479 0.612109 0.058333 0.019531
0 0.131510 0.609375 0.023438 0.014063
0 0.097396 0.613281 0.058333 0.023438
0 0.060156 0.614062 0.051562 0.023438
0 0.024219 0.756250 0.048438 0.198437
0 0.311979 0.632422 0.021875 0.067969
0 0.459375 0.597656 0.003125 0.004687
0 0.470313 0.593359 0.003125 0.005469
0 0.460417 0.594141 0.003125 0.003906
5 0.465365 0.603516 0.007812 0.010156
6 0.652344 0.603516 0.150521 0.174219
6 0.467448 0.596484 0.005729 0.010156
4 0.050781 0.604297 0.005729 0.013281
3 0.752604 0.653906 0.038542 0.085938
2 0.011198 0.591016 0.022396 0.058594