0 0.429167 0.633203 0.026042 0.028906
0 0.388802 0.630078 0.011979 0.011719
0 0.396094 0.630078 0.004687 0.010156
0 0.400781 0.629688 0.004687 0.010937
0 0.404948 0.629297 0.003646 0.008594
0 0.407552 0.628906 0.003646 0.007812
0 0.409896 0.628125 0.003125 0.007812
0 0.410938 0.626953 0.005208 0.008594
0 0.456771 0.628906 0.010417 0.012500
0 0.450521 0.625391 0.003125 0.005469
0 0.448438 0.625781 0.003125 0.004687
0 0.445573 0.626953 0.002604 0.007031
0 0.455208 0.626172 0.007292 0.008594
4 0.294271 0.637891 0.006250 0.022656
4 0.299479 0.631250 0.007292 0.035937
2 0.164583 0.583594 0.004167 0.032813
2 0.549219 0.595703 0.006771 0.021094