0 0.572917 0.759766 0.096875 0.113281
0 0.549740 0.732813 0.053646 0.045312
0 0.526302 0.733984 0.033854 0.050781
0 0.520573 0.723828 0.029687 0.041406
0 0.508854 0.718750 0.007292 0.029687
0 0.541146 0.705859 0.012500 0.008594
0 0.496875 0.714453 0.018750 0.025781
0 0.508854 0.706641 0.011458 0.013281
0 0.480469 0.738672 0.047396 0.067969
0 0.431771 0.755859 0.103125 0.127344
0 0.389062 0.718359 0.019792 0.030469
0 0.354948 0.728516 0.058854 0.072656
0 0.278646 0.742969 0.101042 0.101562
0 0.007031 0.828906 0.014063 0.092188
0 0.319271 0.706641 0.014583 0.013281
0 0.033594 0.719531 0.067187 0.050000
0 0.049740 0.701953 0.059896 0.019531
0 0.086979 0.718359 0.062500 0.044531
0 0.128646 0.711328 0.043750 0.039844
0 0.146615 0.714453 0.053646 0.033594