0 0.051302 0.730469 0.102604 0.137500
0 0.166667 0.729688 0.225000 0.167187
0 0.286719 0.687891 0.044271 0.042969
0 0.354687 0.682422 0.012500 0.030469
0 0.371875 0.685156 0.035417 0.037500
0 0.379688 0.675781 0.022917 0.031250
0 0.395052 0.676953 0.013021 0.021094
0 0.476302 0.747656 0.186979 0.248438
0 0.504948 0.666406 0.044271 0.018750
0 0.557292 0.665625 0.018750 0.020313
0 0.578125 0.687500 0.048958 0.067187
0 0.618490 0.694141 0.049479 0.088281
0 0.732031 0.743359 0.241146 0.216406
0 0.880469 0.698047 0.147396 0.121094
0 0.962240 0.876172 0.075521 0.247656
0 0.958594 0.730469 0.082812 0.142187
0 0.559896 0.650781 0.013542 0.009375
0 0.565365 0.647656 0.006771 0.009375
0 0.374219 0.629687 0.016146 0.007812
2 0.244271 0.643359 0.047917 0.103906
2 0.607292 0.601562 0.036458 0.065625