0 0.098698 0.729688 0.197396 0.195312
0 0.258594 0.714844 0.095312 0.076563
0 0.345573 0.708594 0.043229 0.076563
0 0.386458 0.715625 0.103125 0.104688
0 0.490365 0.688672 0.021354 0.027344
0 0.508594 0.683984 0.010937 0.013281
0 0.522917 0.681641 0.008333 0.010156
0 0.540625 0.671094 0.011458 0.006250
0 0.585417 0.682422 0.008333 0.008594
0 0.578385 0.690234 0.014063 0.027344
0 0.594792 0.694922 0.025000 0.036719
0 0.568490 0.696484 0.022396 0.042969
0 0.543229 0.703516 0.052083 0.060156
0 0.645313 0.720703 0.104167 0.127344
3 0.282813 0.700781 0.040625 0.110937
3 0.495052 0.688281 0.011979 0.034375
3 0.728125 0.716406 0.044792 0.126562
2 0.589063 0.666016 0.003125 0.008594
2 0.520573 0.668359 0.002604 0.005469
2 0.686719 0.643750 0.008854 0.026562
2 0.806771 0.616406 0.023958 0.054688
2 0.844271 0.578125 0.031250 0.060937