0 0.161719 0.690234 0.056771 0.035156
0 0.027865 0.805078 0.055729 0.185156
0 0.088021 0.753125 0.176042 0.225000
0 0.309635 0.744922 0.099479 0.194531
0 0.772917 0.718750 0.032292 0.084375
0 0.817448 0.712500 0.091146 0.081250
0 0.925000 0.718359 0.128125 0.107031
0 0.971094 0.701562 0.043229 0.070312
0 0.554167 0.617969 0.429167 0.764062
0 0.013281 0.689453 0.026562 0.027344
0 0.052083 0.680078 0.035417 0.017969
4 0.191406 0.686328 0.005729 0.030469
4 0.857552 0.682812 0.011979 0.032813
3 0.292187 0.683984 0.017708 0.021094
2 0.903385 0.589844 0.022396 0.059375