0 0.133854 0.811328 0.078125 0.055469
0 0.304167 0.798438 0.014583 0.029687
0 0.318750 0.796094 0.019792 0.021875
0 0.534635 0.812891 0.061979 0.080469
0 0.490885 0.796094 0.023438 0.031250
0 0.733073 0.814844 0.067187 0.065625
0 0.944531 0.844922 0.110937 0.122656
0 0.511719 0.790625 0.008854 0.026562
0 0.508594 0.786719 0.004687 0.009375
0 0.500260 0.784375 0.003646 0.006250
0 0.505990 0.783984 0.003646 0.005469
0 0.416406 0.790625 0.010937 0.021875
6 0.070833 0.776563 0.141667 0.120313
6 0.198698 0.774219 0.086979 0.073438
6 0.567448 0.782422 0.043229 0.046094
4 0.784896 0.810156 0.014583 0.090625
2 0.444010 0.788672 0.004687 0.011719
2 0.444010 0.777344 0.004687 0.007812
2 0.807552 0.753906 0.009896 0.012500
2 0.667448 0.776172 0.004687 0.007031
2 0.666927 0.763672 0.005729 0.016406