0 0.134896 0.748047 0.267708 0.210156
0 0.261719 0.705859 0.075521 0.096094
0 0.305990 0.696094 0.044271 0.060937
0 0.336719 0.683594 0.033854 0.050000
0 0.462760 0.813281 0.363021 0.373437
0 0.422135 0.665625 0.096354 0.103125
0 0.314323 0.660156 0.009896 0.009375
0 0.292969 0.660156 0.009896 0.006250
0 0.282552 0.649219 0.007812 0.006250
0 0.082552 0.542969 0.026562 0.021875
0 0.118229 0.553125 0.018750 0.009375
0 0.022135 0.697266 0.044271 0.108594
2 0.034896 0.665625 0.009375 0.028125
2 0.278125 0.460547 0.120833 0.085156
2 0.407031 0.468750 0.111979 0.087500
2 0.245573 0.555859 0.005729 0.008594