0 0.952344 0.576953 0.049479 0.033594
0 0.675260 0.541016 0.022396 0.008594
0 0.658854 0.538672 0.027083 0.011719
0 0.637760 0.537500 0.032813 0.012500
0 0.563542 0.533594 0.026042 0.012500
0 0.522917 0.533984 0.009375 0.008594
0 0.575260 0.620313 0.033854 0.034375
0 0.558854 0.643750 0.064583 0.071875
0 0.466406 0.641016 0.051562 0.064844
0 0.443490 0.623828 0.007812 0.021094
0 0.437500 0.621094 0.010417 0.015625
0 0.431250 0.619141 0.007292 0.013281
0 0.415885 0.627344 0.022396 0.032813
0 0.385417 0.636719 0.053125 0.062500
0 0.263542 0.617578 0.030208 0.014844
0 0.251042 0.618359 0.011458 0.013281
0 0.237500 0.618750 0.012500 0.014063
0 0.209635 0.626563 0.047396 0.037500
3 0.511979 0.628516 0.011458 0.039844
2 0.797135 0.481250 0.051562 0.117188
2 0.911198 0.560156 0.007812 0.010937
2 0.840885 0.544922 0.011979 0.022656