0 0.040885 0.640625 0.058854 0.018750
0 0.063802 0.650781 0.065104 0.035937
0 0.109375 0.640625 0.029167 0.017188
0 0.233854 0.649219 0.007292 0.028125
0 0.254948 0.648828 0.004687 0.016406
0 0.264323 0.646094 0.004687 0.012500
0 0.288542 0.644922 0.040625 0.038281
0 0.401563 0.717578 0.202083 0.261719
0 0.497396 0.655078 0.082292 0.127344
0 0.543229 0.636719 0.043750 0.081250
0 0.573437 0.642188 0.023958 0.050000
0 0.585417 0.636719 0.026042 0.035937
0 0.661719 0.667969 0.142187 0.134375
0 0.990885 0.704297 0.018229 0.066406
0 0.971354 0.660156 0.057292 0.096875
0 0.427344 0.623438 0.021354 0.029687
0 0.235417 0.642188 0.007292 0.010937
4 0.708854 0.619922 0.015625 0.041406
4 0.965365 0.619922 0.018229 0.049219
4 0.976042 0.614844 0.012500 0.042188
3 0.241927 0.647266 0.007812 0.030469
3 0.259635 0.644922 0.004687 0.017969
3 0.268490 0.644922 0.007812 0.027344
3 0.313802 0.644141 0.026562 0.074219
3 0.603646 0.627734 0.009375 0.022656
3 0.798698 0.645703 0.034896 0.080469
3 0.854948 0.647656 0.045312 0.101562
1 0.251302 0.619141 0.001563 0.005469
1 0.260156 0.618750 0.001563 0.006250
2 0.079167 0.603906 0.008333 0.042188
2 0.360417 0.591797 0.030208 0.017969
2 0.619010 0.602734 0.005729 0.011719
2 0.704688 0.575000 0.008333 0.017188
2 0.705990 0.591406 0.008854 0.015625