0 0.345833 0.651953 0.052083 0.030469
0 0.410156 0.653516 0.009896 0.014844
0 0.479167 0.646875 0.046875 0.062500
0 0.540365 0.662891 0.066146 0.027344
0 0.572396 0.664453 0.013542 0.019531
0 0.511458 0.659375 0.010417 0.017188
0 0.654427 0.668359 0.006771 0.011719
0 0.624740 0.690234 0.068229 0.085156
0 0.833073 0.739453 0.326562 0.291406
0 0.538281 0.712500 0.126562 0.165625
0 0.450260 0.685547 0.079687 0.103906
0 0.371094 0.694531 0.106771 0.156250
0 0.187500 0.735547 0.359375 0.292969
5 0.541667 0.618750 0.041667 0.029687
6 0.170573 0.595313 0.292187 0.128125
1 0.591667 0.642578 0.004167 0.011719
2 0.589323 0.661328 0.003646 0.005469
2 0.589323 0.666797 0.003646 0.007031
2 0.607552 0.647266 0.003646 0.011719
2 0.631510 0.636719 0.009896 0.023438
2 0.856510 0.430078 0.116146 0.082031
2 0.859115 0.541797 0.120313 0.147656