0 0.784635 0.731250 0.166146 0.128125
0 0.623438 0.735156 0.162500 0.159375
0 0.617448 0.682031 0.035937 0.015625
0 0.528125 0.694141 0.073958 0.097656
0 0.479167 0.687891 0.037500 0.042969
0 0.458854 0.676953 0.016667 0.025781
0 0.451042 0.667578 0.007292 0.010156
0 0.407031 0.676172 0.027604 0.024219
0 0.405469 0.725781 0.116146 0.151562
0 0.278906 0.667578 0.038021 0.028906
0 0.258333 0.672266 0.015625 0.019531
0 0.250000 0.667969 0.006250 0.007812
0 0.247917 0.675781 0.008333 0.023438
0 0.211458 0.672266 0.056250 0.036719
0 0.144531 0.697656 0.096354 0.075000
0 0.088802 0.683984 0.071354 0.050781
0 0.037240 0.683594 0.074479 0.053125
0 0.002604 0.702734 0.005208 0.024219
0 0.171094 0.669531 0.032813 0.017188
5 0.463542 0.658594 0.016667 0.025000
5 0.174479 0.651953 0.040625 0.046094
2 0.634375 0.629297 0.036458 0.046094
2 0.506250 0.652344 0.006250 0.010937