0 0.033594 0.927734 0.067187 0.144531
0 0.509896 0.657422 0.034375 0.011719
0 0.548958 0.667578 0.021875 0.027344
0 0.585417 0.667578 0.010417 0.011719
0 0.570052 0.694531 0.054688 0.085938
0 0.509635 0.711328 0.088021 0.152344
0 0.379167 0.771484 0.292708 0.302344
0 0.735417 0.672656 0.057292 0.035937
0 0.620052 0.706250 0.094271 0.118750
0 0.879688 0.683203 0.194792 0.102344
0 0.763542 0.757812 0.285417 0.250000
0 0.879427 0.782031 0.241146 0.435937
3 0.382552 0.667969 0.025521 0.039062
3 0.234635 0.742578 0.189062 0.207031