0 0.548958 0.805078 0.504167 0.389844
0 0.456250 0.696484 0.080208 0.028906
0 0.352344 0.718359 0.027604 0.042969
0 0.358854 0.692187 0.019792 0.009375
0 0.334635 0.710938 0.017188 0.031250
0 0.335677 0.685938 0.010937 0.006250
0 0.339583 0.699219 0.015625 0.012500
0 0.307031 0.722266 0.057813 0.063281
0 0.250521 0.734375 0.041667 0.101562
0 0.023177 0.846875 0.046354 0.218750
3 0.207292 0.751563 0.100000 0.260937
1 0.373177 0.672656 0.003646 0.015625
1 0.317969 0.486328 0.013021 0.058594
2 0.526562 0.563672 0.016667 0.067969
2 0.443490 0.679297 0.005729 0.007031
2 0.360938 0.680859 0.015625 0.011719
2 0.155990 0.714063 0.006771 0.023438
2 0.122135 0.727344 0.008854 0.032813
2 0.031250 0.733203 0.017708 0.061719
2 0.359635 0.668750 0.011979 0.010937