0 0.171615 0.692969 0.091146 0.046875
0 0.652083 0.682031 0.004167 0.007812
0 0.660156 0.683984 0.006771 0.008594
0 0.655729 0.682813 0.004167 0.007812
0 0.644271 0.684375 0.003125 0.009375
0 0.641406 0.686719 0.002604 0.012500
0 0.636719 0.687891 0.008854 0.014844
0 0.627604 0.689063 0.015625 0.020313
0 0.609115 0.692969 0.024479 0.029687
0 0.585677 0.701172 0.035937 0.053906
0 0.564583 0.702344 0.029167 0.073438
0 0.540885 0.689453 0.045312 0.049219
0 0.412240 0.793750 0.364063 0.325000
0 0.111198 0.794531 0.222396 0.301563
0 0.807552 0.828125 0.384896 0.343750
0 0.686979 0.696094 0.031250 0.039062
0 0.451042 0.686328 0.060417 0.050781
4 0.219531 0.673047 0.022396 0.064844
4 0.494271 0.636719 0.031250 0.034375
3 0.245312 0.734766 0.079167 0.169531
3 0.648438 0.685937 0.004167 0.012500
3 0.670833 0.688281 0.005208 0.015625
1 0.754688 0.394922 0.026042 0.077344