0 0.495573 0.653906 0.046354 0.032813
0 0.608073 0.658203 0.004687 0.008594
0 0.614323 0.661328 0.013021 0.013281
0 0.637240 0.680078 0.052604 0.069531
0 0.731510 0.697656 0.149479 0.164062
0 0.566406 0.709375 0.114062 0.164062
0 0.322135 0.701953 0.168229 0.183594
0 0.470573 0.758594 0.263021 0.310937
5 0.569010 0.619141 0.036979 0.027344
4 0.175000 0.670313 0.025000 0.084375
4 0.241146 0.654687 0.012500 0.073438
3 0.614583 0.659766 0.009375 0.016406
1 0.609896 0.642188 0.004167 0.006250
1 0.615104 0.636328 0.005208 0.016406
2 0.798437 0.487109 0.083333 0.060156
2 0.799740 0.567969 0.082812 0.104688
2 0.720052 0.614453 0.018229 0.028906
2 0.648958 0.633984 0.008333 0.021094