0 0.934115 0.726562 0.131771 0.296875
0 0.765625 0.607813 0.071875 0.068750
0 0.526042 0.620703 0.083333 0.111719
0 0.606771 0.607031 0.064583 0.070312
0 0.697656 0.597656 0.053646 0.051562
0 0.957292 0.606641 0.085417 0.060156
0 0.848177 0.592969 0.133854 0.170313
0 0.753646 0.593359 0.050000 0.038281
0 0.721094 0.592969 0.016146 0.037500
0 0.646615 0.598828 0.042188 0.057031
0 0.666927 0.586328 0.021354 0.030469
0 0.543750 0.555469 0.014583 0.021875
0 0.553646 0.596875 0.039583 0.053125
0 0.587500 0.580859 0.028125 0.025781
0 0.563542 0.582812 0.019792 0.031250
0 0.572135 0.566797 0.013021 0.013281
0 0.604427 0.578516 0.014063 0.024219
0 0.636979 0.566797 0.034375 0.016406
0 0.615625 0.568750 0.009375 0.006250
0 0.582552 0.578906 0.021354 0.023438
0 0.602865 0.566797 0.018229 0.010156
0 0.586458 0.566406 0.015625 0.004687
0 0.588542 0.564453 0.012500 0.007031
0 0.552865 0.565234 0.015104 0.007031
0 0.558594 0.564453 0.011979 0.008594
3 0.578906 0.561328 0.004687 0.010156
2 0.454688 0.574219 0.009375 0.037500