0 0.259115 0.737891 0.024479 0.021094
0 0.300260 0.748437 0.005729 0.015625
0 0.308594 0.744922 0.011979 0.022656
0 0.323437 0.743750 0.027083 0.028125
0 0.424219 0.742188 0.019271 0.023438
0 0.448958 0.739062 0.034375 0.043750
0 0.468490 0.741797 0.005729 0.017969
0 0.483073 0.740234 0.025521 0.032031
0 0.495573 0.742969 0.001563 0.012500
0 0.504688 0.740625 0.017708 0.023438
0 0.513281 0.736328 0.003646 0.007031
0 0.517188 0.741797 0.008333 0.014844
0 0.531250 0.742969 0.010417 0.012500
0 0.532031 0.741797 0.010937 0.013281
0 0.539583 0.739453 0.008333 0.017969
0 0.546354 0.742188 0.004167 0.007812
0 0.544271 0.742969 0.001042 0.009375
0 0.373698 0.747656 0.083854 0.090625
3 0.523177 0.741016 0.005729 0.019531
2 0.349219 0.711719 0.013021 0.018750