0 0.411979 0.791797 0.401042 0.416406
0 0.478646 0.661328 0.115625 0.075781
0 0.420833 0.651562 0.020833 0.017188
4 0.802604 0.663672 0.041667 0.138281
4 0.761458 0.658984 0.028125 0.147656
4 0.739583 0.667969 0.029167 0.128125
4 0.606250 0.648047 0.003125 0.025781
4 0.603125 0.642969 0.005208 0.035937
4 0.592448 0.649609 0.008854 0.044531
4 0.588021 0.651953 0.009375 0.039844
4 0.581250 0.652734 0.006250 0.039844
4 0.574479 0.649219 0.012500 0.050000
4 0.555729 0.644141 0.005208 0.016406
4 0.119010 0.653125 0.017188 0.054688
4 0.232552 0.656641 0.016146 0.017969
4 0.143750 0.658594 0.020833 0.050000
2 0.633854 0.513281 0.058333 0.093750
2 0.594010 0.537891 0.021354 0.041406
2 0.595313 0.570312 0.018750 0.023438
2 0.565104 0.605859 0.011458 0.017969
2 0.250260 0.612109 0.020313 0.049219
2 0.429427 0.632812 0.008854 0.007812