0 0.938021 0.781641 0.123958 0.271094
0 0.947396 0.659375 0.105208 0.117188
0 0.923958 0.647656 0.062500 0.034375
0 0.884375 0.645313 0.042708 0.034375
0 0.852604 0.641797 0.037500 0.030469
0 0.784375 0.654297 0.115625 0.102344
0 0.736458 0.626953 0.022917 0.016406
0 0.662240 0.671875 0.168229 0.167187
0 0.582552 0.642578 0.049479 0.085156
0 0.553385 0.630469 0.045312 0.062500
0 0.531250 0.623437 0.027083 0.048438
0 0.518490 0.621094 0.017188 0.040625
0 0.500521 0.618359 0.030208 0.049219
0 0.458073 0.607422 0.072396 0.038281
0 0.420833 0.691797 0.213542 0.246094
0 0.216146 0.598047 0.019792 0.033594
0 0.020573 0.577734 0.034896 0.044531
4 0.180469 0.582422 0.007812 0.044531
3 0.296094 0.645312 0.099479 0.234375
3 0.082031 0.578125 0.017188 0.026562
1 0.522396 0.563672 0.004167 0.017969
1 0.417708 0.518750 0.004167 0.015625
1 0.392969 0.517969 0.003646 0.015625
2 0.880990 0.626172 0.015104 0.033594
2 0.588542 0.591016 0.003125 0.008594