0 0.163802 0.543359 0.010937 0.014844
0 0.144531 0.529297 0.015104 0.005469
0 0.156510 0.553906 0.009896 0.043750
0 0.147656 0.556641 0.021354 0.049219
0 0.143490 0.561719 0.011979 0.054688
0 0.132292 0.557422 0.028125 0.063281
0 0.113281 0.619531 0.056771 0.210938
0 0.066146 0.681641 0.132292 0.392969
0 0.182292 0.549219 0.028125 0.035937
0 0.196615 0.537891 0.004687 0.011719
0 0.201563 0.544531 0.012500 0.026562
0 0.214583 0.543750 0.026042 0.029687
0 0.235677 0.544531 0.009896 0.032813
0 0.247917 0.543359 0.026042 0.039844
0 0.255990 0.546484 0.018229 0.044531
0 0.275781 0.547266 0.034896 0.053906
0 0.308854 0.548828 0.055208 0.060156
0 0.372656 0.554688 0.085938 0.093750
0 0.455729 0.555859 0.127083 0.130469
0 0.595833 0.568750 0.251042 0.190625
0 0.851302 0.554688 0.297396 0.351562
4 0.170313 0.538281 0.004167 0.015625
4 0.216927 0.526953 0.003646 0.003906
2 0.205208 0.519531 0.004167 0.007812
2 0.225521 0.499609 0.007292 0.010156