0 0.070312 0.684766 0.032292 0.042969
0 0.098958 0.672656 0.085417 0.057813
0 0.107813 0.653516 0.030208 0.017969
0 0.124740 0.658594 0.035937 0.020313
0 0.168750 0.657422 0.057292 0.032031
0 0.180729 0.679297 0.084375 0.060156
0 0.233073 0.673437 0.081771 0.056250
0 0.221615 0.650391 0.040104 0.013281
0 0.273958 0.660938 0.055208 0.034375
0 0.459635 0.672656 0.051562 0.057813
0 0.485677 0.661719 0.015104 0.020313
0 0.286198 0.699609 0.038021 0.085156
0 0.425781 0.796484 0.396354 0.407031
0 0.604167 0.729297 0.101042 0.202344
0 0.580990 0.662109 0.031771 0.032031
0 0.644010 0.675000 0.033854 0.050000
0 0.791927 0.734766 0.179688 0.214844
0 0.802865 0.662891 0.028646 0.014844
0 0.882812 0.676562 0.015625 0.020313
0 0.888281 0.807422 0.223438 0.385156
3 0.182031 0.684766 0.033854 0.078906
3 0.225000 0.685547 0.044792 0.086719
3 0.247396 0.684375 0.019792 0.078125
3 0.284896 0.672266 0.023958 0.066406
3 0.678906 0.679688 0.049479 0.060937
1 0.568490 0.569922 0.013021 0.052344
2 0.061719 0.635156 0.007812 0.015625
2 0.302083 0.632031 0.009375 0.015625
2 0.562760 0.617188 0.005729 0.021875
2 0.637500 0.654297 0.015625 0.024219
2 0.639062 0.681641 0.011458 0.028906
2 0.660938 0.577734 0.057292 0.055469
2 0.659896 0.524609 0.057292 0.050781