0 0.090104 0.628125 0.180208 0.215625
0 0.229167 0.599609 0.140625 0.069531
0 0.347917 0.611328 0.103125 0.052344
0 0.484896 0.611719 0.080208 0.060937
0 0.569792 0.612500 0.021875 0.040625
0 0.606250 0.601953 0.015625 0.017969
0 0.276562 0.737109 0.517708 0.414844
0 0.777083 0.722656 0.397917 0.317188
0 0.932031 0.643750 0.135937 0.112500
0 0.985677 0.703516 0.028646 0.039844
0 0.917969 0.855078 0.164062 0.289844
6 0.967708 0.601562 0.064583 0.064062
4 0.406771 0.599219 0.012500 0.037500
4 0.584375 0.616406 0.009375 0.051562
4 0.592187 0.605469 0.014583 0.067187
3 0.373958 0.613672 0.041667 0.053906
3 0.544271 0.622266 0.053125 0.116406
3 0.504948 0.623828 0.038021 0.113281
3 0.620833 0.626172 0.085417 0.102344
3 0.922917 0.579688 0.072917 0.026562
1 0.619792 0.571875 0.005208 0.007812
1 0.317708 0.412891 0.010417 0.039844
1 0.374219 0.414453 0.009896 0.038281
1 0.617188 0.494141 0.011458 0.046094
2 0.817708 0.566406 0.038542 0.020313
2 0.742188 0.562500 0.005208 0.006250