0 0.568490 0.764063 0.211979 0.251563
0 0.423958 0.667188 0.012500 0.015625
0 0.404948 0.667969 0.009896 0.010937
0 0.414844 0.664453 0.005729 0.008594
0 0.443229 0.667187 0.008333 0.009375
0 0.452604 0.664062 0.010417 0.015625
0 0.465885 0.678516 0.039062 0.041406
0 0.292188 0.691406 0.067708 0.056250
0 0.356510 0.694141 0.102604 0.067969
0 0.161719 0.686719 0.066146 0.032813
0 0.039583 0.705469 0.079167 0.079687
0 0.176302 0.665625 0.018229 0.009375
0 0.234896 0.663672 0.025000 0.013281
0 0.385677 0.665625 0.008854 0.006250
4 0.667188 0.660937 0.010417 0.048438
1 0.705469 0.532031 0.016146 0.023438
2 0.783073 0.582031 0.050521 0.059375
2 0.627344 0.599219 0.011979 0.039062
2 0.311458 0.575781 0.035417 0.035937
2 0.310156 0.609375 0.039062 0.035937