0 0.119531 0.771875 0.239063 0.220312
0 0.257031 0.723828 0.083854 0.100781
0 0.416927 0.800781 0.318229 0.393750
0 0.568750 0.741406 0.066667 0.114062
0 0.597917 0.606250 0.027083 0.015625
0 0.896615 0.612109 0.057813 0.024219
0 0.966406 0.601172 0.067187 0.069531
0 0.767448 0.613672 0.042188 0.017969
1 0.747656 0.503906 0.013021 0.031250
1 0.742448 0.573438 0.005729 0.010937
1 0.975000 0.498437 0.013542 0.029687
2 0.256771 0.651172 0.019792 0.044531
2 0.305469 0.672266 0.009896 0.010156
2 0.289323 0.672656 0.006771 0.009375
2 0.736719 0.532031 0.018229 0.020313
2 0.742448 0.595313 0.005729 0.014063
2 0.982552 0.538281 0.019271 0.018750