0 0.442708 0.744141 0.134375 0.180469
0 0.874740 0.814453 0.250521 0.371094
0 0.902604 0.671094 0.194792 0.143750
0 0.715365 0.723047 0.114062 0.100781
0 0.674479 0.687500 0.011458 0.012500
0 0.646875 0.707031 0.052083 0.065625
0 0.580469 0.721875 0.108854 0.123438
0 0.515104 0.698438 0.043750 0.054688
0 0.505990 0.680859 0.026562 0.013281
0 0.535677 0.680078 0.009896 0.011719
0 0.494531 0.676172 0.014063 0.010156
0 0.509896 0.668750 0.007292 0.004687
0 0.515104 0.669922 0.006250 0.002344
0 0.519792 0.669141 0.006250 0.003906
0 0.528385 0.664453 0.013021 0.016406
0 0.537760 0.670703 0.006771 0.005469
0 0.515104 0.660547 0.004167 0.007031
0 0.128906 0.696094 0.049479 0.046875
0 0.140625 0.702344 0.037500 0.043750
0 0.058333 0.696875 0.101042 0.054688
0 0.055469 0.706641 0.110937 0.057031
0 0.323698 0.683984 0.008854 0.016406
0 0.339323 0.685937 0.027604 0.018750
0 0.346875 0.682422 0.019792 0.014844
0 0.374479 0.681641 0.009375 0.011719
0 0.130208 0.542969 0.034375 0.026562
0 0.326042 0.662109 0.011458 0.010156
0 0.346875 0.669531 0.017708 0.007812
0 0.374219 0.671875 0.008854 0.007812
0 0.542448 0.667578 0.004687 0.005469
0 0.505990 0.660937 0.004687 0.004687
0 0.509115 0.660547 0.003646 0.002344
0 0.508594 0.664062 0.004687 0.004687
3 0.330469 0.681250 0.008854 0.018750
2 0.514323 0.666797 0.002604 0.003906
2 0.513021 0.624609 0.022917 0.019531
2 0.489583 0.625781 0.020833 0.015625
2 0.259375 0.417188 0.018750 0.026562
2 0.460677 0.650781 0.006771 0.007812
2 0.381771 0.687109 0.003125 0.016406