0 0.024479 0.753125 0.048958 0.209375
0 0.164583 0.580469 0.068750 0.021875
0 0.224219 0.591016 0.020313 0.013281
0 0.294271 0.587109 0.027083 0.013281
0 0.216146 0.639062 0.165625 0.168750
0 0.337500 0.595313 0.025000 0.018750
0 0.375521 0.603125 0.027083 0.026562
0 0.458594 0.635938 0.053646 0.120313
0 0.367188 0.674219 0.195833 0.235937
0 0.717708 0.685156 0.277083 0.264062
0 0.544010 0.626953 0.056771 0.082031
0 0.501302 0.584375 0.009896 0.009375
0 0.489844 0.593359 0.009896 0.014844
0 0.492969 0.599219 0.014063 0.020313
0 0.497135 0.603516 0.017188 0.027344
0 0.503646 0.609375 0.025000 0.031250
0 0.508854 0.613281 0.034375 0.042188
0 0.521615 0.586328 0.008854 0.005469
0 0.530208 0.586328 0.010417 0.005469
0 0.520312 0.579297 0.008333 0.008594
0 0.486198 0.585938 0.004687 0.009375
0 0.498177 0.574609 0.005729 0.005469
5 0.468490 0.586719 0.031771 0.071875
6 0.414844 0.559375 0.060937 0.034375
4 0.285938 0.576953 0.004167 0.008594
4 0.296615 0.576172 0.004687 0.010156
4 0.443750 0.537109 0.002083 0.010156
3 0.105469 0.582031 0.021354 0.020313
3 0.122135 0.583594 0.015104 0.015625
3 0.572396 0.631641 0.038542 0.116406
3 0.494271 0.582031 0.003125 0.009375
3 0.490625 0.577734 0.003125 0.003906
1 0.518490 0.538281 0.003646 0.012500
1 0.533854 0.538672 0.003125 0.013281
1 0.560937 0.568359 0.003125 0.013281
1 0.594010 0.578125 0.002604 0.006250
2 0.434115 0.551172 0.009896 0.014844
2 0.457031 0.534766 0.017188 0.014844
2 0.470312 0.534766 0.008333 0.014844
2 0.478125 0.541016 0.006250 0.010156
2 0.538802 0.576562 0.002604 0.007812
2 0.990365 0.586719 0.019271 0.025000
2 0.760938 0.557812 0.022917 0.020313
2 0.516667 0.581250 0.004167 0.009375