0 0.975781 0.764453 0.041146 0.038281
0 0.946875 0.754297 0.037500 0.039844
0 0.920573 0.754297 0.021354 0.025781
0 0.897656 0.748828 0.015104 0.019531
0 0.872917 0.764453 0.041667 0.049219
0 0.853646 0.748047 0.019792 0.022656
0 0.844531 0.735937 0.006771 0.009375
0 0.857552 0.728516 0.005729 0.005469
0 0.830729 0.741406 0.017708 0.021875
0 0.767448 0.733203 0.004687 0.007031
0 0.604167 0.733984 0.027083 0.017969
0 0.574219 0.743359 0.034896 0.044531
0 0.497917 0.741406 0.018750 0.045312
0 0.222656 0.746875 0.129688 0.079687
2 0.805208 0.720312 0.006250 0.009375
2 0.776563 0.709375 0.011458 0.015625