0 0.982812 0.812891 0.034375 0.141406
0 0.736979 0.740234 0.228125 0.216406
0 0.645313 0.707813 0.048958 0.068750
0 0.593750 0.696484 0.040625 0.052344
0 0.552865 0.673828 0.023438 0.021094
0 0.553385 0.706250 0.071354 0.076563
0 0.517708 0.689063 0.047917 0.067187
0 0.517188 0.670313 0.007292 0.006250
0 0.486198 0.683594 0.026562 0.032813
0 0.490625 0.666016 0.012500 0.003906
0 0.475000 0.664844 0.010417 0.004687
0 0.472656 0.671484 0.007812 0.008594
0 0.447656 0.682813 0.032813 0.023438
0 0.437240 0.721094 0.095312 0.126562
0 0.429948 0.681641 0.009896 0.021094
0 0.418490 0.657031 0.009896 0.006250
0 0.430729 0.655469 0.007292 0.006250
0 0.425521 0.652734 0.006250 0.010156
0 0.175260 0.694141 0.040104 0.041406
0 0.146615 0.694922 0.043229 0.038281
0 0.119792 0.698828 0.067708 0.042969
0 0.073177 0.692969 0.046354 0.020313
0 0.066406 0.722656 0.132812 0.101562
0 0.013281 0.696875 0.026562 0.029687
0 0.338542 0.680078 0.011458 0.027344
0 0.439323 0.653906 0.007812 0.007812
0 0.340885 0.667187 0.013021 0.012500
5 0.455208 0.650391 0.014583 0.019531
2 0.384896 0.587891 0.004167 0.007031
2 0.283073 0.359766 0.016146 0.027344