0 0.618229 0.720313 0.014583 0.020313
0 0.595052 0.714453 0.025521 0.011719
0 0.609896 0.717187 0.007292 0.012500
0 0.640885 0.721094 0.039062 0.053125
0 0.601823 0.683203 0.005729 0.002344
0 0.609115 0.683203 0.006771 0.003906
0 0.946354 0.785156 0.107292 0.171875
0 0.748177 0.766016 0.122396 0.125781
0 0.673177 0.739453 0.052604 0.063281
0 0.583594 0.747266 0.069271 0.094531
4 0.499479 0.710547 0.008333 0.032031
2 0.526042 0.711328 0.009375 0.021094
2 0.550000 0.711328 0.006250 0.014844
2 0.641406 0.497266 0.016146 0.022656