0 0.191927 0.671484 0.032813 0.050781
0 0.216927 0.663672 0.025521 0.038281
0 0.245833 0.659375 0.054167 0.054688
0 0.388021 0.647266 0.042708 0.050781
0 0.424219 0.630078 0.069271 0.036719
0 0.491406 0.635156 0.020313 0.026562
0 0.501302 0.633203 0.015104 0.024219
0 0.525521 0.630078 0.023958 0.033594
0 0.539323 0.631641 0.005729 0.022656
0 0.548177 0.632031 0.019271 0.029687
0 0.502865 0.618750 0.006771 0.009375
0 0.797656 0.627734 0.199479 0.107031
4 0.646094 0.687109 0.188021 0.530469
4 0.352083 0.646875 0.031250 0.112500
4 0.446094 0.641406 0.017188 0.104688
4 0.548177 0.638672 0.010937 0.057031
4 0.563021 0.637109 0.014583 0.057031
3 0.678125 0.681250 0.312500 0.434375
3 0.016406 0.673438 0.032813 0.115625
3 0.097917 0.674609 0.044792 0.107031
3 0.145052 0.670703 0.027604 0.066406
3 0.166667 0.667578 0.030208 0.067969
3 0.292448 0.657031 0.073438 0.100000
3 0.510677 0.630859 0.006771 0.022656
1 0.534115 0.406641 0.013021 0.044531
1 0.605729 0.400391 0.011458 0.044531
2 0.567969 0.434375 0.050521 0.018750