0 0.215625 0.648047 0.018750 0.028906
0 0.235417 0.643750 0.025000 0.025000
0 0.254167 0.631250 0.015625 0.007812
0 0.153906 0.648438 0.016146 0.021875
0 0.360417 0.636719 0.308333 0.246875
0 0.516146 0.618750 0.023958 0.034375
0 0.528906 0.620703 0.006771 0.022656
0 0.536198 0.621094 0.014063 0.029687
0 0.538021 0.623828 0.006250 0.028906
0 0.541146 0.624609 0.006250 0.030469
0 0.563542 0.624219 0.004167 0.039062
0 0.571354 0.628516 0.015625 0.049219
0 0.573438 0.632031 0.014583 0.053125
0 0.589844 0.631250 0.030729 0.060937
0 0.631250 0.629688 0.103125 0.081250
5 0.891406 0.531250 0.217188 0.487500
4 0.105729 0.654297 0.013542 0.053906
4 0.548438 0.624219 0.012500 0.060937
4 0.558073 0.625000 0.009896 0.056250
4 0.586719 0.610547 0.014063 0.036719
4 0.774740 0.614844 0.021354 0.084375
7 0.035417 0.803125 0.070833 0.306250
3 0.179167 0.706250 0.230208 0.270313
3 0.270052 0.623828 0.046354 0.052344
3 0.513802 0.622266 0.010937 0.041406
1 0.659635 0.543359 0.008854 0.024219
1 0.524740 0.395703 0.010937 0.046094
1 0.595833 0.389062 0.012500 0.045312
2 0.557812 0.423438 0.052083 0.018750