0 0.040104 0.732813 0.080208 0.267188
0 0.202604 0.650781 0.119792 0.093750
0 0.333333 0.641016 0.053125 0.055469
0 0.414062 0.644531 0.037500 0.040625
0 0.432812 0.639453 0.015625 0.027344
0 0.601562 0.671484 0.103125 0.117969
0 0.477604 0.661719 0.065625 0.084375
0 0.506510 0.639844 0.008854 0.014063
4 0.540885 0.643359 0.007812 0.030469
3 0.074740 0.649219 0.067187 0.159375
3 0.388802 0.637500 0.013021 0.040625
3 0.442448 0.637891 0.004687 0.014844
2 0.331250 0.635938 0.020833 0.073438
2 0.447135 0.633984 0.004687 0.016406