0 0.427083 0.607031 0.004167 0.006250
0 0.426823 0.613672 0.005729 0.007031
0 0.416406 0.616406 0.010937 0.014063
0 0.478906 0.612500 0.006771 0.007812
0 0.482031 0.613672 0.006771 0.010156
0 0.488281 0.617578 0.014063 0.019531
0 0.493750 0.624609 0.011458 0.033594
0 0.509115 0.625781 0.030729 0.040625
0 0.513802 0.629688 0.022396 0.042188
0 0.528906 0.631641 0.025521 0.053906
0 0.558333 0.634375 0.053125 0.067187
0 0.616927 0.647656 0.097396 0.093750
0 0.395573 0.614453 0.008854 0.016406
0 0.400781 0.617188 0.001563 0.009375
0 0.395052 0.616797 0.003646 0.013281
0 0.392448 0.617578 0.004687 0.013281
0 0.390365 0.617969 0.004687 0.014063
0 0.387760 0.618359 0.005729 0.014844
0 0.385417 0.619531 0.004167 0.015625
0 0.382031 0.619922 0.005729 0.016406
0 0.379948 0.620312 0.004687 0.017188
0 0.372656 0.620313 0.011979 0.018750
0 0.367188 0.621094 0.005208 0.020313
0 0.363281 0.621094 0.009896 0.021875
0 0.355469 0.622656 0.016146 0.023438
0 0.349479 0.624219 0.009375 0.025000
0 0.340625 0.624609 0.015625 0.028906
0 0.332812 0.626172 0.014583 0.030469
0 0.315625 0.627734 0.030208 0.033594
0 0.281771 0.631641 0.031250 0.047656
0 0.243750 0.635156 0.067708 0.056250
0 0.453646 0.642187 0.065625 0.079687
2 0.512240 0.585547 0.007812 0.010156
2 0.628906 0.553125 0.016146 0.035937
2 0.915104 0.404687 0.062500 0.078125