0 0.109896 0.783984 0.219792 0.244531
0 0.257812 0.739453 0.137500 0.150781
0 0.330208 0.733203 0.046875 0.086719
0 0.350521 0.724219 0.015625 0.040625
0 0.359896 0.717969 0.020833 0.028125
0 0.373438 0.732031 0.018750 0.045312
0 0.438281 0.757812 0.151562 0.203125
0 0.529948 0.717969 0.014063 0.028125
0 0.551302 0.731641 0.048438 0.069531
0 0.591927 0.737500 0.097396 0.071875
0 0.713281 0.751172 0.181771 0.114844
0 0.792969 0.748047 0.048438 0.067969
0 0.600260 0.677344 0.011979 0.012500
0 0.623437 0.681641 0.018750 0.013281
0 0.652865 0.685156 0.014063 0.012500
0 0.527604 0.671094 0.009375 0.009375
0 0.539844 0.669141 0.007812 0.010156
0 0.904427 0.771484 0.186979 0.114844
0 0.614583 0.679297 0.014583 0.011719
0 0.633854 0.679688 0.007292 0.006250
0 0.638542 0.682812 0.008333 0.009375
4 0.589323 0.747266 0.031771 0.157031
4 0.974740 0.755859 0.041146 0.177344
4 0.949219 0.754687 0.036979 0.173437
3 0.516146 0.739062 0.022917 0.118750
1 0.805729 0.397656 0.038542 0.146875
1 0.850521 0.398828 0.046875 0.149219
1 0.925260 0.580859 0.022396 0.072656
1 0.642448 0.681641 0.004687 0.005469
1 0.641146 0.655859 0.004167 0.010156
2 0.577604 0.608203 0.035417 0.052344
2 0.804167 0.636719 0.008333 0.025000
2 0.804427 0.665234 0.007812 0.028906
2 0.805208 0.696875 0.007292 0.029687
2 0.806510 0.723828 0.007812 0.021094
2 0.593490 0.658984 0.008854 0.013281