0 0.967969 0.780078 0.064062 0.171094
0 0.875260 0.711328 0.160938 0.191406
0 0.785677 0.733594 0.050521 0.089063
0 0.757812 0.693359 0.060417 0.046094
0 0.718229 0.737891 0.102083 0.103906
0 0.694531 0.692188 0.048438 0.042188
0 0.665625 0.713281 0.018750 0.042188
0 0.658073 0.708203 0.027604 0.041406
0 0.642708 0.708984 0.015625 0.033594
0 0.633333 0.698828 0.012500 0.016406
0 0.625260 0.703516 0.020313 0.024219
0 0.608333 0.700000 0.013542 0.018750
0 0.591146 0.698437 0.006250 0.012500
0 0.583073 0.700781 0.014063 0.018750
0 0.577083 0.705859 0.022917 0.030469
5 0.596354 0.685156 0.008333 0.018750
5 0.442188 0.676172 0.025000 0.030469
2 0.959115 0.609766 0.054688 0.028906
2 0.533854 0.696094 0.004167 0.018750