0 0.609115 0.788672 0.013021 0.014844
0 0.629167 0.788281 0.006250 0.010937
0 0.638281 0.787109 0.007812 0.011719
0 0.647917 0.822656 0.042708 0.089063
0 0.695573 0.798828 0.103646 0.050781
0 0.814062 0.775781 0.098958 0.106250
0 0.728646 0.875000 0.189583 0.212500
0 0.869271 0.866797 0.261458 0.266406
0 0.590885 0.819531 0.035937 0.085938
0 0.441146 0.862109 0.354167 0.275781
0 0.169271 0.799609 0.079167 0.042969
4 0.112240 0.800000 0.014063 0.062500
4 0.129167 0.800781 0.011458 0.048438
4 0.173437 0.808594 0.020833 0.095312
4 0.157031 0.800391 0.024479 0.064844
4 0.223958 0.794531 0.009375 0.032813
4 0.296875 0.801563 0.008333 0.026562
4 0.277865 0.798438 0.019271 0.034375
1 0.765104 0.718750 0.014583 0.046875
1 0.715885 0.749609 0.007812 0.017969
1 0.522656 0.727344 0.008854 0.014063
1 0.305469 0.658203 0.013021 0.028906
1 0.296875 0.650000 0.011458 0.032813
1 0.612760 0.639844 0.007812 0.028125
1 0.634635 0.639844 0.008854 0.028125
2 0.317188 0.789062 0.037500 0.056250
2 0.306510 0.827734 0.013021 0.019531
2 0.623698 0.657813 0.022396 0.010937