0 0.788542 0.732812 0.110417 0.095312
0 0.725781 0.723047 0.055729 0.074219
0 0.635937 0.713281 0.059375 0.070312
0 0.610677 0.695312 0.008854 0.023438
0 0.604948 0.693750 0.006771 0.021875
0 0.587500 0.689062 0.009375 0.017188
0 0.574740 0.691406 0.005729 0.010937
0 0.571094 0.691406 0.004687 0.012500
0 0.552344 0.686719 0.007812 0.004687
0 0.556510 0.700391 0.030729 0.042969
0 0.119792 0.708984 0.140625 0.074219
2 0.790625 0.623047 0.032292 0.019531
2 0.614323 0.669141 0.004687 0.007031
2 0.536458 0.685547 0.002083 0.007031
2 0.521094 0.682422 0.002604 0.011719
2 0.387500 0.680859 0.015625 0.061719