0 0.335677 0.685938 0.011979 0.006250
0 0.158594 0.732422 0.188021 0.086719
0 0.316146 0.718750 0.020833 0.039062
0 0.342187 0.724219 0.048958 0.068750
0 0.443229 0.694922 0.075000 0.035156
0 0.481250 0.696875 0.020833 0.026562
0 0.554688 0.805859 0.490625 0.388281
4 0.927344 0.737891 0.107813 0.422656
1 0.318229 0.482812 0.013542 0.053125
2 0.359635 0.668750 0.011979 0.010937
2 0.360677 0.680859 0.015104 0.011719
2 0.122135 0.727734 0.008854 0.033594
2 0.031510 0.733203 0.017188 0.061719
2 0.240104 0.698047 0.003125 0.011719
2 0.213281 0.687500 0.011979 0.017188
2 0.526562 0.564453 0.016667 0.066406