0 0.929688 0.787500 0.120833 0.096875
0 0.816406 0.798828 0.240104 0.122656
0 0.686979 0.703125 0.011458 0.012500
0 0.671875 0.702344 0.009375 0.009375
0 0.619531 0.695703 0.007812 0.008594
0 0.627083 0.711719 0.012500 0.015625
0 0.619531 0.707031 0.008854 0.014063
0 0.586198 0.702734 0.006771 0.010156
0 0.579688 0.707422 0.011458 0.013281
0 0.574740 0.714844 0.014063 0.017188
0 0.357552 0.761328 0.088021 0.071094
0 0.130469 0.807813 0.260937 0.281250
5 0.605990 0.703906 0.019271 0.039062
4 0.737500 0.707031 0.004167 0.015625
1 0.934896 0.693750 0.011458 0.026562
1 0.854688 0.541406 0.011458 0.046875
1 0.810156 0.544141 0.011979 0.046094
1 0.178646 0.655469 0.012500 0.034375
2 0.892708 0.663281 0.053125 0.039062
2 0.791927 0.721875 0.002604 0.010937
2 0.764063 0.712891 0.002083 0.007031