0 0.263021 0.716797 0.093750 0.083594
0 0.352604 0.710547 0.055208 0.055469
0 0.392448 0.699609 0.025521 0.024219
0 0.413802 0.708594 0.034896 0.037500
0 0.517969 0.741406 0.133854 0.189062
0 0.676042 0.738672 0.079167 0.077344
0 0.821875 0.750781 0.105208 0.093750
0 0.979948 0.769531 0.040104 0.087500
0 0.675000 0.684375 0.007292 0.020313
3 0.230208 0.690234 0.025000 0.046094
3 0.450260 0.710156 0.023438 0.081250
2 0.304167 0.679688 0.016667 0.050000
2 0.953646 0.651172 0.029167 0.061719
2 0.757812 0.675391 0.013542 0.027344
2 0.641927 0.716016 0.004687 0.013281
2 0.599740 0.714062 0.003646 0.012500
2 0.624219 0.689844 0.005729 0.012500