0 0.738281 0.839844 0.279687 0.320312
0 0.508073 0.738281 0.053646 0.076563
0 0.537240 0.727344 0.026562 0.053125
0 0.542448 0.719531 0.023438 0.040625
0 0.509375 0.694531 0.015625 0.010937
0 0.516927 0.691406 0.016146 0.017188
0 0.358333 0.670703 0.006250 0.005469
0 0.364583 0.679297 0.005208 0.007031
0 0.385937 0.691406 0.004167 0.003125
0 0.372917 0.689844 0.010417 0.004687
0 0.102865 0.728125 0.205729 0.170313
0 0.179948 0.689453 0.030729 0.022656
0 0.202344 0.692188 0.030729 0.018750
0 0.211198 0.693750 0.040104 0.015625
0 0.237760 0.691797 0.021354 0.019531
0 0.247917 0.683594 0.014583 0.006250
0 0.253385 0.693359 0.025521 0.016406
0 0.268229 0.694922 0.031250 0.013281
0 0.283073 0.693359 0.013021 0.016406
0 0.282292 0.685156 0.015625 0.006250
0 0.317188 0.688281 0.011458 0.003125
0 0.322396 0.688281 0.010417 0.004687
0 0.318229 0.695312 0.016667 0.012500
0 0.329167 0.696094 0.008333 0.009375
0 0.342708 0.691797 0.017708 0.007031
0 0.349479 0.695312 0.014583 0.007812
0 0.337240 0.708984 0.022396 0.027344
0 0.354427 0.716016 0.031771 0.033594
0 0.357292 0.691016 0.011458 0.005469
0 0.373177 0.707031 0.019271 0.023438
0 0.382031 0.701953 0.006771 0.014844
0 0.373177 0.694141 0.009896 0.003906
0 0.361458 0.695703 0.011458 0.007031
0 0.334375 0.692969 0.003125 0.003125
0 0.283333 0.640234 0.012500 0.005469
5 0.515625 0.676953 0.021875 0.033594
3 0.359115 0.679688 0.002604 0.009375
2 0.479167 0.666797 0.003125 0.008594
2 0.483073 0.663281 0.004687 0.007812
2 0.490625 0.652734 0.010417 0.007031
2 0.490365 0.661328 0.002604 0.007031
2 0.497656 0.659766 0.003646 0.005469
2 0.515885 0.658203 0.002604 0.003906
2 0.523958 0.657813 0.002083 0.004687
2 0.532031 0.657422 0.002604 0.003906
2 0.506771 0.658203 0.001042 0.003906
2 0.390365 0.666016 0.010937 0.039844
2 0.426823 0.684375 0.002604 0.012500
2 0.436979 0.685156 0.002083 0.010937
2 0.445312 0.685156 0.002083 0.009375
2 0.450521 0.684375 0.002083 0.009375
2 0.455469 0.683594 0.001563 0.007812
2 0.412500 0.683594 0.002083 0.014063