0 0.941406 0.747266 0.052604 0.039844
0 0.856250 0.738672 0.131250 0.096094
0 0.791406 0.723047 0.018229 0.017969
0 0.645833 0.725391 0.077083 0.086719
0 0.626302 0.707031 0.040104 0.043750
0 0.610156 0.688281 0.009896 0.010937
0 0.603906 0.686719 0.008854 0.010937
0 0.589583 0.695312 0.017708 0.021875
0 0.583333 0.691016 0.008333 0.014844
0 0.579688 0.687891 0.008333 0.013281
0 0.567187 0.689844 0.009375 0.012500
0 0.552865 0.692578 0.010937 0.010156
0 0.553385 0.711328 0.043229 0.057031
0 0.401302 0.698438 0.025521 0.023438
0 0.685156 0.692969 0.035937 0.065625
2 0.789844 0.675000 0.016146 0.029687
2 0.783333 0.701953 0.003125 0.010156
2 0.714323 0.691016 0.001563 0.007031
2 0.533854 0.686328 0.002083 0.008594
2 0.516927 0.687109 0.003646 0.013281
2 0.471354 0.689063 0.005208 0.023438