0 0.461719 0.626953 0.066146 0.080469
0 0.419010 0.605859 0.041146 0.049219
0 0.032031 0.608984 0.064062 0.058594
0 0.136719 0.615234 0.069271 0.050781
0 0.165104 0.606641 0.011458 0.019531
0 0.182552 0.609766 0.030729 0.030469
0 0.199219 0.608594 0.017188 0.025000
0 0.239844 0.606250 0.018229 0.018750
0 0.277604 0.606250 0.014583 0.015625
0 0.295833 0.604297 0.010417 0.011719
0 0.284375 0.603906 0.005208 0.010937
0 0.289583 0.602344 0.004167 0.007812
0 0.341667 0.310547 0.071875 0.024219
0 0.443229 0.336719 0.038542 0.012500
4 0.548438 0.339062 0.011458 0.045312
4 0.147917 0.260547 0.012500 0.021094
3 0.212760 0.611328 0.014063 0.044531
2 0.422917 0.567578 0.005208 0.007031
2 0.261198 0.578516 0.043229 0.064844