0 0.924740 0.839844 0.150521 0.276562
0 0.826042 0.797266 0.173958 0.155469
0 0.720573 0.769531 0.114062 0.115625
0 0.665625 0.750391 0.089583 0.092969
0 0.616927 0.738672 0.066146 0.074219
0 0.576563 0.732422 0.041667 0.058594
0 0.552865 0.726172 0.039062 0.050781
0 0.530469 0.720703 0.032813 0.042969
0 0.514062 0.715625 0.020833 0.035937
0 0.481510 0.710547 0.018229 0.035156
0 0.473177 0.700000 0.013021 0.015625
0 0.453385 0.694922 0.015104 0.013281
0 0.452083 0.717578 0.041667 0.052344
0 0.413021 0.701172 0.026042 0.038281
0 0.397656 0.696875 0.010937 0.026562
0 0.360677 0.721875 0.067187 0.078125
0 0.150000 0.776953 0.300000 0.257031
0 0.434896 0.700000 0.018750 0.026562
6 0.382292 0.672266 0.029167 0.025781
4 0.772917 0.723828 0.014583 0.033594
3 0.491406 0.712109 0.017188 0.039844
3 0.389062 0.704688 0.012500 0.053125
3 0.332031 0.684766 0.007812 0.022656
3 0.355990 0.678906 0.006771 0.009375
2 0.674479 0.641016 0.015625 0.022656
2 0.674219 0.664062 0.015104 0.023438
2 0.363281 0.663672 0.003646 0.010156