0 0.138021 0.773438 0.276042 0.453125
0 0.305729 0.676562 0.195833 0.218750
0 0.410417 0.653125 0.068750 0.126562
0 0.446354 0.641016 0.054167 0.092969
0 0.476562 0.631250 0.037500 0.065625
0 0.495573 0.611328 0.010937 0.016406
0 0.534375 0.610938 0.018750 0.012500
0 0.495312 0.602344 0.014583 0.006250
0 0.524219 0.607422 0.005729 0.005469
0 0.542708 0.610547 0.006250 0.013281
0 0.533854 0.648438 0.088542 0.117188
0 0.581250 0.632812 0.036458 0.070312
0 0.550781 0.587500 0.017188 0.009375
0 0.597656 0.602344 0.016146 0.010937
0 0.598437 0.608203 0.013542 0.014844
0 0.601042 0.614062 0.013542 0.025000
0 0.608854 0.620703 0.018750 0.039844
0 0.619010 0.625000 0.015104 0.048438
0 0.631771 0.626953 0.026042 0.057031
0 0.661458 0.630078 0.059375 0.072656
0 0.693229 0.637891 0.095833 0.094531
4 0.748177 0.614844 0.024479 0.104688
4 0.776042 0.614063 0.019792 0.104688
2 0.611198 0.583984 0.006771 0.010156
2 0.639583 0.569531 0.007292 0.015625
2 0.650260 0.560547 0.013021 0.016406