0 0.813802 0.843750 0.372396 0.310937
0 0.403646 0.764062 0.173958 0.195312
0 0.480990 0.724219 0.036979 0.062500
0 0.295312 0.712891 0.092708 0.060156
0 0.250521 0.709375 0.022917 0.057813
0 0.199479 0.712500 0.091667 0.121875
0 0.151823 0.712500 0.090104 0.103125
0 0.101302 0.686328 0.202604 0.627344
4 0.710938 0.732813 0.027083 0.053125
4 0.679948 0.728906 0.017188 0.053125
4 0.691927 0.716797 0.005729 0.008594
4 0.591406 0.705078 0.014063 0.039844
4 0.575521 0.729297 0.011458 0.067969
4 0.492969 0.719531 0.017188 0.076563
4 0.485677 0.700781 0.009896 0.023438
4 0.471615 0.690625 0.007812 0.018750
4 0.466927 0.687891 0.007812 0.014844
4 0.479167 0.689063 0.008333 0.031250
4 0.341927 0.687891 0.013021 0.025781
4 0.329167 0.685547 0.012500 0.028906
3 0.297917 0.725781 0.052083 0.121875
2 0.565885 0.638672 0.022396 0.024219