0 0.598177 0.775781 0.036979 0.068750
0 0.573698 0.753125 0.011979 0.017188
0 0.567708 0.756641 0.016667 0.022656
0 0.560417 0.749609 0.009375 0.011719
0 0.548437 0.751953 0.020833 0.016406
0 0.541927 0.765625 0.033854 0.042188
0 0.581771 0.711328 0.012500 0.007031
0 0.617708 0.714844 0.013542 0.007812
0 0.668490 0.719531 0.017188 0.009375
0 0.685417 0.721484 0.012500 0.008594
3 0.763802 0.805859 0.083854 0.246094
3 0.621615 0.784766 0.033854 0.114844
2 0.822396 0.719531 0.006250 0.021875
2 0.732292 0.729297 0.003125 0.014844
2 0.686719 0.733594 0.002604 0.010937
2 0.660938 0.736328 0.002083 0.008594
2 0.636198 0.739844 0.001563 0.006250
2 0.187760 0.689844 0.008854 0.037500
2 0.355469 0.715234 0.003646 0.021094
2 0.375521 0.703516 0.005208 0.025781
2 0.419010 0.725781 0.002604 0.014063
2 0.441667 0.717187 0.003125 0.017188
2 0.451302 0.728125 0.001563 0.007812
2 0.472396 0.725781 0.002083 0.012500
2 0.484635 0.733594 0.001563 0.006250
2 0.489844 0.730469 0.001563 0.009375
2 0.500781 0.733594 0.001563 0.007812
2 0.510677 0.736719 0.001563 0.006250
2 0.490885 0.700781 0.006771 0.006250
2 0.569271 0.740625 0.002083 0.004687
2 0.578125 0.740234 0.002083 0.003906