0 0.070312 0.896094 0.138542 0.207813
0 0.015365 0.694922 0.030729 0.050781
0 0.049479 0.694141 0.029167 0.027344
0 0.083333 0.696094 0.026042 0.026562
0 0.090365 0.687891 0.013021 0.011719
0 0.211198 0.805859 0.330729 0.313281
0 0.359635 0.705469 0.015104 0.020313
0 0.375521 0.700781 0.004167 0.009375
0 0.475781 0.828516 0.296354 0.342969
0 0.440365 0.712500 0.025521 0.026562
0 0.646354 0.753906 0.109375 0.089063
0 0.830208 0.825781 0.339583 0.348438
0 0.966406 0.771094 0.067187 0.078125
0 0.756250 0.766406 0.040625 0.075000
4 0.066667 0.694922 0.010417 0.035156
3 0.323698 0.698828 0.034896 0.097656
3 0.386458 0.705859 0.022917 0.063281
3 0.369271 0.704297 0.010417 0.025781
3 0.530208 0.719141 0.012500 0.035156
3 0.543229 0.719531 0.038542 0.046875
3 0.721094 0.751953 0.057813 0.113281
3 0.809375 0.758594 0.033333 0.087500
3 0.826823 0.732422 0.010937 0.022656
3 0.596094 0.710938 0.014063 0.015625
3 0.485156 0.712500 0.025521 0.046875
3 0.508854 0.715625 0.022917 0.050000
1 0.736198 0.682812 0.005729 0.017188
1 0.750521 0.548828 0.015625 0.041406
1 0.496094 0.649219 0.003646 0.014063
1 0.520573 0.648828 0.003646 0.013281
1 0.543490 0.650781 0.003646 0.015625
1 0.566927 0.650781 0.003646 0.015625
2 0.667969 0.694531 0.007812 0.014063
2 0.667708 0.683203 0.006250 0.005469