0 0.943490 0.842578 0.113021 0.092969
0 0.820052 0.837500 0.105729 0.104688
0 0.769531 0.813281 0.050521 0.062500
0 0.737760 0.816406 0.028646 0.043750
0 0.666146 0.814063 0.040625 0.042188
0 0.630208 0.803516 0.010417 0.014844
0 0.624219 0.796094 0.007812 0.020313
0 0.601823 0.801953 0.010937 0.013281
0 0.588802 0.796875 0.005729 0.009375
0 0.554167 0.845703 0.098958 0.127344
0 0.555208 0.803125 0.022917 0.017188
0 0.472396 0.827734 0.069792 0.086719
4 0.079688 0.816797 0.021875 0.063281
4 0.120313 0.832031 0.025000 0.090625
4 0.100781 0.829297 0.018229 0.096094
3 0.334115 0.826563 0.027604 0.092188
3 0.614062 0.804688 0.009375 0.023438
1 0.591146 0.764062 0.002083 0.009375
1 0.533333 0.744922 0.002083 0.008594
2 0.706771 0.780078 0.005208 0.011719