0 0.153646 0.801953 0.307292 0.396094
0 0.402604 0.735937 0.140625 0.126562
0 0.986719 0.777344 0.026562 0.059375
0 0.707552 0.721094 0.005729 0.012500
0 0.646875 0.720313 0.044792 0.073438
0 0.592187 0.717578 0.022917 0.033594
0 0.605469 0.718750 0.010937 0.020313
0 0.509115 0.700000 0.010937 0.009375
0 0.488542 0.710156 0.055208 0.043750
0 0.463542 0.698047 0.026042 0.028906
5 0.689323 0.713281 0.018229 0.025000
4 0.973958 0.755078 0.015625 0.033594
4 0.964583 0.755469 0.009375 0.034375
4 0.889583 0.757812 0.020833 0.065625
4 0.868750 0.741406 0.010417 0.026562
4 0.876563 0.744141 0.008333 0.036719
4 0.619792 0.715234 0.009375 0.047656
4 0.616667 0.714062 0.010417 0.043750
3 0.297917 0.704688 0.032292 0.092188
3 0.284896 0.677344 0.028125 0.073438
3 0.334896 0.702344 0.028125 0.071875
3 0.354427 0.687500 0.018229 0.032813
3 0.321615 0.700781 0.011979 0.059375
1 0.476823 0.673047 0.004687 0.019531
1 0.477083 0.588672 0.010417 0.044531
1 0.208854 0.498828 0.009375 0.035156
1 0.264323 0.501953 0.009896 0.033594
2 0.963542 0.723047 0.007292 0.011719
2 0.867448 0.715234 0.011979 0.008594
2 0.827344 0.734766 0.004687 0.008594
2 0.737500 0.725781 0.004167 0.009375
2 0.728646 0.682812 0.036458 0.032813
2 0.699219 0.693359 0.003646 0.017969
2 0.629948 0.673438 0.005729 0.020313
2 0.140885 0.655469 0.005729 0.010937
2 0.134375 0.653516 0.007292 0.007031