0 0.870313 0.647266 0.119792 0.086719
0 0.645313 0.654297 0.112500 0.116406
0 0.587760 0.619141 0.021354 0.025781
0 0.569792 0.620703 0.013542 0.014844
0 0.522917 0.628516 0.057292 0.063281
0 0.415625 0.618359 0.011458 0.005469
0 0.347396 0.634766 0.046875 0.035156
0 0.309896 0.630078 0.032292 0.016406
0 0.038281 0.657813 0.076563 0.067187
0 0.241146 0.391016 0.033333 0.008594
4 0.865365 0.320312 0.024479 0.045312
3 0.559896 0.618750 0.005208 0.017188
3 0.254427 0.633203 0.018229 0.025781
2 0.232552 0.596875 0.016146 0.067187
2 0.455208 0.600781 0.004167 0.020313