0 0.654167 0.688672 0.051042 0.067969
0 0.674479 0.665625 0.029167 0.017188
0 0.715104 0.709766 0.086458 0.128906
0 0.464323 0.689844 0.102604 0.093750
4 0.126562 0.678906 0.045833 0.215625
4 0.173177 0.681250 0.045312 0.193750
4 0.262500 0.675000 0.029167 0.162500
4 0.313802 0.690234 0.040104 0.155469
4 0.475521 0.635547 0.012500 0.014844
4 0.515885 0.671094 0.011979 0.045312
4 0.528385 0.669141 0.013021 0.053906
4 0.570833 0.655859 0.007292 0.019531
4 0.561979 0.656250 0.003125 0.017188
4 0.598438 0.674219 0.010417 0.048438
4 0.782031 0.748047 0.140104 0.503906
4 0.936979 0.652344 0.017708 0.042188
4 0.990625 0.657812 0.018750 0.056250
3 0.628646 0.673047 0.010417 0.041406
3 0.636458 0.660156 0.006250 0.014063
2 0.583854 0.641016 0.007292 0.017969