0 0.832812 0.780859 0.239583 0.224219
0 0.694531 0.712500 0.006771 0.021875
0 0.683333 0.713672 0.025000 0.025781
0 0.664583 0.705859 0.010417 0.010156
0 0.654427 0.708984 0.010937 0.014844
0 0.638021 0.711328 0.021875 0.024219
0 0.611198 0.706641 0.007812 0.014844
0 0.599740 0.719141 0.031771 0.039844
0 0.580729 0.711328 0.015625 0.022656
0 0.052083 0.694141 0.104167 0.100781
6 0.714583 0.699609 0.031250 0.041406
6 0.693490 0.694922 0.007812 0.021094
4 0.927344 0.720312 0.016146 0.048438
3 0.569531 0.705469 0.004687 0.018750
2 0.710156 0.715234 0.008854 0.019531
2 0.697396 0.653125 0.013542 0.020313
2 0.483594 0.664844 0.005729 0.025000
2 0.375260 0.698437 0.013021 0.048438
2 0.074479 0.462891 0.072917 0.133594