0 0.726302 0.736719 0.082812 0.071875
0 0.602865 0.720312 0.050521 0.064062
0 0.577083 0.705469 0.009375 0.014063
0 0.545312 0.743750 0.082292 0.109375
0 0.541927 0.708203 0.014063 0.013281
0 0.516927 0.721875 0.024479 0.045312
0 0.506250 0.713672 0.020833 0.030469
0 0.492969 0.711328 0.016146 0.022656
0 0.484635 0.708594 0.008854 0.015625
0 0.477604 0.708984 0.007292 0.017969
0 0.130469 0.719141 0.094271 0.057031
2 0.737240 0.706250 0.004687 0.017188
2 0.633854 0.703516 0.003125 0.011719
2 0.472135 0.703906 0.003646 0.014063
2 0.409635 0.705078 0.007812 0.033594