0 0.954948 0.783984 0.090104 0.146094
0 0.890365 0.772266 0.077604 0.096094
0 0.809115 0.765625 0.120313 0.101562
0 0.744531 0.749609 0.015104 0.057031
0 0.726823 0.744922 0.036979 0.050781
0 0.707552 0.740234 0.024479 0.044531
0 0.680469 0.742578 0.038021 0.058594
0 0.630208 0.754297 0.096875 0.105469
0 0.627604 0.719141 0.022917 0.008594
0 0.580729 0.734766 0.040625 0.060156
0 0.550260 0.723437 0.024479 0.031250
0 0.540365 0.717969 0.017188 0.025000
0 0.518490 0.714063 0.009896 0.014063
0 0.505729 0.711328 0.008333 0.017969
0 0.487240 0.720312 0.038021 0.056250
0 0.474479 0.718359 0.021875 0.032031
0 0.464062 0.705469 0.012500 0.026562
0 0.125781 0.707812 0.058854 0.056250
0 0.272917 0.721484 0.057292 0.094531
0 0.512240 0.713672 0.004687 0.013281
4 0.759896 0.723437 0.018750 0.054688
4 0.727865 0.742188 0.022396 0.098437
4 0.565625 0.714844 0.005208 0.015625
4 0.870833 0.716406 0.015625 0.017188
3 0.829688 0.801953 0.116667 0.266406
3 0.552604 0.723437 0.011458 0.040625
3 0.525000 0.714062 0.005208 0.017188
1 0.444010 0.657422 0.005729 0.024219
2 0.555729 0.691797 0.014583 0.010156
2 0.553646 0.701562 0.015625 0.009375
2 0.851302 0.671094 0.015104 0.021875
2 0.853125 0.694531 0.014583 0.021875
2 0.437500 0.703125 0.004167 0.020313
2 0.446354 0.706250 0.003125 0.012500
2 0.555729 0.691797 0.014583 0.010156