0 0.039323 0.707031 0.078646 0.114062
0 0.942188 0.792188 0.115625 0.164062
0 0.881250 0.762500 0.156250 0.126562
0 0.698177 0.725391 0.045312 0.053906
0 0.562240 0.705859 0.038021 0.049219
0 0.640365 0.716797 0.036979 0.046094
0 0.591146 0.707813 0.013542 0.018750
0 0.583073 0.708984 0.003646 0.011719
0 0.631771 0.709766 0.033333 0.042969
0 0.671354 0.718359 0.028125 0.041406
0 0.615104 0.707812 0.012500 0.025000
0 0.607292 0.710547 0.007292 0.017969
0 0.607552 0.704297 0.019271 0.025781
0 0.110937 0.704297 0.065625 0.063281
0 0.378646 0.698047 0.029167 0.036719
0 0.356250 0.696875 0.026042 0.034375
0 0.428906 0.700000 0.007812 0.021875
0 0.443750 0.701172 0.015625 0.016406
0 0.413542 0.699219 0.008333 0.021875
4 0.726562 0.726562 0.022917 0.070312
2 0.778906 0.682422 0.027604 0.016406
2 0.478125 0.696875 0.008333 0.035937
2 0.524219 0.696094 0.002604 0.014063
2 0.537500 0.699219 0.002083 0.009375
2 0.544531 0.702344 0.001563 0.006250