0 0.122656 0.788672 0.074479 0.049219
0 0.251563 0.786328 0.046875 0.038281
0 0.320573 0.789453 0.038021 0.032031
0 0.338802 0.787500 0.007812 0.023438
0 0.391667 0.786719 0.015625 0.014063
0 0.429688 0.787500 0.011458 0.012500
0 0.427865 0.785938 0.013021 0.010937
0 0.496875 0.809375 0.062500 0.093750
0 0.737760 0.807812 0.057813 0.048438
0 0.882552 0.880859 0.234896 0.238281
0 0.679427 0.837109 0.107813 0.119531
0 0.648438 0.816406 0.063542 0.084375
0 0.608333 0.817188 0.042708 0.068750
0 0.589844 0.809766 0.022396 0.052344
0 0.580729 0.804688 0.030208 0.046875
0 0.563542 0.801953 0.018750 0.035156
0 0.556510 0.800781 0.009896 0.032813
0 0.548698 0.797656 0.014063 0.026562
0 0.523438 0.789453 0.003125 0.005469
0 0.526042 0.791406 0.005208 0.010937
0 0.529687 0.793359 0.004167 0.014844
0 0.538021 0.793750 0.011458 0.018750
0 0.533594 0.791797 0.003646 0.011719
0 0.532031 0.793750 0.003646 0.015625
2 0.439323 0.757031 0.007812 0.012500