0 0.621615 0.655078 0.007812 0.011719
0 0.606510 0.643359 0.010937 0.010156
0 0.603906 0.656641 0.011979 0.021094
0 0.595313 0.662891 0.019792 0.039844
0 0.544271 0.650391 0.006250 0.008594
0 0.539323 0.655469 0.010937 0.018750
0 0.406771 0.661719 0.061458 0.060937
0 0.470052 0.648438 0.022396 0.020313
0 0.637500 0.658203 0.005208 0.014844
0 0.639062 0.658203 0.004167 0.017969
0 0.644271 0.657422 0.013542 0.014844
0 0.647917 0.661328 0.009375 0.019531
0 0.714063 0.663672 0.018750 0.024219
0 0.723698 0.669922 0.029687 0.039844
0 0.923958 0.750781 0.152083 0.204687
0 0.977344 0.822266 0.045312 0.164844
0 0.828385 0.760937 0.264062 0.262500
0 0.675260 0.686328 0.076563 0.085156
0 0.567969 0.672656 0.056771 0.071875
0 0.462760 0.709766 0.183854 0.196094
0 0.328385 0.669922 0.078646 0.067969
0 0.158073 0.683203 0.151562 0.107031
0 0.032031 0.691406 0.064062 0.139063
3 0.627865 0.663672 0.014063 0.038281
3 0.613281 0.669141 0.016146 0.058594
1 0.753646 0.608984 0.012500 0.019531