0 0.844531 0.860938 0.310937 0.278125
0 0.664844 0.810938 0.106771 0.131250
0 0.588542 0.783203 0.046875 0.060156
0 0.565625 0.780078 0.014583 0.050781
0 0.559115 0.776562 0.014063 0.043750
0 0.559896 0.772656 0.019792 0.039062
0 0.554688 0.770703 0.016667 0.036719
0 0.547396 0.767969 0.016667 0.032813
0 0.540885 0.763672 0.005729 0.024219
0 0.538802 0.763281 0.005729 0.025000
0 0.537240 0.763672 0.004687 0.021094
0 0.535156 0.761719 0.005729 0.017188
0 0.534635 0.760937 0.005729 0.017188
0 0.531771 0.751953 0.007292 0.013281
0 0.526823 0.751953 0.003646 0.008594
0 0.522135 0.754687 0.007812 0.012500
0 0.510937 0.767188 0.027083 0.039062
0 0.496615 0.765234 0.007812 0.025781
0 0.486979 0.762500 0.015625 0.023438
0 0.479427 0.761719 0.005729 0.018750
0 0.494792 0.753516 0.005208 0.005469
0 0.476302 0.760547 0.006771 0.017969
0 0.469531 0.760547 0.010937 0.017969
0 0.429427 0.757422 0.002604 0.010156
0 0.426823 0.758203 0.003646 0.010156
0 0.424479 0.758203 0.004167 0.010156
0 0.421354 0.758594 0.006250 0.010937
0 0.418750 0.759766 0.004167 0.010156
0 0.414323 0.760156 0.007812 0.010937
0 0.410417 0.761328 0.005208 0.011719
0 0.403385 0.759766 0.004687 0.008594
0 0.400781 0.762109 0.004687 0.011719
0 0.394271 0.762109 0.012500 0.013281
0 0.380208 0.766016 0.019792 0.019531
0 0.357031 0.766016 0.009896 0.014844
0 0.345573 0.767578 0.018229 0.017969
0 0.331250 0.766016 0.013542 0.014844
0 0.291406 0.800391 0.107813 0.099219
0 0.241406 0.776953 0.024479 0.028906
0 0.180990 0.785156 0.061979 0.048438
0 0.119792 0.786719 0.059375 0.043750
0 0.040365 0.796094 0.080729 0.054688
3 0.461979 0.759766 0.007292 0.027344
2 0.516146 0.678516 0.045833 0.025781
2 0.476823 0.680078 0.029687 0.022656
2 0.482552 0.737109 0.003646 0.005469
2 0.364323 0.759766 0.003646 0.014844
2 0.432292 0.755469 0.002083 0.009375