0 0.310677 0.641406 0.208854 0.178125
0 0.501302 0.594141 0.033854 0.038281
0 0.231250 0.618750 0.129167 0.117188
0 0.565885 0.593750 0.032813 0.037500
0 0.535156 0.582813 0.014063 0.026562
0 0.550521 0.589063 0.011458 0.021875
0 0.515885 0.589063 0.007812 0.021875
0 0.484635 0.587109 0.010937 0.014844
0 0.478646 0.585547 0.007292 0.011719
0 0.521875 0.588672 0.011458 0.019531
0 0.527083 0.587109 0.004167 0.014844
0 0.542708 0.585938 0.004167 0.012500
0 0.496875 0.576562 0.009375 0.015625
0 0.480208 0.575781 0.006250 0.006250
3 0.456771 0.592969 0.013542 0.045312
3 0.614323 0.595313 0.016146 0.053125
3 0.647396 0.603125 0.031250 0.101562
1 0.828906 0.426172 0.009896 0.042969
1 0.900521 0.509766 0.011458 0.044531
2 0.959896 0.592969 0.017708 0.023438
2 0.961198 0.380469 0.077604 0.093750
2 0.882812 0.461719 0.053125 0.035937
2 0.888021 0.499609 0.063542 0.042969
2 0.964583 0.537500 0.018750 0.017188
2 0.693750 0.583594 0.003125 0.010937
2 0.752344 0.583203 0.003646 0.014844