0 0.664844 0.795703 0.435937 0.408594
0 0.483073 0.686328 0.043229 0.097656
0 0.478125 0.672656 0.017708 0.035937
0 0.475000 0.671094 0.011458 0.021875
0 0.458073 0.664062 0.008854 0.012500
0 0.471354 0.663672 0.006250 0.010156
0 0.463021 0.663672 0.004167 0.011719
0 0.431510 0.664844 0.007812 0.014063
0 0.423698 0.666016 0.014063 0.017969
0 0.416927 0.664844 0.004687 0.012500
0 0.405990 0.667578 0.018229 0.025781
0 0.387240 0.673828 0.031771 0.033594
0 0.357813 0.671484 0.016667 0.025781
0 0.339583 0.676953 0.031250 0.050781
0 0.304167 0.678125 0.071875 0.071875
0 0.262500 0.680859 0.037500 0.044531
4 0.179948 0.677344 0.009896 0.039062
1 0.444792 0.623437 0.002083 0.009375
2 0.436979 0.656641 0.003125 0.003906
2 0.436719 0.662109 0.001563 0.005469
2 0.443750 0.663672 0.001042 0.005469