0 0.097656 0.716797 0.195312 0.310156
0 0.261979 0.681250 0.180208 0.184375
0 0.432292 0.648438 0.065625 0.084375
0 0.458073 0.624609 0.017188 0.035156
0 0.465365 0.623047 0.013021 0.030469
0 0.469271 0.613672 0.013542 0.013281
0 0.511979 0.616797 0.015625 0.014844
0 0.506510 0.655469 0.085938 0.115625
0 0.551302 0.636719 0.036979 0.070312
0 0.561719 0.609766 0.008854 0.007031
0 0.564063 0.613281 0.007292 0.012500
0 0.569010 0.623828 0.009896 0.035156
0 0.590104 0.618750 0.037500 0.059375
0 0.584375 0.629687 0.013542 0.054688
0 0.609896 0.630078 0.047917 0.067969
0 0.643490 0.644141 0.058854 0.099219
0 0.700260 0.657031 0.111979 0.137500
0 0.812760 0.689063 0.220312 0.209375
0 0.913802 0.735547 0.172396 0.341406
4 0.388021 0.652344 0.031250 0.132812
4 0.591667 0.566797 0.007292 0.013281
2 0.276042 0.507812 0.026042 0.037500
2 0.347917 0.549219 0.015625 0.045312