0 0.823438 0.816797 0.353125 0.339844
0 0.714323 0.706641 0.101562 0.071094
0 0.576302 0.726172 0.120313 0.119531
0 0.569271 0.685547 0.028125 0.013281
0 0.511458 0.701172 0.055208 0.075781
0 0.482292 0.692188 0.026042 0.042188
0 0.474740 0.678516 0.026562 0.028906
0 0.399479 0.690234 0.047917 0.033594
0 0.401563 0.758984 0.161458 0.208594
0 0.186979 0.691016 0.021875 0.032031
0 0.182292 0.689844 0.019792 0.031250
0 0.175000 0.683594 0.020833 0.015625
0 0.151823 0.693359 0.048438 0.032031
0 0.091146 0.712109 0.091667 0.075781
0 0.031510 0.714453 0.063021 0.092969
5 0.463542 0.667578 0.013542 0.022656
4 0.078385 0.613672 0.005729 0.024219
2 0.461458 0.649219 0.008333 0.010937
2 0.471354 0.648828 0.010417 0.010156