0 0.009115 0.691016 0.018229 0.028906
0 0.066146 0.692578 0.077083 0.030469
0 0.157031 0.699609 0.154688 0.044531
0 0.250000 0.714453 0.065625 0.067969
0 0.134375 0.776172 0.268750 0.228906
0 0.283854 0.698047 0.011458 0.011719
0 0.307031 0.698047 0.013021 0.010156
0 0.321354 0.698828 0.014583 0.011719
0 0.343750 0.699219 0.012500 0.010937
0 0.398177 0.703125 0.011979 0.017188
0 0.422656 0.698828 0.041146 0.027344
0 0.500000 0.708203 0.022917 0.027344
0 0.519271 0.712500 0.014583 0.032813
0 0.664323 0.721484 0.045312 0.058594
0 0.788542 0.730078 0.050000 0.027344
0 0.835417 0.720703 0.044792 0.027344
0 0.627083 0.751953 0.096875 0.117969
0 0.504167 0.801172 0.201042 0.271094
0 0.386458 0.745703 0.107292 0.135156
0 0.017708 0.726172 0.035417 0.052344
3 0.355990 0.700000 0.018229 0.029687
3 0.608333 0.750000 0.048958 0.153125
1 0.563802 0.606250 0.005729 0.021875
2 0.608854 0.677344 0.038542 0.028125
2 0.642188 0.674609 0.028125 0.016406