0 0.700781 0.640234 0.067187 0.074219
0 0.591927 0.656250 0.107813 0.126562
0 0.542708 0.619531 0.011458 0.012500
0 0.539323 0.613672 0.009896 0.011719
0 0.530990 0.615625 0.011979 0.017188
0 0.506771 0.628906 0.051042 0.051562
0 0.482292 0.620703 0.014583 0.016406
0 0.478646 0.614453 0.019792 0.024219
0 0.461198 0.615625 0.026562 0.028125
0 0.384896 0.638672 0.121875 0.100781
0 0.290885 0.632031 0.114062 0.062500
0 0.211719 0.629297 0.081771 0.030469
0 0.122135 0.632812 0.102604 0.032813
0 0.024479 0.635156 0.048958 0.034375
3 0.660938 0.623437 0.007292 0.025000
2 0.782292 0.612500 0.004167 0.017188
2 0.746615 0.619922 0.002604 0.010156
2 0.689583 0.581250 0.008333 0.004687