0 0.016667 0.690234 0.033333 0.071094
0 0.065365 0.696875 0.076563 0.085938
0 0.122135 0.703125 0.044271 0.057813
0 0.182031 0.704688 0.029687 0.039062
0 0.209375 0.714844 0.066667 0.068750
0 0.226042 0.726172 0.066667 0.082031
0 0.264063 0.718359 0.025000 0.058594
0 0.294010 0.721094 0.051562 0.076563
0 0.359375 0.767188 0.156250 0.185938
0 0.440365 0.739062 0.038021 0.071875
0 0.531510 0.765625 0.096354 0.134375
0 0.583073 0.737891 0.011979 0.025781
0 0.652865 0.742188 0.024479 0.032813
0 0.715104 0.746484 0.082292 0.038281
0 0.016667 0.689844 0.033333 0.070312
0 0.770312 0.842578 0.323958 0.282031
0 0.522135 0.722266 0.045312 0.025781
0 0.551042 0.724219 0.004167 0.003125
4 0.141406 0.691406 0.014063 0.045312
4 0.756510 0.746484 0.013021 0.028906
3 0.045833 0.742969 0.091667 0.260937
3 0.466927 0.733984 0.017188 0.060156
3 0.490104 0.729297 0.010417 0.036719
3 0.573958 0.733203 0.013542 0.041406
3 0.592448 0.760156 0.035937 0.106250
3 0.624219 0.739453 0.035937 0.075781
1 0.456771 0.615234 0.006250 0.027344
1 0.498958 0.614844 0.006250 0.026562
1 0.538802 0.618359 0.005729 0.027344
1 0.579688 0.619141 0.006250 0.027344
2 0.601562 0.717969 0.003125 0.004687