0 0.167187 0.699219 0.114583 0.076563
0 0.263802 0.686719 0.076563 0.065625
0 0.408594 0.686719 0.044271 0.053125
0 0.442188 0.676172 0.005208 0.010156
0 0.491667 0.745703 0.144792 0.178906
0 0.603646 0.725000 0.103125 0.107813
0 0.553906 0.686328 0.019271 0.022656
0 0.670312 0.718750 0.075000 0.084375
4 0.685937 0.710156 0.023958 0.112500
4 0.714844 0.714062 0.024479 0.098437
4 0.218229 0.683594 0.016667 0.075000
4 0.256510 0.686328 0.020313 0.072656
4 0.088281 0.650781 0.011979 0.020313
2 0.643229 0.633203 0.006250 0.025781
2 0.572135 0.651563 0.004687 0.014063
2 0.560938 0.659766 0.006250 0.008594