0 0.396615 0.793750 0.015104 0.004687
0 0.435938 0.799609 0.007292 0.019531
0 0.453385 0.800000 0.010937 0.015625
0 0.460156 0.797656 0.005729 0.009375
0 0.154948 0.815625 0.084896 0.056250
0 0.180990 0.809766 0.044271 0.035156
0 0.092448 0.858203 0.184896 0.283594
0 0.897917 0.810937 0.030208 0.028125
0 0.823177 0.810937 0.022396 0.039062
0 0.735156 0.810937 0.029687 0.031250
0 0.627083 0.814453 0.057292 0.036719
0 0.588021 0.809375 0.019792 0.031250
0 0.409375 0.859375 0.458333 0.281250
0 0.923958 0.856250 0.083333 0.095312
0 0.947396 0.899609 0.105208 0.200781
4 0.748177 0.806250 0.008854 0.031250
4 0.727083 0.809766 0.010417 0.036719
4 0.716667 0.807031 0.009375 0.037500
4 0.755729 0.807031 0.010417 0.040625
4 0.770833 0.792187 0.009375 0.017188
3 0.249740 0.810938 0.019271 0.053125
3 0.868229 0.855078 0.075000 0.180469
1 0.825521 0.748828 0.013542 0.030469
1 0.812760 0.737891 0.017188 0.052344
1 0.590104 0.658203 0.008333 0.033594
1 0.625521 0.656641 0.008333 0.033594
1 0.115625 0.577734 0.042708 0.133594
1 0.138021 0.745703 0.009375 0.021094
1 0.706250 0.750781 0.008333 0.020313
2 0.117188 0.716406 0.050000 0.050000