0 0.030729 0.712109 0.061458 0.022656
0 0.425260 0.686328 0.014063 0.011719
0 0.436719 0.689063 0.008854 0.004687
0 0.463542 0.687109 0.011458 0.005469
0 0.497396 0.685156 0.007292 0.004687
0 0.503646 0.685547 0.005208 0.003906
0 0.521875 0.690234 0.004167 0.019531
0 0.537500 0.692969 0.032292 0.043750
0 0.555469 0.689453 0.005729 0.016406
0 0.564323 0.691016 0.016146 0.021094
0 0.585677 0.692578 0.025521 0.033594
0 0.602083 0.688672 0.014583 0.019531
0 0.572656 0.685156 0.003646 0.006250
2 0.546354 0.666797 0.008333 0.007031