0 0.593750 0.614063 0.006250 0.010937
0 0.548177 0.625781 0.033854 0.037500
0 0.478646 0.629688 0.046875 0.057813
0 0.442708 0.615625 0.011458 0.023438
0 0.421875 0.614453 0.012500 0.022656
0 0.394531 0.630469 0.063021 0.073438
0 0.332552 0.616016 0.064062 0.069531
0 0.241667 0.603516 0.030208 0.013281
0 0.092448 0.595312 0.033854 0.017188
6 0.574740 0.611328 0.005729 0.016406
6 0.582552 0.607422 0.015104 0.024219
3 0.631771 0.678906 0.086458 0.259375
3 0.583073 0.617578 0.011979 0.042969
3 0.454167 0.617578 0.010417 0.038281
3 0.445573 0.619531 0.011979 0.043750
2 0.833333 0.598047 0.007292 0.027344
2 0.564583 0.517969 0.048958 0.043750
2 0.496094 0.517578 0.028646 0.039844
2 0.550521 0.581641 0.011458 0.011719
2 0.530990 0.580469 0.011979 0.020313