0 0.551562 0.807422 0.489583 0.385156
0 0.344792 0.708203 0.014583 0.019531
0 0.335417 0.713281 0.009375 0.023438
0 0.327083 0.716406 0.017708 0.043750
0 0.353646 0.716797 0.014583 0.038281
0 0.361719 0.709766 0.015104 0.030469
0 0.258594 0.744141 0.152604 0.147656
0 0.135677 0.726562 0.106771 0.067187
0 0.446094 0.694531 0.068229 0.032813
0 0.258854 0.695312 0.033333 0.017188
0 0.326823 0.679297 0.029687 0.017969
0 0.360677 0.690625 0.018229 0.007812
0 0.482292 0.696484 0.019792 0.028906
1 0.503385 0.590625 0.015104 0.042188
1 0.319010 0.486328 0.011979 0.058594
1 0.373958 0.672266 0.004167 0.016406
2 0.527865 0.562891 0.017188 0.067969
2 0.360677 0.668750 0.011979 0.012500
2 0.361979 0.681250 0.014583 0.010937
2 0.033073 0.733984 0.016146 0.061719
2 0.122135 0.728906 0.009896 0.032813
2 0.159115 0.708203 0.003646 0.010156
2 0.211458 0.683984 0.006250 0.010156