0 0.020833 0.697266 0.041667 0.092969
0 0.050521 0.684375 0.044792 0.026562
0 0.113021 0.681250 0.067708 0.028125
0 0.151823 0.678516 0.061979 0.030469
0 0.420573 0.684766 0.046354 0.060156
0 0.446354 0.669141 0.012500 0.017969
0 0.465625 0.673438 0.025000 0.029687
0 0.522917 0.679297 0.039583 0.041406
0 0.606771 0.723438 0.151042 0.154688
0 0.858594 0.693359 0.097396 0.064844
0 0.228385 0.671094 0.054688 0.021875
0 0.259635 0.672266 0.013021 0.016406
0 0.340104 0.666797 0.007292 0.010156
0 0.072917 0.678906 0.029167 0.021875
2 0.318750 0.433203 0.009375 0.013281