0 0.508594 0.678125 0.061979 0.079687
0 0.635417 0.659375 0.034375 0.042188
0 0.739323 0.664062 0.059896 0.065625
0 0.796094 0.667188 0.094271 0.078125
0 0.911719 0.695703 0.176563 0.236719
0 0.553646 0.654687 0.012500 0.015625
0 0.580208 0.653516 0.011458 0.014844
0 0.573177 0.653125 0.006771 0.014063
0 0.288021 0.671484 0.016667 0.036719
3 0.595313 0.664453 0.021875 0.089844
2 0.679167 0.604688 0.012500 0.018750
2 0.642448 0.609375 0.005729 0.017188
2 0.642969 0.622266 0.005729 0.008594
2 0.615625 0.629297 0.004167 0.010156
2 0.616406 0.637891 0.004687 0.005469
2 0.478385 0.614062 0.010937 0.017188