0 0.808333 0.872656 0.383333 0.254688
0 0.609635 0.830469 0.109896 0.143750
0 0.542708 0.817187 0.056250 0.087500
0 0.523698 0.792188 0.010937 0.034375
0 0.519271 0.798047 0.015625 0.044531
0 0.512500 0.795703 0.011458 0.038281
0 0.507552 0.790625 0.013021 0.026562
0 0.501823 0.789062 0.006771 0.020313
0 0.499479 0.787500 0.004167 0.017188
0 0.486458 0.787500 0.009375 0.018750
0 0.472656 0.790234 0.020313 0.025781
0 0.452344 0.791797 0.022396 0.035156
0 0.462500 0.780859 0.006250 0.010156
0 0.417187 0.806250 0.068750 0.075000
0 0.373958 0.786719 0.026042 0.031250
0 0.336198 0.787891 0.021354 0.021094
0 0.318750 0.789844 0.011458 0.025000
0 0.304167 0.791016 0.022917 0.027344
0 0.284896 0.791797 0.017708 0.030469
0 0.258594 0.792969 0.036979 0.037500
0 0.235417 0.780078 0.027083 0.013281
0 0.199479 0.796875 0.063542 0.050000
0 0.182812 0.796094 0.048958 0.045312
0 0.048958 0.805078 0.097917 0.071094
4 0.078906 0.804688 0.046354 0.165625
4 0.116927 0.776563 0.007812 0.018750
4 0.220052 0.775781 0.006771 0.021875
4 0.271875 0.788672 0.007292 0.047656
4 0.275521 0.791016 0.004167 0.039844
4 0.355469 0.785547 0.005729 0.021094
3 0.493229 0.787500 0.008333 0.034375
3 0.110417 0.803125 0.035417 0.043750
3 0.127083 0.804297 0.015625 0.039844
3 0.135937 0.802734 0.022917 0.041406
3 0.146354 0.802734 0.015625 0.039844
3 0.154688 0.800781 0.014583 0.042188
1 0.465625 0.770312 0.003125 0.007812