0 0.625000 0.686328 0.028125 0.014844
0 0.641667 0.689063 0.029167 0.014063
0 0.136458 0.731641 0.004167 0.007031
0 0.102865 0.735938 0.008854 0.004687
0 0.154688 0.620313 0.025000 0.010937
0 0.259115 0.633984 0.027604 0.014844
0 0.319271 0.644141 0.019792 0.011719
0 0.402344 0.653125 0.023438 0.014063
0 0.443490 0.661719 0.026562 0.009375
0 0.479427 0.665625 0.024479 0.012500
0 0.520573 0.671484 0.025521 0.013281
0 0.479687 0.766797 0.035417 0.046094
0 0.439844 0.758594 0.018229 0.025000
0 0.426042 0.766406 0.028125 0.035937
0 0.415104 0.759766 0.020833 0.028906
0 0.403385 0.753516 0.009896 0.017969
0 0.394531 0.755469 0.011979 0.021875
0 0.114062 0.776562 0.053125 0.056250
0 0.011198 0.592578 0.022396 0.019531
0 0.097135 0.612109 0.025521 0.010156
0 0.866146 0.862891 0.021875 0.014844
0 0.810417 0.849219 0.015625 0.007812
0 0.914844 0.879687 0.009896 0.012500
5 0.242708 0.737109 0.014583 0.016406
3 0.532292 0.769922 0.029167 0.108594
2 0.777865 0.692969 0.003646 0.006250
2 0.671094 0.714844 0.019271 0.032813
2 0.905208 0.682813 0.013542 0.046875
2 0.603646 0.727734 0.003125 0.016406
2 0.563802 0.732031 0.008854 0.015625
2 0.544271 0.735547 0.002083 0.008594
2 0.495833 0.740625 0.004167 0.007812
2 0.465365 0.741797 0.003646 0.007031
2 0.433854 0.741797 0.002083 0.005469
2 0.395573 0.741406 0.001563 0.004687
2 0.392448 0.741016 0.001563 0.007031
2 0.381771 0.738281 0.002083 0.006250
2 0.363281 0.736719 0.002604 0.010937
2 0.326042 0.734766 0.002083 0.008594
2 0.331250 0.732422 0.003125 0.013281
2 0.321094 0.722266 0.015104 0.024219
2 0.270573 0.723828 0.004687 0.021094
2 0.251302 0.725000 0.003646 0.015625
2 0.121875 0.708594 0.008333 0.029687
2 0.092708 0.694141 0.011458 0.039844
2 0.139583 0.734375 0.003125 0.009375
2 0.561719 0.665625 0.002604 0.004687
2 0.701562 0.789062 0.012500 0.018750