0 0.961719 0.802734 0.076563 0.219531
0 0.854427 0.751563 0.150521 0.135937
0 0.763802 0.727734 0.064062 0.089844
0 0.726042 0.701953 0.031250 0.024219
0 0.703125 0.700781 0.012500 0.014063
0 0.694271 0.733984 0.088542 0.096094
0 0.649740 0.708594 0.027604 0.039062
0 0.636719 0.700391 0.005729 0.013281
0 0.663802 0.693359 0.005729 0.007031
0 0.622135 0.702734 0.018229 0.022656
0 0.612500 0.693359 0.003125 0.005469
0 0.603646 0.703125 0.022917 0.026562
0 0.454427 0.691016 0.036979 0.022656
0 0.430208 0.682031 0.027083 0.012500
0 0.367188 0.702734 0.045833 0.022656
0 0.149479 0.699219 0.054167 0.071875
2 0.584375 0.693359 0.002083 0.010156
2 0.554427 0.691016 0.003646 0.017969
2 0.355729 0.682031 0.016667 0.062500