0 0.859896 0.632422 0.280208 0.314844
0 0.077344 0.675000 0.154688 0.328125
0 0.317448 0.691797 0.325521 0.169531
0 0.176823 0.673828 0.061979 0.055469
0 0.640365 0.641406 0.103646 0.081250
0 0.592708 0.640625 0.033333 0.057813
0 0.552865 0.630078 0.009896 0.025781
0 0.545833 0.630859 0.014583 0.027344
0 0.548958 0.631250 0.008333 0.026562
0 0.578385 0.634375 0.010937 0.035937
0 0.531250 0.630469 0.012500 0.032813
0 0.486979 0.641016 0.043750 0.057031
0 0.253906 0.647656 0.034896 0.029687
0 0.209635 0.660547 0.023438 0.032031
0 0.464323 0.632031 0.010937 0.017188
4 0.617708 0.637109 0.019792 0.092969
4 0.592448 0.641016 0.018229 0.074219
4 0.571094 0.635938 0.008854 0.062500
4 0.562760 0.637891 0.013021 0.057031
4 0.838542 0.581250 0.007292 0.012500
4 0.302344 0.629688 0.017188 0.057813
3 0.228125 0.649609 0.026042 0.049219
3 0.514583 0.652344 0.080208 0.129688
3 0.279948 0.632422 0.017188 0.046094
1 0.534115 0.406250 0.011979 0.046875
1 0.604948 0.401562 0.014063 0.046875
2 0.567708 0.435156 0.052083 0.021875