0 0.140365 0.764062 0.280729 0.195312
0 0.351562 0.724219 0.178125 0.129688
0 0.503646 0.698828 0.107292 0.082031
0 0.680469 0.679688 0.064062 0.068750
0 0.721875 0.664062 0.030208 0.028125
0 0.736198 0.662500 0.019271 0.028125
0 0.743750 0.660938 0.013542 0.026562
0 0.747135 0.653906 0.010937 0.012500
0 0.798177 0.660937 0.032813 0.039062
0 0.811198 0.653125 0.010937 0.020313
0 0.815365 0.647656 0.004687 0.007812
0 0.865365 0.644141 0.004687 0.010156
0 0.867969 0.653516 0.007812 0.028906
0 0.884896 0.660156 0.034375 0.050000
0 0.898438 0.675781 0.023958 0.076563
0 0.944531 0.681250 0.091146 0.098437
0 0.829687 0.655078 0.005208 0.021094
6 0.858854 0.634766 0.011458 0.022656
7 0.851042 0.675000 0.043750 0.139063
7 0.833333 0.653125 0.009375 0.035937
3 0.770833 0.683203 0.039583 0.124219
3 0.820312 0.651953 0.007292 0.025781
1 0.788281 0.494922 0.009896 0.032031
2 0.623437 0.641797 0.011458 0.017969
2 0.614323 0.627344 0.015104 0.009375