0 0.012760 0.665234 0.025521 0.021094
0 0.041406 0.675391 0.082812 0.038281
0 0.091667 0.669922 0.028125 0.024219
0 0.116667 0.674219 0.070833 0.031250
0 0.174479 0.671094 0.050000 0.032813
0 0.150000 0.668750 0.017708 0.014063
0 0.139583 0.641016 0.022917 0.011719
0 0.133333 0.643750 0.017708 0.012500
0 0.323437 0.674609 0.011458 0.013281
0 0.249740 0.714063 0.151562 0.139063
0 0.351823 0.689453 0.053646 0.064844
0 0.382292 0.684766 0.021875 0.042969
0 0.388802 0.676562 0.022396 0.031250
0 0.402604 0.678125 0.011458 0.021875
0 0.411719 0.676172 0.011979 0.014844
0 0.435937 0.688672 0.041667 0.053906
0 0.486198 0.686328 0.033854 0.041406
0 0.459115 0.678906 0.014063 0.023438
3 0.468229 0.678516 0.009375 0.028906
2 0.352083 0.607031 0.005208 0.007812
2 0.658333 0.677734 0.007292 0.035156