0 0.870052 0.755469 0.259896 0.479687
0 0.727083 0.680078 0.207292 0.224219
0 0.600260 0.640234 0.085938 0.094531
0 0.548438 0.625000 0.043750 0.051562
0 0.527083 0.612500 0.016667 0.023438
0 0.520573 0.613672 0.013021 0.022656
0 0.516146 0.609375 0.005208 0.010937
0 0.455990 0.611328 0.147396 0.058594
0 0.329427 0.748438 0.473438 0.428125
0 0.381771 0.622656 0.027083 0.043750
0 0.368229 0.630859 0.034375 0.052344
0 0.274740 0.623437 0.053646 0.048438
0 0.154688 0.676172 0.219792 0.171094
0 0.058854 0.800781 0.117708 0.298438