0 0.431771 0.691016 0.018750 0.011719
0 0.403906 0.695312 0.016146 0.007812
0 0.502344 0.701172 0.032813 0.042969
0 0.479427 0.689453 0.007812 0.003906
0 0.487240 0.689063 0.003646 0.003125
0 0.522135 0.693750 0.014063 0.020313
0 0.529427 0.690625 0.006771 0.010937
0 0.539323 0.691016 0.005729 0.013281
0 0.547656 0.693359 0.015104 0.019531
0 0.572396 0.692578 0.012500 0.016406
0 0.580208 0.691016 0.006250 0.011719
0 0.585677 0.689844 0.007812 0.012500
0 0.612500 0.700000 0.030208 0.034375
0 0.650521 0.694141 0.019792 0.024219
0 0.669271 0.696484 0.028125 0.027344
0 0.774740 0.713672 0.083854 0.075781
0 0.975260 0.712500 0.049479 0.064062
5 0.557812 0.685938 0.012500 0.021875
2 0.613021 0.640234 0.015625 0.025781