0 0.456510 0.659766 0.122396 0.149219
0 0.436719 0.606641 0.066146 0.032031
0 0.322135 0.612109 0.017188 0.021094
0 0.254167 0.619922 0.039583 0.049219
0 0.237240 0.607422 0.010937 0.011719
0 0.215885 0.612891 0.038021 0.024219
0 0.117448 0.613672 0.032813 0.028906
0 0.076563 0.609766 0.031250 0.021094
0 0.048698 0.633203 0.097396 0.072656
0 0.002865 0.613672 0.005729 0.014844
0 0.625260 0.609766 0.017188 0.032031
4 0.299219 0.591016 0.015104 0.021094
4 0.271354 0.627344 0.013542 0.053125
4 0.282813 0.618359 0.020833 0.103906
4 0.180729 0.634375 0.021875 0.082812
4 0.158073 0.628125 0.041146 0.151562
3 0.535677 0.632422 0.033854 0.096094
3 0.519531 0.619141 0.013021 0.066406
3 0.381250 0.614063 0.009375 0.029687
3 0.406510 0.606250 0.010937 0.025000
2 0.894531 0.675000 0.028646 0.106250
2 0.368490 0.600000 0.002604 0.007812