0 0.618750 0.850781 0.303125 0.298438
0 0.309375 0.726953 0.039583 0.017969
0 0.367188 0.724609 0.037500 0.010156
0 0.647396 0.760938 0.081250 0.053125
0 0.744792 0.769922 0.063542 0.089844
0 0.786198 0.754687 0.064062 0.070312
0 0.821875 0.742578 0.040625 0.049219
0 0.857292 0.716797 0.037500 0.008594
0 0.888021 0.722656 0.046875 0.017188
0 0.928385 0.719922 0.043229 0.017969
0 0.950260 0.718359 0.013021 0.016406
0 0.898177 0.716406 0.022396 0.007812
0 0.854167 0.746484 0.059375 0.050781
0 0.866667 0.736719 0.061458 0.017188
0 0.857812 0.803516 0.075000 0.142969
0 0.921354 0.846094 0.157292 0.239063