0 0.908333 0.826953 0.183333 0.346094
0 0.728906 0.755469 0.073438 0.154688
0 0.684635 0.732422 0.073438 0.103906
0 0.651563 0.719141 0.037500 0.075781
0 0.620052 0.703516 0.039062 0.038281
0 0.610938 0.694141 0.023958 0.024219
0 0.598437 0.690625 0.011458 0.018750
0 0.525260 0.780859 0.189062 0.261719
4 0.014063 0.574219 0.028125 0.200000
4 0.061719 0.673437 0.079687 0.373437
4 0.054167 0.530469 0.023958 0.025000
4 0.103906 0.582812 0.009896 0.040625
4 0.112760 0.611719 0.024479 0.131250
4 0.181771 0.678125 0.057292 0.389062
4 0.214063 0.636719 0.028125 0.115625
4 0.236719 0.590234 0.008854 0.011719
4 0.247135 0.696094 0.068229 0.282813
4 0.277083 0.662891 0.036458 0.155469
4 0.310417 0.664062 0.042708 0.132812
4 0.345833 0.648828 0.015625 0.047656
4 0.359896 0.646484 0.012500 0.042969
4 0.390625 0.657422 0.004167 0.016406
4 0.394271 0.657031 0.007292 0.015625
4 0.414583 0.705078 0.042708 0.199219
4 0.454687 0.662500 0.004167 0.010937
4 0.648177 0.716797 0.017188 0.103906
4 0.639323 0.715234 0.009896 0.080469
4 0.791406 0.772266 0.074479 0.249219
4 0.859635 0.698047 0.045312 0.097656
4 0.900000 0.683594 0.036458 0.073438
2 0.654427 0.664844 0.006771 0.020313
2 0.665885 0.646484 0.018229 0.013281
2 0.719792 0.653516 0.007292 0.021094
2 0.510156 0.629687 0.007812 0.009375