0 0.113542 0.768359 0.227083 0.263281
0 0.398438 0.710938 0.063542 0.075000
0 0.442448 0.708984 0.014063 0.041406
0 0.458333 0.694922 0.014583 0.024219
0 0.549740 0.719531 0.040104 0.059375
0 0.521354 0.707031 0.021875 0.029687
0 0.566146 0.715234 0.017708 0.030469
0 0.549740 0.682813 0.010937 0.014063
0 0.567187 0.691016 0.015625 0.014844
0 0.588542 0.706641 0.018750 0.022656
0 0.578125 0.700391 0.013542 0.017969
0 0.528906 0.671094 0.007812 0.010937
0 0.501042 0.675000 0.010417 0.012500
0 0.491667 0.684766 0.015625 0.014844
0 0.452083 0.676172 0.012500 0.013281
0 0.461458 0.673047 0.010417 0.011719
0 0.467448 0.672656 0.008854 0.014063
0 0.472396 0.670312 0.008333 0.012500
0 0.481510 0.669141 0.009896 0.010156
0 0.505469 0.671484 0.009896 0.011719
0 0.485156 0.694922 0.016146 0.022656
0 0.232292 0.728906 0.022917 0.006250
0 0.303906 0.715625 0.047396 0.023438
0 0.343750 0.695703 0.028125 0.027344
0 0.391406 0.667578 0.022396 0.011719
0 0.409896 0.671094 0.014583 0.007812
0 0.437500 0.667969 0.012500 0.014063
0 0.446354 0.668750 0.006250 0.010937
0 0.452344 0.666016 0.006771 0.008594
0 0.512240 0.648047 0.004687 0.003906
0 0.539323 0.658594 0.004687 0.006250
0 0.531510 0.660156 0.004687 0.007812
0 0.546094 0.669141 0.004687 0.007031
0 0.562240 0.678516 0.007812 0.010156
0 0.559115 0.676172 0.008854 0.010156
0 0.604687 0.701172 0.013542 0.014844
0 0.596615 0.693750 0.010937 0.007812
0 0.588542 0.690234 0.009375 0.010156
0 0.625260 0.714453 0.015104 0.014844
0 0.662760 0.718750 0.018229 0.015625
0 0.486458 0.662500 0.005208 0.006250
0 0.572135 0.685937 0.009896 0.010937
5 0.440365 0.693359 0.020313 0.035156
5 0.487500 0.652734 0.007292 0.013281
5 0.526563 0.662500 0.006250 0.012500
3 0.466667 0.698437 0.008333 0.028125
3 0.485417 0.699219 0.007292 0.028125
3 0.523177 0.687109 0.006771 0.011719
3 0.585156 0.706641 0.006771 0.024219
3 0.600521 0.710547 0.007292 0.025781
3 0.541146 0.674219 0.004167 0.010937
3 0.533854 0.673438 0.004167 0.014063
3 0.539062 0.669922 0.003125 0.010156
3 0.488802 0.670312 0.004687 0.012500
2 0.431510 0.706250 0.009896 0.037500
2 0.490885 0.699219 0.003646 0.015625
2 0.322917 0.674609 0.002083 0.010156
2 0.351302 0.676953 0.001563 0.008594
2 0.373698 0.678516 0.001563 0.007031
2 0.282552 0.671094 0.002604 0.012500
2 0.222656 0.663672 0.003646 0.014844
2 0.645052 0.683984 0.004687 0.010156
2 0.630729 0.676953 0.004167 0.008594
2 0.630729 0.685156 0.004167 0.007812