0 0.036979 0.705469 0.073958 0.073438
0 0.098437 0.699219 0.071875 0.062500
0 0.148698 0.695703 0.045312 0.052344
0 0.176823 0.691797 0.027604 0.047656
0 0.328125 0.677734 0.004167 0.024219
0 0.334115 0.678125 0.011979 0.021875
0 0.339062 0.677734 0.008333 0.021094
0 0.350000 0.677344 0.015625 0.018750
0 0.358333 0.677344 0.006250 0.017188
0 0.361979 0.677734 0.005208 0.016406
0 0.452604 0.675391 0.013542 0.016406
0 0.465104 0.675391 0.012500 0.022656
0 0.472656 0.681641 0.022396 0.036719
0 0.506771 0.714844 0.082292 0.101562
0 0.538281 0.673438 0.013021 0.015625
0 0.553385 0.684766 0.027604 0.038281
0 0.582031 0.688672 0.047396 0.049219
0 0.720052 0.718359 0.069271 0.100781
0 0.840625 0.697656 0.097917 0.042188
0 0.806510 0.732812 0.174479 0.143750
0 0.472135 0.666406 0.010937 0.010937
6 0.258594 0.660938 0.135937 0.120313
6 0.939583 0.600781 0.120833 0.629687
4 0.827083 0.650000 0.023958 0.032813
4 0.751563 0.661328 0.004167 0.014844
4 0.609635 0.673047 0.004687 0.028906
4 0.613021 0.673438 0.005208 0.020313
3 0.666146 0.735938 0.075000 0.217188
2 0.493490 0.657813 0.003646 0.007812
2 0.503646 0.652344 0.005208 0.007812
2 0.551823 0.641406 0.004687 0.015625
2 0.503646 0.658594 0.003125 0.004687
2 0.503646 0.662500 0.003125 0.003125