0 0.444271 0.714063 0.014583 0.010937
0 0.446354 0.715234 0.012500 0.008594
0 0.492708 0.710938 0.009375 0.009375
0 0.648177 0.707813 0.015104 0.014063
0 0.676042 0.714844 0.012500 0.018750
0 0.665365 0.722266 0.024479 0.033594
0 0.655208 0.725781 0.034375 0.042188
0 0.633594 0.716016 0.016146 0.024219
0 0.630469 0.719922 0.015104 0.027344
0 0.603906 0.708594 0.027604 0.014063
0 0.592187 0.744922 0.086458 0.117969
0 0.728125 0.740625 0.097917 0.110937
0 0.942188 0.758203 0.115625 0.121094
3 0.954688 0.777344 0.090625 0.240625