0 0.876042 0.830469 0.133333 0.115625
0 0.717969 0.800000 0.038021 0.042188
0 0.621615 0.783984 0.009896 0.011719
0 0.604167 0.783203 0.009375 0.011719
0 0.614583 0.781641 0.006250 0.008594
0 0.654948 0.782813 0.006771 0.007812
0 0.598958 0.781250 0.003125 0.007812
0 0.609896 0.782031 0.003125 0.007812
0 0.207292 0.798828 0.123958 0.105469
0 0.323698 0.790234 0.054688 0.047656
0 0.427604 0.793750 0.054167 0.051562
0 0.369792 0.792969 0.051042 0.053125
0 0.352083 0.775391 0.014583 0.016406
0 0.403385 0.783984 0.021354 0.033594
0 0.459115 0.789062 0.027604 0.039062
0 0.480729 0.789844 0.023958 0.040625
6 0.463021 0.759766 0.058333 0.042969
1 0.236458 0.457422 0.044792 0.144531
1 0.602865 0.602344 0.007812 0.035937
1 0.644792 0.607813 0.008333 0.037500
1 0.516406 0.695703 0.008854 0.039844
1 0.526042 0.695312 0.009375 0.039062
2 0.254427 0.255859 0.160938 0.224219
2 0.622135 0.602344 0.027604 0.015625
2 0.520833 0.784375 0.008333 0.020313
2 0.520573 0.766797 0.008854 0.013281