0 0.030729 0.735156 0.061458 0.148438
0 0.071615 0.715234 0.074479 0.114844
0 0.106771 0.704688 0.016667 0.076563
0 0.111979 0.700391 0.016667 0.061719
0 0.145052 0.692187 0.045312 0.043750
0 0.181771 0.690625 0.028125 0.026562
0 0.119792 0.693750 0.011458 0.020313
0 0.118750 0.682813 0.013542 0.007812
0 0.343229 0.692969 0.046875 0.056250
0 0.383333 0.694922 0.077083 0.064844
0 0.609115 0.707422 0.177604 0.132031
0 0.873958 0.710938 0.252083 0.145313
4 0.498698 0.694922 0.027604 0.124219
7 0.267708 0.688281 0.012500 0.050000
3 0.278385 0.691797 0.019271 0.060156
2 0.257292 0.675781 0.005208 0.007812
2 0.257812 0.650000 0.004167 0.015625
2 0.590625 0.584766 0.027083 0.039844