0 0.090885 0.844531 0.181771 0.246875
0 0.249219 0.813672 0.146354 0.136719
0 0.183854 0.769922 0.042708 0.052344
0 0.366146 0.787109 0.063542 0.075781
0 0.421094 0.779687 0.040104 0.050000
0 0.447917 0.776953 0.023958 0.035156
0 0.459896 0.773828 0.020833 0.038281
0 0.495573 0.774609 0.027604 0.038281
0 0.509115 0.776172 0.008854 0.022656
0 0.509635 0.771875 0.009896 0.018750
0 0.515625 0.767969 0.007292 0.012500
0 0.516406 0.765625 0.008854 0.014063
0 0.521094 0.765234 0.003646 0.010156
0 0.536979 0.765234 0.005208 0.013281
0 0.540104 0.766797 0.009375 0.013281
0 0.542448 0.769531 0.007812 0.014063
0 0.545052 0.771875 0.010937 0.015625
0 0.548958 0.778125 0.010417 0.023438
0 0.552344 0.780078 0.010937 0.036719
0 0.566146 0.780859 0.029167 0.044531
0 0.578646 0.789062 0.033333 0.046875
0 0.601823 0.808984 0.041146 0.080469
0 0.633594 0.819922 0.064062 0.121094
0 0.727083 0.852344 0.186458 0.201563
4 0.525260 0.764453 0.002604 0.013281
4 0.532552 0.765625 0.003646 0.012500