0 0.117448 0.757031 0.234896 0.276562
0 0.255729 0.691797 0.098958 0.147656
0 0.211979 0.645703 0.031250 0.027344
0 0.416927 0.727734 0.252604 0.289844
0 0.559896 0.656641 0.081250 0.116406
0 0.581250 0.637109 0.054167 0.088281
0 0.607812 0.629297 0.016667 0.047656
0 0.609896 0.611328 0.006250 0.016406
0 0.631771 0.624219 0.027083 0.034375
0 0.630208 0.607422 0.022917 0.024219
0 0.643490 0.609766 0.015104 0.011719
0 0.651302 0.626562 0.015104 0.040625
0 0.706250 0.649609 0.115625 0.136719
0 0.783594 0.619922 0.036979 0.046094
0 0.797135 0.608594 0.022396 0.034375
0 0.890625 0.603516 0.143750 0.133594
0 0.910938 0.712109 0.178125 0.307031
0 0.367448 0.624219 0.068229 0.017188
3 0.616927 0.615234 0.003646 0.022656
3 0.812760 0.614062 0.016146 0.070312
3 0.756510 0.624219 0.026562 0.089063
3 0.646615 0.600781 0.003646 0.006250
3 0.628906 0.623047 0.016146 0.057031
1 0.571875 0.570312 0.006250 0.021875
2 0.782292 0.585547 0.005208 0.010156
2 0.836458 0.536328 0.026042 0.017969
2 0.837500 0.555078 0.025000 0.019531