0 0.132031 0.727734 0.264062 0.311719
0 0.355469 0.651953 0.009896 0.014844
0 0.416927 0.652344 0.017188 0.006250
0 0.443750 0.655469 0.029167 0.014063
0 0.468490 0.656641 0.008854 0.011719
0 0.487240 0.665625 0.035937 0.040625
0 0.518229 0.674219 0.017708 0.045312
0 0.573958 0.720703 0.132292 0.160156
0 0.659896 0.667969 0.022917 0.021875
0 0.668490 0.665625 0.016146 0.018750
0 0.683073 0.660937 0.018229 0.015625
0 0.625000 0.666016 0.019792 0.021094
1 0.382552 0.589063 0.005729 0.007812
2 0.353906 0.664062 0.004687 0.009375
2 0.368229 0.595703 0.033333 0.027344
2 0.374219 0.619922 0.030729 0.021094