0 0.609635 0.708203 0.031771 0.041406
0 0.593229 0.703125 0.013542 0.029687
0 0.584375 0.701562 0.011458 0.026562
0 0.575260 0.699609 0.013021 0.021094
0 0.568490 0.696875 0.008854 0.017188
0 0.562240 0.696484 0.005729 0.013281
0 0.558854 0.696875 0.006250 0.010937
0 0.537240 0.705859 0.032813 0.039844
0 0.403906 0.696094 0.010937 0.021875
0 0.391406 0.696484 0.019271 0.022656
0 0.355469 0.696484 0.019271 0.028906
0 0.324219 0.694141 0.048438 0.042969
0 0.214323 0.778906 0.311979 0.273438
0 0.434115 0.692578 0.021354 0.013281
2 0.109375 0.687891 0.023958 0.063281
2 0.450260 0.691406 0.004687 0.020313
2 0.508333 0.690234 0.002083 0.007031