0 0.665104 0.795703 0.437500 0.408594
0 0.483073 0.687500 0.044271 0.100000
0 0.477865 0.673828 0.018229 0.035156
0 0.477083 0.666016 0.011458 0.016406
0 0.463021 0.670703 0.046875 0.035156
0 0.457031 0.661719 0.007812 0.007812
0 0.447135 0.661719 0.011979 0.009375
0 0.439323 0.663672 0.003646 0.011719
0 0.429167 0.660156 0.007292 0.006250
0 0.431510 0.665234 0.008854 0.013281
0 0.421354 0.666016 0.013542 0.016406
0 0.411458 0.666406 0.005208 0.014063
0 0.407292 0.666406 0.006250 0.015625
0 0.400260 0.667187 0.013021 0.017188
0 0.356771 0.671875 0.018750 0.026562
0 0.340104 0.673047 0.027083 0.028906
0 0.319010 0.675391 0.018229 0.035156
0 0.302344 0.676953 0.031771 0.039844
0 0.285937 0.678906 0.014583 0.040625
0 0.249479 0.684375 0.091667 0.059375
1 0.444531 0.623828 0.001563 0.008594
1 0.420052 0.644531 0.002604 0.009375
2 0.436719 0.657031 0.002604 0.004687
2 0.436719 0.663672 0.002604 0.008594