0 0.136979 0.902344 0.161458 0.195312
0 0.329167 0.860156 0.056250 0.053125
0 0.361719 0.854297 0.023438 0.036719
0 0.375000 0.853125 0.013542 0.032813
0 0.412760 0.846875 0.023438 0.026562
0 0.432552 0.850000 0.024479 0.028125
0 0.445833 0.842578 0.037500 0.022656
0 0.492708 0.835156 0.008333 0.014063
0 0.537240 0.842188 0.009896 0.014063
0 0.531250 0.831641 0.004167 0.005469
1 0.342969 0.793750 0.010937 0.015625
1 0.343490 0.763281 0.011979 0.045312
2 0.384115 0.837891 0.009896 0.014844
2 0.383333 0.857031 0.010417 0.021875