0 0.946354 0.889453 0.107292 0.221094
0 0.813281 0.731641 0.209896 0.146094
0 0.737500 0.692187 0.022917 0.017188
0 0.749479 0.694922 0.005208 0.008594
0 0.710938 0.701172 0.022917 0.022656
0 0.696094 0.691797 0.017188 0.013281
0 0.699479 0.696094 0.010417 0.010937
0 0.626042 0.730078 0.163542 0.146094
0 0.542448 0.693359 0.057813 0.077344
0 0.500521 0.687891 0.029167 0.038281
0 0.484375 0.678906 0.006250 0.018750
0 0.449479 0.675781 0.011458 0.025000
0 0.443229 0.690625 0.017708 0.039062
0 0.423958 0.687500 0.038542 0.045312
0 0.339323 0.684766 0.013021 0.030469
0 0.197656 0.689453 0.020313 0.032031
0 0.185156 0.676563 0.023438 0.014063
0 0.146875 0.695703 0.095833 0.050781
0 0.108333 0.698438 0.048958 0.050000
0 0.105729 0.677734 0.023958 0.014844
0 0.068490 0.696875 0.065104 0.060937
0 0.021875 0.696484 0.043750 0.074219
0 0.427604 0.791406 0.244792 0.312500
0 0.022135 0.696484 0.044271 0.063281