0 0.323438 0.708984 0.036458 0.028906
0 0.376823 0.708203 0.049479 0.035156
0 0.429688 0.711328 0.031250 0.027344
0 0.466927 0.717969 0.092188 0.042188
0 0.522396 0.709375 0.026042 0.010937
0 0.540885 0.725000 0.070312 0.037500
0 0.600260 0.726562 0.052604 0.034375
0 0.636979 0.731250 0.032292 0.034375
0 0.653125 0.741406 0.025000 0.057813
0 0.763542 0.827734 0.254167 0.291406
0 0.851042 0.743750 0.043750 0.065625
0 0.995573 0.829297 0.008854 0.082031
0 0.623698 0.715234 0.024479 0.011719
5 0.935417 0.735547 0.129167 0.186719
4 0.314323 0.708594 0.017188 0.064062
4 0.487500 0.720313 0.026042 0.068750
4 0.625781 0.716016 0.007812 0.011719
3 0.407812 0.711328 0.019792 0.047656
3 0.734375 0.733203 0.011458 0.011719
2 0.468750 0.721875 0.015625 0.026562
2 0.569531 0.718359 0.008854 0.013281