0 0.029167 0.743750 0.058333 0.098437
0 0.291927 0.710156 0.029687 0.025000
0 0.317969 0.706641 0.023438 0.013281
0 0.341927 0.706250 0.013021 0.004687
0 0.378125 0.700000 0.027083 0.006250
0 0.517188 0.703125 0.007292 0.004687
0 0.681250 0.746875 0.065625 0.107813
0 0.591667 0.781641 0.168750 0.230469
0 0.967187 0.886328 0.065625 0.227344
5 0.411198 0.683203 0.041146 0.038281
6 0.490625 0.692578 0.030208 0.025781
3 0.106771 0.735547 0.055208 0.114844
3 0.251302 0.723438 0.023438 0.076563
2 0.462760 0.670703 0.018229 0.042969
2 0.517708 0.691797 0.008333 0.017969