0 0.908594 0.734766 0.182812 0.202344
0 0.785677 0.690234 0.111979 0.103906
0 0.726302 0.677344 0.070312 0.087500
0 0.658594 0.649609 0.022396 0.011719
0 0.654948 0.675000 0.064062 0.076563
0 0.616667 0.661719 0.020833 0.043750
0 0.611458 0.669531 0.020833 0.062500
0 0.578906 0.697266 0.086979 0.124219
0 0.523958 0.653516 0.022917 0.021094
0 0.497396 0.647656 0.044792 0.032813
0 0.466406 0.683594 0.079687 0.093750
0 0.529948 0.733984 0.172396 0.222656
0 0.299740 0.748047 0.281771 0.257031
4 0.089063 0.647266 0.025000 0.064844
4 0.105208 0.648828 0.017708 0.052344
4 0.144010 0.662109 0.018229 0.046094
4 0.218490 0.650000 0.019271 0.046875
4 0.234635 0.650781 0.029687 0.056250
4 0.397396 0.641016 0.009375 0.022656
4 0.391146 0.633594 0.006250 0.010937
4 0.403906 0.644531 0.006771 0.029687
4 0.409375 0.651172 0.009375 0.049219
4 0.412760 0.647266 0.005729 0.033594
4 0.419531 0.653125 0.005729 0.043750
4 0.424479 0.656250 0.008333 0.045312
4 0.450260 0.634766 0.009896 0.014844
4 0.624740 0.646875 0.008854 0.018750
4 0.631250 0.648438 0.006250 0.015625
4 0.704427 0.639453 0.011979 0.035156
4 0.724479 0.629687 0.008333 0.009375
4 0.789062 0.632422 0.011458 0.013281
4 0.751823 0.633594 0.005729 0.004687
4 0.799219 0.636328 0.005729 0.005469
4 0.821875 0.641406 0.007292 0.020313
4 0.867708 0.643359 0.011458 0.024219
3 0.434635 0.650781 0.015104 0.043750
3 0.689844 0.660547 0.019271 0.061719
1 0.540885 0.516797 0.007812 0.030469
1 0.644010 0.598047 0.008854 0.032031
2 0.678646 0.604297 0.008333 0.019531
2 0.678906 0.620703 0.008854 0.013281
2 0.639583 0.563281 0.028125 0.028125
2 0.777865 0.487891 0.011979 0.017969
2 0.806771 0.537891 0.013542 0.078906