0 0.088281 0.823047 0.176563 0.353906
0 0.060677 0.712109 0.121354 0.066406
0 0.133333 0.705859 0.057292 0.025781
0 0.207031 0.693750 0.061979 0.025000
0 0.172917 0.698828 0.023958 0.016406
0 0.249479 0.698438 0.007292 0.015625
0 0.263281 0.696094 0.004687 0.012500
0 0.283854 0.698438 0.017708 0.015625
0 0.333333 0.689453 0.015625 0.014844
0 0.389062 0.687500 0.013542 0.007812
0 0.490104 0.696484 0.028125 0.035156
0 0.510417 0.691016 0.010417 0.022656
0 0.508854 0.687891 0.010417 0.019531
0 0.526823 0.688281 0.005729 0.017188
0 0.534896 0.687891 0.015625 0.024219
0 0.538802 0.693750 0.007812 0.026562
0 0.560156 0.708203 0.050521 0.066406
0 0.586198 0.693750 0.018229 0.026562
0 0.600521 0.690234 0.015625 0.025781
0 0.628385 0.688672 0.054688 0.024219
0 0.650000 0.683984 0.010417 0.008594
6 0.520833 0.673047 0.072917 0.019531
4 0.978646 0.677734 0.038542 0.091406
3 0.445573 0.696094 0.016146 0.056250
3 0.518750 0.697266 0.013542 0.049219
1 0.553385 0.659766 0.002604 0.007031
2 0.617448 0.611719 0.011979 0.040625
2 0.616146 0.650000 0.020833 0.029687
2 0.563802 0.651563 0.019271 0.029687
2 0.553646 0.667578 0.005208 0.008594
2 0.560417 0.656641 0.004167 0.014844