0 0.511979 0.777734 0.221875 0.286719
0 0.903125 0.819531 0.193750 0.360938
0 0.599479 0.692187 0.033333 0.040625
0 0.505208 0.689453 0.037500 0.036719
0 0.480729 0.687109 0.014583 0.038281
0 0.493229 0.676562 0.011458 0.012500
0 0.454167 0.670313 0.006250 0.006250
0 0.432552 0.686719 0.044271 0.050000
0 0.420573 0.681641 0.022396 0.039844
0 0.414583 0.666406 0.011458 0.014063
0 0.409896 0.660156 0.009375 0.015625
0 0.405990 0.655078 0.006771 0.010156
0 0.419531 0.654297 0.007812 0.010156
0 0.412240 0.649609 0.006771 0.007031
0 0.430729 0.653906 0.007292 0.007812
0 0.432031 0.649609 0.006771 0.007031
0 0.436458 0.644531 0.007292 0.009375
0 0.420833 0.644531 0.006250 0.007812
0 0.406250 0.639844 0.006250 0.006250
0 0.410417 0.643750 0.009375 0.010937
0 0.416146 0.640625 0.005208 0.006250
0 0.411719 0.635938 0.004687 0.006250
0 0.402083 0.650000 0.006250 0.010937
0 0.399740 0.644141 0.004687 0.008594
0 0.408854 0.633594 0.004167 0.004687
0 0.400781 0.632812 0.004687 0.006250
0 0.402604 0.638281 0.004167 0.006250
0 0.337760 0.663672 0.010937 0.005469
0 0.338021 0.658984 0.009375 0.003906
0 0.331510 0.664453 0.005729 0.007031
0 0.030729 0.722266 0.061458 0.102344
0 0.104167 0.714844 0.100000 0.085938
0 0.150521 0.689453 0.025000 0.016406
0 0.167448 0.690234 0.027604 0.033594
2 0.353906 0.602344 0.027604 0.067187
2 0.270313 0.428906 0.016667 0.025000
2 0.440885 0.474609 0.108854 0.074219
2 0.536979 0.474219 0.068750 0.071875
2 0.622656 0.475000 0.099479 0.070312
2 0.808073 0.681641 0.007812 0.032031