0 0.055469 0.720313 0.073438 0.051562
0 0.134375 0.717187 0.071875 0.039062
0 0.189062 0.715234 0.035417 0.035156
0 0.258594 0.713672 0.026562 0.028906
0 0.295312 0.712109 0.017708 0.025781
0 0.329948 0.710938 0.038021 0.023438
0 0.378125 0.710547 0.028125 0.027344
0 0.346875 0.707422 0.013542 0.017969
0 0.361979 0.708203 0.009375 0.016406
0 0.963021 0.774609 0.073958 0.114844
0 0.861198 0.713672 0.044271 0.039844
0 0.798958 0.792578 0.185417 0.175781
0 0.720573 0.738281 0.049479 0.054688
0 0.728385 0.708984 0.023438 0.003906
0 0.698958 0.726953 0.020833 0.035156
0 0.673958 0.722656 0.027083 0.029687
0 0.657813 0.721094 0.016667 0.026562
0 0.642708 0.711719 0.018750 0.034375
0 0.632031 0.715625 0.006771 0.020313
0 0.627604 0.714453 0.008333 0.019531
0 0.631250 0.701172 0.007292 0.007031
0 0.604167 0.699609 0.009375 0.005469
0 0.609375 0.701953 0.011458 0.003906
0 0.606250 0.733203 0.048958 0.061719
0 0.588281 0.705469 0.008854 0.012500
0 0.559896 0.712500 0.020833 0.031250
0 0.539583 0.709375 0.015625 0.021875
0 0.548438 0.701172 0.006250 0.010156
0 0.543750 0.696484 0.004167 0.005469
0 0.562240 0.696484 0.007812 0.003906
0 0.570573 0.701172 0.006771 0.008594
0 0.577604 0.700781 0.003125 0.006250
0 0.580990 0.701172 0.003646 0.008594
0 0.583854 0.700781 0.004167 0.007812
0 0.571875 0.696094 0.005208 0.001563
0 0.500260 0.689844 0.006771 0.003125
5 0.593490 0.691406 0.013021 0.021875
4 0.710938 0.707422 0.005208 0.008594
4 0.648177 0.717578 0.007812 0.030469
4 0.665625 0.702734 0.004167 0.010156
3 0.575521 0.700391 0.003125 0.010156
2 0.474219 0.700000 0.003646 0.015625
2 0.505469 0.701562 0.002604 0.009375
2 0.523177 0.698047 0.001563 0.005469
2 0.520052 0.677734 0.011979 0.014844
2 0.546354 0.689063 0.010417 0.006250
2 0.547656 0.679297 0.005729 0.007031
2 0.554427 0.679688 0.007812 0.007812
2 0.562240 0.680078 0.007812 0.007031
2 0.523958 0.598828 0.046875 0.041406
2 0.581510 0.598828 0.046354 0.042969
2 0.648438 0.601172 0.046875 0.042969