0 0.691406 0.755469 0.019271 0.026562
0 0.674740 0.753906 0.014063 0.018750
0 0.663281 0.753516 0.008854 0.019531
0 0.659635 0.755469 0.009896 0.025000
0 0.635156 0.775000 0.061979 0.079687
0 0.604688 0.762500 0.022917 0.053125
0 0.840885 0.761719 0.070312 0.073438
0 0.921094 0.862109 0.157812 0.275781
0 0.276562 0.764063 0.121875 0.053125
0 0.071094 0.764844 0.084896 0.029687
0 0.035937 0.762109 0.005208 0.007031
0 0.035677 0.768359 0.013021 0.005469
5 0.466406 0.651172 0.253646 0.555469
2 0.764844 0.694922 0.005729 0.017969