0 0.138281 0.755469 0.004687 0.004687
0 0.146615 0.755469 0.003646 0.004687
0 0.160937 0.757812 0.005208 0.006250
0 0.171615 0.760547 0.007812 0.011719
0 0.177083 0.762109 0.008333 0.014844
0 0.184115 0.764453 0.010937 0.019531
0 0.190104 0.760156 0.007292 0.010937
0 0.198177 0.768359 0.025521 0.028906
0 0.261198 0.780469 0.035937 0.053125
0 0.284375 0.786328 0.045833 0.061719
0 0.320833 0.792578 0.064583 0.074219
0 0.390885 0.806250 0.106771 0.104688
0 0.502604 0.836328 0.166667 0.160156
0 0.708073 0.877734 0.358854 0.244531
0 0.143490 0.755469 0.002604 0.003125
2 0.135677 0.745312 0.003646 0.004687
2 0.061198 0.724219 0.013021 0.015625
2 0.129427 0.755469 0.002604 0.004687