0 0.044010 0.831250 0.088021 0.250000
0 0.052344 0.645312 0.104688 0.132812
0 0.175000 0.705469 0.281250 0.237500
0 0.107031 0.611719 0.043229 0.042188
0 0.300000 0.648828 0.083333 0.113281
0 0.347917 0.648047 0.059375 0.085156
0 0.378646 0.642188 0.036458 0.067187
0 0.404167 0.635938 0.027083 0.039062
0 0.494010 0.650391 0.164062 0.242969
0 0.774479 0.655078 0.101042 0.092969
0 0.653646 0.755078 0.426042 0.369531
3 0.907031 0.727344 0.185938 0.545312
1 0.407552 0.579688 0.001563 0.007812
2 0.641406 0.568359 0.013021 0.014844
2 0.680729 0.580469 0.045833 0.015625
2 0.291927 0.587891 0.009896 0.011719