0 0.947656 0.642578 0.104688 0.091406
0 0.877865 0.622266 0.088021 0.055469
0 0.782813 0.653125 0.219792 0.223438
0 0.684375 0.623828 0.029167 0.038281
0 0.577344 0.629297 0.063021 0.064844
0 0.551042 0.609375 0.014583 0.025000
0 0.545312 0.607031 0.011458 0.018750
0 0.491406 0.609375 0.034896 0.021875
0 0.501563 0.654687 0.110417 0.140625
0 0.352604 0.621094 0.065625 0.085938
0 0.287760 0.617188 0.022396 0.051562
0 0.142708 0.668750 0.239583 0.210938
0 0.016667 0.590234 0.033333 0.044531
0 0.013281 0.707031 0.026562 0.170313
4 0.871354 0.616797 0.036458 0.074219
4 0.436719 0.583203 0.009896 0.013281
3 0.955469 0.658203 0.089063 0.166406
3 0.661719 0.631250 0.030729 0.107813
3 0.621094 0.653516 0.059896 0.189844
2 0.900521 0.559766 0.010417 0.025781
2 0.919271 0.560156 0.016667 0.032813
2 0.262240 0.519141 0.009896 0.049219