0 0.626823 0.666797 0.006771 0.005469
0 0.620313 0.667188 0.006250 0.006250
0 0.607292 0.670312 0.008333 0.009375
0 0.587240 0.671484 0.008854 0.010156
0 0.570312 0.678125 0.013542 0.015625
0 0.565104 0.675000 0.007292 0.012500
0 0.550521 0.675781 0.012500 0.018750
0 0.541406 0.680859 0.014063 0.019531
0 0.537760 0.671094 0.008854 0.004687
0 0.527083 0.686719 0.023958 0.029687
0 0.521354 0.678906 0.013542 0.017188
0 0.483333 0.673828 0.012500 0.011719
0 0.390365 0.731250 0.114062 0.120313
0 0.385677 0.694922 0.039062 0.014844
0 0.423698 0.679688 0.013021 0.015625
0 0.219271 0.694141 0.062500 0.032031
0 0.069531 0.739453 0.139063 0.230469
5 0.849219 0.639062 0.033854 0.032813
5 0.757552 0.642578 0.083854 0.067969
5 0.821354 0.642188 0.026042 0.037500
2 0.616406 0.679297 0.003646 0.016406
2 0.594271 0.675000 0.002083 0.010937
2 0.486979 0.675000 0.002083 0.009375
2 0.345313 0.685547 0.005208 0.022656