0 0.933854 0.783594 0.132292 0.128125
0 0.836979 0.763672 0.095833 0.096094
0 0.776302 0.750391 0.092188 0.077344
0 0.718490 0.741016 0.058854 0.060156
0 0.677604 0.734375 0.046875 0.050000
0 0.655729 0.730078 0.021875 0.041406
0 0.644792 0.728516 0.017708 0.038281
0 0.621094 0.729297 0.039062 0.047656
0 0.603646 0.721484 0.032292 0.042969
0 0.534896 0.738672 0.073958 0.092969
0 0.548698 0.708984 0.013021 0.008594
0 0.496354 0.720312 0.037500 0.064062
0 0.248177 0.726562 0.051562 0.040625
0 0.339063 0.723047 0.050000 0.025781
0 0.038281 0.714063 0.076563 0.089063
0 0.010677 0.734766 0.021354 0.082031
0 0.179167 0.712109 0.016667 0.044531
0 0.585417 0.708594 0.019792 0.045312
4 0.897135 0.732812 0.029687 0.051562
3 0.576562 0.726953 0.016667 0.063281
3 0.566146 0.709375 0.011458 0.031250
2 0.251563 0.591016 0.006250 0.039844
2 0.360156 0.633203 0.003646 0.024219
2 0.402083 0.652734 0.003125 0.019531
2 0.427344 0.664062 0.002604 0.014063
2 0.463281 0.682812 0.001563 0.009375