0 0.830469 0.726562 0.114062 0.106250
0 0.779948 0.701562 0.016146 0.023438
0 0.759635 0.711328 0.021354 0.027344
0 0.729167 0.720703 0.055208 0.058594
0 0.673177 0.716406 0.045312 0.043750
0 0.650521 0.701562 0.008333 0.009375
0 0.627865 0.701562 0.007812 0.009375
0 0.595312 0.709766 0.020833 0.032031
0 0.577083 0.699219 0.012500 0.007812
0 0.575260 0.716797 0.033854 0.052344
0 0.534375 0.729688 0.070833 0.092188
1 0.711979 0.663281 0.004167 0.015625
2 0.710417 0.672266 0.004167 0.017969
2 0.739323 0.610547 0.047396 0.044531
2 0.679427 0.612891 0.041146 0.042969
2 0.629687 0.650781 0.023958 0.023438
2 0.599219 0.651563 0.018229 0.023438
2 0.506250 0.695703 0.003125 0.011719
2 0.468490 0.696484 0.005729 0.025781