0 0.690885 0.673047 0.028646 0.022656
0 0.573177 0.688281 0.015104 0.012500
0 0.465365 0.695703 0.064062 0.027344
0 0.391927 0.707422 0.013021 0.011719
0 0.327083 0.713281 0.031250 0.014063
0 0.178906 0.731250 0.020313 0.015625
0 0.824479 0.723828 0.137500 0.161719
0 0.940365 0.698047 0.102604 0.091406
6 0.087240 0.703125 0.174479 0.289062
2 0.625260 0.576953 0.045312 0.113281
2 0.713021 0.659766 0.007292 0.014844
2 0.675000 0.153125 0.021875 0.026562
2 0.719271 0.129688 0.061458 0.085938
2 0.757812 0.103906 0.022917 0.062500
2 0.513802 0.515625 0.004687 0.009375