0 0.506250 0.838672 0.102083 0.103906
0 0.301302 0.819141 0.104688 0.063281
0 0.730469 0.861328 0.102604 0.130469
0 0.669531 0.838281 0.045312 0.059375
0 0.809115 0.842578 0.076563 0.049219
0 0.957292 0.871094 0.085417 0.129688
0 0.919010 0.848438 0.028646 0.060937
0 0.899479 0.846484 0.025000 0.039844
0 0.862240 0.843359 0.027604 0.025781
0 0.878906 0.844141 0.013021 0.022656
4 0.271354 0.807031 0.013542 0.073438
4 0.938542 0.814844 0.015625 0.042188
2 0.900781 0.793359 0.024479 0.017969
2 0.901823 0.810937 0.025521 0.017188