0 0.888802 0.771484 0.222396 0.260156
0 0.708854 0.719141 0.150000 0.130469
0 0.534635 0.757812 0.224479 0.246875
0 0.434635 0.678125 0.011979 0.014063
0 0.420833 0.675781 0.015625 0.012500
0 0.413542 0.679688 0.019792 0.015625
0 0.395573 0.676562 0.007812 0.009375
0 0.402344 0.677344 0.004687 0.004687
0 0.226823 0.712109 0.130729 0.130469
0 0.218490 0.670703 0.030729 0.017969
0 0.065885 0.714062 0.131771 0.137500
2 0.863021 0.555078 0.038542 0.049219
2 0.532031 0.603125 0.022396 0.059375
2 0.588021 0.606250 0.019792 0.026562
2 0.360677 0.645703 0.006771 0.010156
2 0.330729 0.634766 0.005208 0.011719