0 0.603906 0.824219 0.309896 0.351562
0 0.888021 0.837891 0.223958 0.324219
0 0.061458 0.710938 0.122917 0.092188
0 0.280990 0.716016 0.100521 0.086719
0 0.169531 0.709375 0.058854 0.067187
0 0.251562 0.702344 0.044792 0.046875
0 0.771354 0.768750 0.136458 0.134375
0 0.842448 0.732422 0.044271 0.042969
0 0.705729 0.708984 0.026042 0.024219
0 0.645833 0.708984 0.021875 0.019531
0 0.525000 0.729297 0.122917 0.116406
0 0.600521 0.708203 0.010417 0.019531
4 0.071615 0.706641 0.041146 0.139844
2 0.396094 0.713281 0.019271 0.073438