0 0.200000 0.800000 0.400000 0.400000
0 0.772396 0.811719 0.455208 0.376563
0 0.426302 0.712891 0.115104 0.125781
0 0.170313 0.672656 0.026042 0.032813
0 0.121094 0.666406 0.042188 0.015625
0 0.446615 0.677344 0.058854 0.029687
0 0.375781 0.673047 0.018229 0.021094
0 0.367448 0.670312 0.003646 0.012500
0 0.383073 0.654687 0.004687 0.009375
0 0.266667 0.667187 0.022917 0.017188
0 0.326562 0.677734 0.017708 0.032031
1 0.304688 0.598047 0.003125 0.014844
2 0.428646 0.633984 0.009375 0.013281
2 0.443490 0.638281 0.009896 0.025000
2 0.701042 0.492969 0.087500 0.150000