0 0.327344 0.689453 0.032813 0.019531
0 0.396094 0.687109 0.018229 0.010156
0 0.409375 0.681250 0.005208 0.007812
0 0.413802 0.683984 0.005729 0.007031
0 0.419531 0.686719 0.008854 0.006250
0 0.424219 0.680859 0.006771 0.008594
0 0.406250 0.679297 0.002083 0.005469
0 0.483594 0.682422 0.004687 0.007031
0 0.488542 0.683203 0.008333 0.008594
0 0.494271 0.682031 0.003125 0.007812
0 0.498958 0.683594 0.007292 0.009375
0 0.502344 0.685937 0.009896 0.010937
0 0.511979 0.688672 0.003125 0.014844
0 0.517448 0.689453 0.010937 0.017969
0 0.521094 0.691406 0.015104 0.020313
0 0.533594 0.689453 0.009896 0.019531
0 0.544010 0.691016 0.019271 0.022656
0 0.570312 0.694922 0.023958 0.035156
0 0.597135 0.699219 0.038021 0.045312
0 0.686719 0.708984 0.063021 0.064844
5 0.560156 0.677344 0.023438 0.042188
2 0.492188 0.666797 0.007292 0.021094
2 0.824740 0.701953 0.005729 0.007031