0 0.784375 0.771875 0.159375 0.159375
0 0.708073 0.751563 0.070312 0.114062
0 0.667188 0.740625 0.051042 0.079687
0 0.623698 0.730078 0.055729 0.061719
0 0.588542 0.720313 0.032292 0.045312
0 0.596094 0.694141 0.017188 0.011719
0 0.583073 0.691406 0.011979 0.009375
0 0.575521 0.694141 0.012500 0.008594
0 0.569792 0.694141 0.012500 0.008594
0 0.572135 0.703516 0.013021 0.013281
0 0.569531 0.706641 0.007812 0.019531
0 0.526823 0.753516 0.116146 0.155469
0 0.454687 0.714453 0.059375 0.078906
0 0.377865 0.733984 0.117188 0.122656
0 0.160156 0.817187 0.320312 0.365625
0 0.326562 0.700000 0.030208 0.035937
0 0.303125 0.705469 0.016667 0.029687
4 0.637240 0.723828 0.017188 0.082031
4 0.613281 0.720703 0.016146 0.088281