0 0.107292 0.714844 0.172917 0.103125
0 0.172917 0.682031 0.031250 0.014063
0 0.020833 0.695703 0.021875 0.011719
0 0.339062 0.691016 0.068750 0.072656
0 0.377344 0.665234 0.020313 0.016406
0 0.413281 0.684766 0.086979 0.072656
0 0.471875 0.671875 0.030208 0.034375
0 0.499479 0.667969 0.021875 0.026562
0 0.484635 0.668750 0.007812 0.023438
0 0.511458 0.664062 0.009375 0.014063
0 0.572917 0.703516 0.121875 0.160156
0 0.585938 0.652344 0.050000 0.014063
0 0.639323 0.673828 0.022396 0.060156
0 0.672396 0.686719 0.068750 0.089063
0 0.696354 0.650000 0.034375 0.021875
0 0.626302 0.660547 0.011979 0.019531
0 0.624219 0.648828 0.009896 0.003906
0 0.629688 0.646875 0.010417 0.006250
0 0.633854 0.644922 0.009375 0.007031
0 0.622917 0.642578 0.011458 0.008594
0 0.829167 0.730859 0.282292 0.249219
0 0.964583 0.881641 0.070833 0.236719
0 0.989323 0.723437 0.021354 0.087500
0 0.928125 0.671875 0.079167 0.096875
0 0.936719 0.656641 0.058854 0.064844
0 0.474740 0.623828 0.017188 0.005469
2 0.521615 0.650000 0.009896 0.026562
2 0.663802 0.608203 0.029687 0.049219