0 0.019010 0.610547 0.038021 0.086719
0 0.203906 0.599609 0.122396 0.091406
0 0.399219 0.615625 0.106771 0.053125
0 0.913542 0.646094 0.172917 0.106250
0 0.777083 0.721484 0.397917 0.314844
0 0.918490 0.855078 0.163021 0.289844
0 0.984375 0.708984 0.031250 0.039844
0 0.277344 0.736719 0.519271 0.410938
0 0.742708 0.609766 0.015625 0.013281
5 0.536458 0.581641 0.113542 0.128906
4 0.589844 0.607031 0.015104 0.068750
3 0.038542 0.770703 0.077083 0.357031
3 0.099479 0.611719 0.148958 0.210938
3 0.283854 0.579297 0.046875 0.097656
3 0.395313 0.609766 0.051042 0.067969
3 0.460417 0.613672 0.025000 0.058594
3 0.505729 0.623828 0.037500 0.117969
3 0.545312 0.624219 0.055208 0.118750
3 0.621354 0.628125 0.085417 0.103125
3 0.922135 0.582031 0.069271 0.026562
3 0.642188 0.585547 0.015625 0.017969
1 0.617448 0.496484 0.011979 0.047656
1 0.619792 0.574219 0.005208 0.007812
1 0.318229 0.414453 0.010417 0.038281
1 0.373958 0.416797 0.010417 0.038281
2 0.741667 0.564453 0.005208 0.005469
2 0.817708 0.568359 0.037500 0.021094