0 0.753906 0.633203 0.047396 0.046094
0 0.703906 0.619141 0.007812 0.010156
0 0.689583 0.627344 0.028125 0.032813
0 0.655990 0.619922 0.010937 0.014844
0 0.611458 0.621094 0.012500 0.017188
0 0.603385 0.674609 0.131771 0.155469
0 0.354427 0.612891 0.052604 0.042969
0 0.241927 0.617188 0.074479 0.059375
0 0.109375 0.625000 0.134375 0.081250
5 0.675260 0.613672 0.015104 0.032031
3 0.844271 0.642188 0.031250 0.090625
3 0.803906 0.644531 0.036979 0.095312
3 0.715885 0.630469 0.021354 0.053125
3 0.675781 0.621484 0.005729 0.017969
3 0.665365 0.622656 0.006771 0.025000
2 0.900781 0.110547 0.035937 0.057031
2 0.342708 0.620703 0.017708 0.075781
2 0.543229 0.612500 0.004167 0.017188