0 0.949479 0.746484 0.101042 0.146094
0 0.878906 0.753125 0.088021 0.101562
0 0.834375 0.744531 0.068750 0.079687
0 0.812760 0.734375 0.059896 0.065625
0 0.805208 0.733594 0.053125 0.057813
0 0.838802 0.702734 0.021354 0.007031
0 0.800260 0.705078 0.036979 0.021094
0 0.746875 0.700781 0.029167 0.015625
0 0.729688 0.729688 0.062500 0.070312
0 0.637500 0.714453 0.064583 0.071094
0 0.438802 0.741797 0.181771 0.217969
0 0.364323 0.654297 0.054688 0.032031
0 0.307031 0.658203 0.032813 0.030469
0 0.302865 0.644141 0.024479 0.014844
2 0.802865 0.679688 0.009896 0.014063
2 0.803125 0.691406 0.006250 0.007812
2 0.603646 0.646875 0.018750 0.037500
2 0.483333 0.622656 0.006250 0.015625