0 0.888542 0.778906 0.202083 0.162500
0 0.784896 0.742969 0.054167 0.051562
0 0.628906 0.739063 0.018229 0.018750
0 0.547917 0.754297 0.101042 0.132031
0 0.306510 0.806641 0.269271 0.277344
0 0.186979 0.709766 0.053125 0.042969
0 0.144792 0.711719 0.042708 0.034375
0 0.104948 0.711328 0.046354 0.030469
0 0.070052 0.716016 0.026562 0.049219
0 0.703385 0.748437 0.009896 0.009375
0 0.620313 0.739844 0.006250 0.017188
3 0.792969 0.736328 0.026562 0.057031
2 0.746094 0.749609 0.004687 0.007031
2 0.680990 0.735156 0.004687 0.006250
2 0.680729 0.743750 0.004167 0.009375
2 0.668750 0.712891 0.005208 0.013281
2 0.562500 0.685156 0.007292 0.009375
2 0.044271 0.626563 0.025000 0.031250
2 0.070833 0.670313 0.008333 0.014063
2 0.337240 0.654687 0.016146 0.026562