0 0.872917 0.860156 0.254167 0.260937
0 0.646354 0.857031 0.396875 0.285938
0 0.653125 0.780078 0.082292 0.060156
0 0.747656 0.757422 0.033854 0.025781
0 0.492708 0.608203 0.032292 0.008594
0 0.800781 0.633203 0.019271 0.007031
0 0.551562 0.767188 0.132292 0.090625
0 0.492188 0.762500 0.018750 0.043750
0 0.495312 0.738281 0.007292 0.006250
0 0.493229 0.733594 0.008333 0.010937
0 0.501823 0.728516 0.006771 0.008594
0 0.495312 0.724609 0.006250 0.007031
0 0.489583 0.728906 0.008333 0.009375
2 0.914583 0.558984 0.170833 0.219531
2 0.251042 0.632031 0.015625 0.060937
2 0.439583 0.698828 0.006250 0.025781
2 0.483073 0.719922 0.003646 0.016406
2 0.460938 0.726562 0.003125 0.009375
2 0.069531 0.671484 0.008854 0.022656