0 0.233073 0.694922 0.011979 0.007031
0 0.212760 0.713281 0.027604 0.040625
0 0.186458 0.697656 0.016667 0.014063
0 0.126302 0.705078 0.199479 0.089844
0 0.117969 0.789844 0.235937 0.246875
0 0.258594 0.758984 0.054688 0.144531
0 0.252604 0.715625 0.030208 0.050000
0 0.022135 0.918750 0.044271 0.162500
0 0.576563 0.702344 0.033333 0.028125
0 0.532813 0.690625 0.026042 0.007812
0 0.535417 0.725781 0.032292 0.056250
0 0.555469 0.712891 0.018229 0.032031
0 0.388542 0.805859 0.331250 0.388281
3 0.607812 0.819922 0.108333 0.317969
3 0.845573 0.772656 0.308854 0.454688
2 0.679167 0.459766 0.054167 0.103906
2 0.660677 0.475000 0.067187 0.131250
2 0.987240 0.757031 0.025521 0.267188
2 0.555729 0.618750 0.034375 0.062500
2 0.555729 0.714062 0.008333 0.040625