0 0.888542 0.773828 0.222917 0.186719
0 0.701823 0.720703 0.049479 0.064844
0 0.683854 0.725781 0.070833 0.081250
0 0.653125 0.696094 0.014583 0.015625
0 0.635156 0.694531 0.015104 0.007812
0 0.631510 0.710547 0.044271 0.052344
0 0.616927 0.701562 0.021354 0.028125
0 0.604687 0.699609 0.012500 0.021094
0 0.597656 0.697266 0.009896 0.017969
0 0.589844 0.696875 0.009896 0.020313
0 0.577083 0.698047 0.022917 0.027344
0 0.563021 0.694531 0.011458 0.017188
0 0.546875 0.695312 0.021875 0.025000
0 0.473958 0.686719 0.012500 0.012500
2 0.634115 0.665234 0.005729 0.011719
2 0.524479 0.685156 0.003125 0.010937
2 0.498958 0.683594 0.005208 0.020313
2 0.300260 0.679688 0.024479 0.085938