0 0.020052 0.829297 0.040104 0.171094
0 0.433333 0.698828 0.050000 0.061719
0 0.459896 0.683594 0.005208 0.009375
0 0.471615 0.696484 0.027604 0.036719
0 0.494010 0.690234 0.009896 0.021094
0 0.540104 0.691797 0.017708 0.019531
0 0.623177 0.716797 0.052604 0.080469
0 0.557812 0.687891 0.012500 0.016406
0 0.545833 0.752344 0.144792 0.178125
6 0.116667 0.632031 0.233333 0.356250
3 0.397135 0.699609 0.016146 0.047656
3 0.489323 0.687109 0.004687 0.017969
2 0.635938 0.644922 0.006250 0.019531
2 0.759115 0.589062 0.016146 0.051562
2 0.763802 0.632031 0.005729 0.015625