0 0.925000 0.662500 0.096875 0.079687
0 0.884635 0.666797 0.098437 0.071094
0 0.819531 0.685156 0.184896 0.143750
0 0.725000 0.655859 0.056250 0.057031
0 0.653125 0.645312 0.100000 0.082812
0 0.569792 0.639453 0.019792 0.038281
0 0.580469 0.639844 0.002604 0.015625
0 0.524219 0.671875 0.099479 0.131250
0 0.413542 0.654297 0.044792 0.035156
0 0.334635 0.651563 0.113021 0.104688
0 0.184115 0.642188 0.042188 0.067187
0 0.067448 0.660938 0.134896 0.229687
0 0.555729 0.605469 0.006250 0.007812
0 0.540625 0.604688 0.007292 0.006250
0 0.553906 0.609766 0.005729 0.007031
4 0.983333 0.641797 0.017708 0.049219
4 0.978646 0.651563 0.025000 0.065625
4 0.944792 0.620312 0.011458 0.012500
2 0.813542 0.595312 0.012500 0.017188
2 0.646094 0.538281 0.027604 0.042188
2 0.600260 0.544922 0.032813 0.035156