0 0.123698 0.623047 0.163021 0.075781
0 0.250000 0.613281 0.073958 0.048438
0 0.346354 0.607813 0.065625 0.037500
0 0.372917 0.599609 0.014583 0.022656
0 0.402604 0.600781 0.026042 0.031250
0 0.412760 0.602344 0.035937 0.026562
0 0.455469 0.601172 0.013021 0.019531
0 0.476042 0.599609 0.014583 0.017969
0 0.536198 0.621875 0.077604 0.096875
0 0.577083 0.607812 0.031250 0.046875
0 0.596615 0.602734 0.021354 0.030469
0 0.606250 0.602734 0.016667 0.022656
0 0.619010 0.603125 0.013021 0.017188
0 0.633594 0.603516 0.025521 0.032031
0 0.663542 0.612891 0.055208 0.060156
0 0.690365 0.603516 0.019271 0.033594
0 0.711979 0.595703 0.027083 0.014844
0 0.722396 0.611719 0.047917 0.048438
0 0.783073 0.622656 0.082812 0.076563
0 0.943490 0.656250 0.113021 0.195312
0 0.933854 0.625000 0.132292 0.120313
5 0.646875 0.583203 0.017708 0.014844
4 0.740365 0.592578 0.004687 0.010156
3 0.753646 0.595703 0.012500 0.022656
3 0.817448 0.607422 0.024479 0.057031
2 0.351302 0.577734 0.017188 0.064844
2 0.507812 0.587891 0.006250 0.019531
2 0.532031 0.551172 0.014063 0.035156
2 0.633854 0.547656 0.015625 0.017188
2 0.649219 0.546484 0.010937 0.016406