0 0.551562 0.709766 0.015625 0.022656
0 0.563542 0.718750 0.011458 0.043750
0 0.613281 0.742578 0.109896 0.146094
0 0.669792 0.740625 0.026042 0.073438
0 0.678385 0.723047 0.016146 0.027344
0 0.696354 0.726562 0.029167 0.037500
0 0.730729 0.741797 0.070833 0.069531
0 0.785677 0.741797 0.055729 0.057031
0 0.841667 0.746484 0.058333 0.057031
0 0.907812 0.760156 0.122917 0.089063
0 0.980990 0.759766 0.038021 0.077344
0 0.798177 0.713672 0.027604 0.010156
0 0.813802 0.731250 0.028646 0.026562
0 0.755208 0.717969 0.009375 0.010937
0 0.686719 0.712891 0.003646 0.003906
0 0.681771 0.707422 0.013542 0.007031
0 0.542448 0.704297 0.004687 0.007031
0 0.051562 0.728125 0.103125 0.098437
0 0.098177 0.711719 0.027604 0.045312
0 0.135417 0.710938 0.041667 0.042188
0 0.111198 0.694141 0.026562 0.014844
0 0.159375 0.704688 0.010417 0.015625
0 0.198698 0.707812 0.043229 0.043750
0 0.232031 0.707031 0.027604 0.026562
0 0.254948 0.707422 0.023438 0.024219
0 0.276042 0.707422 0.022917 0.024219
0 0.294531 0.708203 0.018229 0.022656
0 0.320312 0.710938 0.038542 0.034375
0 0.306510 0.700781 0.008854 0.007812
2 0.528646 0.682422 0.004167 0.007031
2 0.542448 0.682031 0.008854 0.007812
2 0.553385 0.682812 0.008854 0.009375
2 0.564844 0.682813 0.007812 0.007812
2 0.508594 0.700000 0.002604 0.010937
2 0.394531 0.703906 0.014063 0.051562