0 0.010937 0.635156 0.021875 0.017188
0 0.021875 0.662891 0.043750 0.041406
0 0.096615 0.705078 0.193229 0.152344
0 0.269792 0.668359 0.044792 0.063281
0 0.435156 0.684375 0.056771 0.100000
0 0.469792 0.666406 0.023958 0.040625
0 0.549740 0.677344 0.075521 0.067187
0 0.564323 0.652734 0.008854 0.011719
0 0.565365 0.655469 0.007812 0.015625
0 0.575521 0.657813 0.021875 0.023438
0 0.590365 0.670312 0.017188 0.050000
0 0.603385 0.673438 0.031771 0.059375
0 0.637760 0.684766 0.074479 0.088281
0 0.697396 0.712109 0.092708 0.174219
0 0.847656 0.756250 0.304688 0.300000
0 0.210417 0.798438 0.417708 0.403125
3 0.390365 0.659766 0.052604 0.160156
3 0.440885 0.699609 0.048438 0.167969
3 0.494531 0.685547 0.050521 0.158594
2 0.616146 0.624609 0.008333 0.021094
2 0.700260 0.612109 0.018229 0.036719
2 0.616146 0.639453 0.008333 0.008594