0 0.769271 0.812500 0.408333 0.370312
0 0.087500 0.800000 0.175000 0.400000
0 0.220573 0.732422 0.191146 0.186719
0 0.331510 0.712891 0.085938 0.114844
0 0.174479 0.678906 0.086458 0.053125
0 0.107813 0.671094 0.073958 0.031250
0 0.293490 0.661719 0.007812 0.007812
0 0.566406 0.740625 0.119271 0.175000
0 0.520833 0.714063 0.091667 0.115625
0 0.381250 0.675000 0.034375 0.021875
0 0.404167 0.674609 0.022917 0.017969
0 0.408854 0.674219 0.016667 0.021875
0 0.364323 0.669531 0.007812 0.010937
0 0.435938 0.695703 0.134375 0.092969
4 0.117708 0.671875 0.063542 0.110937
2 0.571615 0.586328 0.013021 0.050781