0 0.089063 0.691406 0.085417 0.067187
0 0.150521 0.691016 0.114583 0.075781
0 0.213802 0.684766 0.044271 0.049219
0 0.233594 0.683984 0.020313 0.038281
0 0.247135 0.680469 0.023438 0.029687
0 0.251042 0.687109 0.014583 0.036719
0 0.336979 0.681250 0.010417 0.053125
0 0.353385 0.682422 0.029687 0.041406
0 0.377344 0.682031 0.026562 0.034375
0 0.662500 0.708203 0.085417 0.102344
0 0.684375 0.683594 0.037500 0.031250
0 0.728646 0.680859 0.020833 0.025781
0 0.736719 0.687891 0.035937 0.036719
0 0.769271 0.682031 0.027083 0.023438
0 0.780990 0.680469 0.007812 0.017188
0 0.798177 0.685156 0.020313 0.026562
0 0.826823 0.702734 0.046354 0.050781
0 0.808073 0.676172 0.003646 0.008594
0 0.852344 0.682422 0.011979 0.019531
0 0.880990 0.753516 0.089063 0.182031
0 0.938802 0.817969 0.122396 0.364063
0 0.700260 0.680859 0.002604 0.010156
0 0.023698 0.693359 0.041146 0.074219
4 0.004427 0.678516 0.008854 0.124219
4 0.027865 0.685937 0.046354 0.104688
4 0.824740 0.696484 0.019271 0.067969
3 0.787240 0.681641 0.007812 0.028906
3 0.278646 0.718359 0.121875 0.280469
1 0.694792 0.642969 0.005208 0.018750
2 0.889063 0.602344 0.006250 0.039062
2 0.857292 0.644141 0.009375 0.008594