0 0.473698 0.634766 0.060937 0.082031
0 0.467708 0.602734 0.027083 0.021094
0 0.449740 0.604297 0.005729 0.017969
0 0.446875 0.603516 0.005208 0.016406
0 0.443229 0.602344 0.007292 0.014063
0 0.438542 0.602344 0.004167 0.012500
0 0.430208 0.606641 0.008333 0.024219
0 0.418490 0.609375 0.023438 0.029687
0 0.410156 0.615234 0.034896 0.047656
0 0.370312 0.628906 0.060417 0.070312
0 0.386458 0.602734 0.019792 0.017969
0 0.336198 0.604688 0.029687 0.029687
0 0.284635 0.648438 0.128646 0.128125
0 0.175000 0.636719 0.118750 0.110937
0 0.096354 0.591797 0.067708 0.016406
0 0.236198 0.600000 0.035937 0.032813
5 0.442448 0.592578 0.013021 0.014844
6 0.367188 0.583984 0.025000 0.017969
2 0.484896 0.579688 0.011458 0.014063