0 0.075260 0.742578 0.150521 0.280469
0 0.188281 0.725000 0.081771 0.084375
0 0.228385 0.696484 0.013021 0.013281
0 0.157031 0.690234 0.023438 0.021094
0 0.266667 0.723828 0.103125 0.099219
0 0.317708 0.706250 0.020833 0.032813
0 0.325521 0.701953 0.025000 0.036719
0 0.339323 0.705859 0.009896 0.033594
0 0.358333 0.707422 0.043750 0.049219
0 0.378906 0.692187 0.004687 0.004687
0 0.388802 0.702344 0.019271 0.032813
0 0.427604 0.710938 0.063542 0.078125
0 0.475781 0.703516 0.033854 0.049219
0 0.498698 0.702734 0.006771 0.017969
0 0.504167 0.696484 0.009375 0.007031
0 0.511198 0.701562 0.011979 0.028125
0 0.521354 0.702344 0.015625 0.034375
0 0.533594 0.701953 0.023438 0.042969
0 0.545573 0.705078 0.024479 0.047656
0 0.569792 0.707812 0.050000 0.056250
0 0.619792 0.721484 0.066667 0.091406
0 0.699219 0.732422 0.150521 0.142969
2 0.280729 0.718359 0.013542 0.057031
2 0.398698 0.693750 0.005729 0.020313