0 0.137240 0.794922 0.047396 0.042969
0 0.190885 0.829297 0.175521 0.142969
0 0.333073 0.810156 0.079687 0.078125
0 0.370052 0.782813 0.008854 0.010937
0 0.390104 0.803906 0.043750 0.057813
0 0.288802 0.795703 0.031771 0.069531
0 0.408333 0.791406 0.007292 0.012500
0 0.413281 0.788281 0.007812 0.009375
0 0.417448 0.787109 0.004687 0.005469
0 0.463542 0.786328 0.012500 0.007031
0 0.515104 0.790625 0.018750 0.012500
0 0.517448 0.826953 0.085938 0.119531
0 0.550000 0.789844 0.005208 0.012500
0 0.552865 0.786328 0.003646 0.005469
0 0.577604 0.816016 0.053125 0.074219
0 0.610417 0.810547 0.032292 0.050781
0 0.624479 0.796875 0.005208 0.012500
0 0.629948 0.808594 0.010937 0.045312
0 0.652604 0.796484 0.044792 0.085156
0 0.678385 0.826172 0.077604 0.085156
0 0.732031 0.824609 0.063021 0.069531
0 0.814583 0.824609 0.101042 0.077344
0 0.872656 0.881250 0.254688 0.237500
6 0.467187 0.776953 0.017708 0.025781
4 0.045052 0.780469 0.018229 0.035937
4 0.049740 0.800000 0.019271 0.065625
3 0.421875 0.785938 0.008333 0.014063
2 0.775781 0.751563 0.014063 0.028125