0 0.415885 0.677344 0.168229 0.220312
0 0.879427 0.701953 0.241146 0.289844
0 0.603646 0.636719 0.113542 0.125000
0 0.709635 0.616406 0.103646 0.079687
0 0.650781 0.601172 0.028646 0.039844
0 0.502865 0.604687 0.027604 0.035937
0 0.536719 0.601953 0.048438 0.066406
0 0.872396 0.605859 0.187500 0.071094
0 0.495052 0.599609 0.022396 0.019531
0 0.042708 0.603906 0.065625 0.020313
0 0.129688 0.584766 0.065625 0.042969
0 0.191667 0.602344 0.027083 0.009375
0 0.143229 0.602344 0.032292 0.006250
0 0.258073 0.601172 0.017188 0.005469
0 0.285417 0.602344 0.012500 0.003125
0 0.310156 0.599609 0.015104 0.005469
0 0.437760 0.604297 0.046354 0.035156