0 0.032292 0.589062 0.064583 0.017188
0 0.095313 0.592187 0.014583 0.012500
0 0.177865 0.598047 0.007812 0.005469
0 0.184635 0.599609 0.015104 0.008594
0 0.204948 0.600000 0.039062 0.012500
0 0.239323 0.600391 0.018229 0.014844
0 0.225260 0.603516 0.010937 0.007031
0 0.134115 0.628906 0.122396 0.104688
0 0.270573 0.641406 0.096354 0.098437
0 0.324740 0.630078 0.044271 0.061719
0 0.354687 0.625000 0.014583 0.029687
0 0.370312 0.625391 0.026042 0.039844
0 0.396615 0.644141 0.078646 0.096094
0 0.404427 0.616406 0.010937 0.007812
0 0.425000 0.632422 0.032292 0.047656
3 0.482812 0.637500 0.004167 0.010937
3 0.494531 0.639062 0.004687 0.009375
1 0.445573 0.591406 0.003646 0.006250
2 0.452344 0.623047 0.002604 0.008594
2 0.501302 0.626172 0.003646 0.005469
2 0.510938 0.626172 0.002083 0.008594
2 0.513021 0.625781 0.002083 0.009375
2 0.515104 0.625781 0.002083 0.012500
2 0.516927 0.630078 0.002604 0.010156
2 0.612240 0.528125 0.063021 0.081250