0 0.804948 0.751953 0.083854 0.057031
0 0.620312 0.753125 0.121875 0.193750
0 0.489844 0.717969 0.050521 0.035937
0 0.441406 0.727344 0.085938 0.075000
0 0.399740 0.825000 0.445312 0.350000
0 0.341406 0.694531 0.026562 0.025000
0 0.303125 0.708203 0.058333 0.060156
0 0.261458 0.717969 0.092708 0.092188
0 0.133854 0.794922 0.267708 0.314844
4 0.774740 0.748828 0.016146 0.072656
3 0.699479 0.794531 0.081250 0.207813
3 0.380990 0.702344 0.023438 0.026562
1 0.619271 0.605469 0.013542 0.056250
1 0.500000 0.608594 0.004167 0.021875
1 0.476042 0.607422 0.004167 0.024219
1 0.468750 0.607422 0.005208 0.022656
1 0.256250 0.648047 0.007292 0.024219
2 0.965625 0.473438 0.068750 0.096875
2 0.736198 0.589844 0.036979 0.075000
2 0.652083 0.655469 0.013542 0.012500
2 0.552604 0.690234 0.011458 0.010156