0 0.068229 0.738281 0.053125 0.142187
0 0.354688 0.729297 0.052083 0.050781
0 0.391927 0.726953 0.025521 0.049219
0 0.600260 0.716016 0.006771 0.016406
0 0.608854 0.713281 0.013542 0.025000
0 0.645833 0.733984 0.027083 0.047656
0 0.660677 0.738672 0.026562 0.052344
0 0.705729 0.758203 0.098958 0.108594
0 0.877865 0.761719 0.177604 0.126562
0 0.567448 0.748438 0.073438 0.100000
5 0.527604 0.706250 0.008333 0.010937
6 0.570573 0.692969 0.054688 0.073438
6 0.542448 0.706641 0.005729 0.008594
4 0.035156 0.706641 0.055729 0.353906
4 0.146875 0.677734 0.032292 0.238281
4 0.175781 0.710156 0.070312 0.314063
4 0.199479 0.644141 0.023958 0.133594
4 0.315365 0.713672 0.050521 0.222656
4 0.340104 0.698437 0.028125 0.207813
4 0.963021 0.760547 0.032292 0.100781
4 0.784896 0.719922 0.008333 0.028906
4 0.778125 0.732422 0.012500 0.060156
4 0.409635 0.701562 0.020313 0.096875
1 0.520833 0.632422 0.007292 0.011719
2 0.627604 0.698047 0.004167 0.010156
2 0.684115 0.674219 0.026562 0.023438
2 0.706250 0.684375 0.012500 0.009375
2 0.706771 0.693750 0.012500 0.009375
2 0.721354 0.700000 0.006250 0.010937
2 0.841146 0.677734 0.021875 0.042969
2 0.535156 0.687109 0.004687 0.013281
2 0.674219 0.695703 0.005729 0.007031