0 0.853385 0.750781 0.214062 0.175000
0 0.708333 0.698828 0.069792 0.050781
0 0.682292 0.742188 0.131250 0.165625
0 0.600000 0.697656 0.044792 0.053125
0 0.575521 0.690625 0.028125 0.043750
0 0.567708 0.688281 0.018750 0.031250
0 0.549479 0.680859 0.014583 0.021094
0 0.534115 0.687500 0.019271 0.032813
0 0.517969 0.689453 0.026562 0.041406
0 0.494792 0.676953 0.027083 0.014844
0 0.478385 0.706641 0.077604 0.094531
0 0.416667 0.745313 0.178125 0.203125
0 0.298958 0.678906 0.071875 0.029687
4 0.952083 0.716797 0.044792 0.133594
4 0.607812 0.739844 0.025000 0.128125
4 0.354948 0.673047 0.022396 0.050781
2 0.952865 0.601953 0.039062 0.074219
2 0.752344 0.620313 0.017188 0.031250
2 0.753385 0.655859 0.013021 0.039844
2 0.716146 0.586719 0.035417 0.045312
2 0.632031 0.655078 0.005729 0.017969
2 0.081771 0.600000 0.037500 0.056250