0 0.421094 0.637500 0.038021 0.023438
0 0.579688 0.794141 0.425000 0.411719
0 0.613281 0.667578 0.109896 0.046094
0 0.741667 0.687109 0.052083 0.091406
0 0.775260 0.667187 0.055729 0.064062
0 0.820833 0.640625 0.050000 0.029687
0 0.898438 0.629687 0.026042 0.012500
0 0.930729 0.624609 0.026042 0.005469
0 0.916406 0.637500 0.038021 0.023438
0 0.879687 0.637109 0.056250 0.019531
0 0.847135 0.641016 0.050521 0.013281
0 0.836198 0.662891 0.056771 0.035156
0 0.841406 0.704297 0.109896 0.111719
0 0.893229 0.749219 0.212500 0.207813
3 0.391406 0.626563 0.024479 0.034375