0 0.787500 0.793359 0.212500 0.217969
0 0.696875 0.742578 0.055208 0.100781
0 0.668490 0.742188 0.040104 0.082812
0 0.661198 0.730859 0.040104 0.063281
0 0.639583 0.725781 0.029167 0.054688
0 0.574479 0.703906 0.036458 0.028125
0 0.578125 0.766406 0.135417 0.184375
0 0.439583 0.700781 0.014583 0.014063
0 0.424479 0.704687 0.011458 0.025000
0 0.384635 0.705859 0.040104 0.033594
0 0.367188 0.700000 0.010417 0.010937
0 0.350000 0.709375 0.034375 0.028125
0 0.314583 0.714062 0.038542 0.043750
0 0.268490 0.711719 0.065104 0.053125
0 0.205469 0.715234 0.049479 0.069531
0 0.084375 0.717187 0.132292 0.101562
3 0.430469 0.697266 0.007812 0.013281
2 0.664062 0.680078 0.008333 0.011719
2 0.497917 0.705469 0.006250 0.029687
2 0.463021 0.586719 0.021875 0.056250