0 0.583854 0.672266 0.017708 0.010156
0 0.613542 0.703516 0.047917 0.061719
0 0.497135 0.675781 0.011979 0.018750
0 0.510677 0.674219 0.013021 0.012500
0 0.512500 0.687109 0.016667 0.035156
0 0.492969 0.678906 0.013021 0.021875
0 0.520573 0.696484 0.022396 0.053906
0 0.446354 0.675391 0.039583 0.036719
0 0.456250 0.724219 0.095833 0.128125
0 0.557292 0.710938 0.084375 0.092188
0 0.727604 0.699219 0.055208 0.039062
0 0.818750 0.803516 0.362500 0.328906
0 0.595833 0.670703 0.008333 0.003906
0 0.400781 0.669922 0.007812 0.013281
0 0.395313 0.673438 0.008333 0.014063
0 0.369271 0.672266 0.015625 0.021094
0 0.357031 0.676172 0.020313 0.017969
0 0.351562 0.665234 0.010417 0.003906
0 0.195573 0.686328 0.034896 0.038281
0 0.130469 0.676562 0.100521 0.070312
0 0.024219 0.669141 0.048438 0.036719
2 0.565365 0.532031 0.005729 0.015625
2 0.053125 0.721094 0.106250 0.131250