0 0.562500 0.733984 0.045833 0.063281
0 0.576563 0.719922 0.021875 0.032031
0 0.603906 0.719531 0.015104 0.023438
0 0.630729 0.731641 0.046875 0.063281
0 0.660938 0.728125 0.017708 0.035937
0 0.715365 0.742188 0.055729 0.065625
0 0.660417 0.644141 0.011458 0.005469
0 0.534115 0.639453 0.017188 0.003906
0 0.505208 0.634375 0.007292 0.006250
0 0.515365 0.637891 0.010937 0.005469
0 0.596875 0.712500 0.004167 0.009375
0 0.655729 0.707813 0.008333 0.006250
2 0.469010 0.714063 0.014063 0.034375
2 0.516927 0.709375 0.006771 0.017188
2 0.535417 0.708594 0.004167 0.009375