0 0.805208 0.698438 0.087500 0.078125
0 0.750521 0.691016 0.048958 0.058594
0 0.733333 0.691016 0.043750 0.049219
0 0.708594 0.691016 0.025521 0.044531
0 0.687240 0.687109 0.032813 0.025781
0 0.593229 0.684766 0.027083 0.028906
0 0.559375 0.683984 0.064583 0.033594
0 0.520312 0.685937 0.023958 0.026562
0 0.477865 0.684375 0.065104 0.029687
0 0.467448 0.679688 0.053646 0.029687
0 0.446354 0.678516 0.040625 0.032031
0 0.415885 0.678125 0.020313 0.023438
0 0.408854 0.682422 0.018750 0.032031
0 0.365365 0.691016 0.080729 0.088281
0 0.321615 0.687500 0.036979 0.046875
0 0.021875 0.682031 0.043750 0.037500
0 0.043229 0.668750 0.045833 0.017188
5 0.172656 0.674219 0.054688 0.060937
4 0.421354 0.662891 0.007292 0.022656
3 0.423958 0.679688 0.010417 0.029687
1 0.764583 0.610156 0.009375 0.037500
1 0.749219 0.562891 0.008854 0.027344
1 0.727083 0.568750 0.008333 0.026562
2 0.293229 0.692578 0.023958 0.047656
2 0.253385 0.708203 0.011979 0.021094
2 0.073698 0.709375 0.013021 0.017188
2 0.064844 0.682031 0.004687 0.012500
2 0.088281 0.674219 0.003646 0.010937
2 0.094792 0.667188 0.003125 0.010937
2 0.115885 0.666016 0.002604 0.008594
2 0.123698 0.665625 0.002604 0.007812
2 0.043750 0.635938 0.017708 0.010937
2 0.208333 0.680859 0.003125 0.013281
2 0.190104 0.642969 0.004167 0.009375
2 0.583333 0.694922 0.013542 0.022656
2 0.609635 0.686719 0.006771 0.025000
2 0.614583 0.682422 0.006250 0.022656
2 0.594271 0.511719 0.042708 0.032813