0 0.401042 0.649219 0.023958 0.018750
0 0.367969 0.661719 0.051562 0.046875
0 0.289323 0.649219 0.036979 0.018750
0 0.304688 0.682812 0.102083 0.110937
0 0.472135 0.664453 0.131771 0.077344
0 0.090104 0.647656 0.012500 0.018750
0 0.146094 0.646484 0.006771 0.014844
0 0.425781 0.791797 0.416146 0.416406
4 0.711979 0.668359 0.041667 0.135156
2 0.586979 0.521484 0.039583 0.058594
2 0.244531 0.702734 0.055729 0.114844
2 0.248698 0.604687 0.056771 0.082812
2 0.366146 0.521094 0.012500 0.048438
2 0.365625 0.560156 0.012500 0.031250