0 0.561458 0.652734 0.023958 0.077344
0 0.482813 0.632422 0.036458 0.042969
0 0.463021 0.629297 0.017708 0.036719
0 0.271875 0.621875 0.043750 0.032813
0 0.209115 0.629297 0.047396 0.046094
0 0.163802 0.632031 0.059896 0.053125
0 0.036979 0.655078 0.073958 0.136719
6 0.784896 0.475781 0.430208 0.867188
1 0.521094 0.555859 0.007812 0.032031
1 0.369271 0.576172 0.004167 0.019531
1 0.200781 0.560937 0.005729 0.017188
2 0.530469 0.574609 0.008854 0.019531
2 0.513802 0.591797 0.011979 0.027344
2 0.442708 0.577734 0.021875 0.017969
2 0.441667 0.590625 0.018750 0.009375