0 0.038802 0.832813 0.077604 0.128125
0 0.073698 0.821484 0.059896 0.086719
0 0.143490 0.815625 0.088021 0.078125
0 0.238281 0.809766 0.064062 0.071094
0 0.279427 0.804688 0.034896 0.045312
0 0.305990 0.801172 0.032813 0.042969
0 0.328906 0.801172 0.022396 0.036719
0 0.352344 0.798047 0.027604 0.030469
0 0.367708 0.796875 0.015625 0.028125
0 0.375260 0.787891 0.006771 0.008594
0 0.402083 0.786719 0.021875 0.009375
0 0.431250 0.793359 0.016667 0.021094
0 0.421615 0.787500 0.002604 0.006250
0 0.440885 0.790234 0.006771 0.011719
0 0.455208 0.791797 0.014583 0.017969
0 0.462760 0.790625 0.004687 0.015625
0 0.466146 0.789453 0.006250 0.011719
0 0.477344 0.789453 0.007812 0.010156
0 0.472396 0.789062 0.004167 0.007812
0 0.469271 0.788672 0.002083 0.007031
0 0.488802 0.785156 0.014063 0.014063
0 0.488021 0.793750 0.011458 0.025000
0 0.498698 0.796094 0.018229 0.031250
0 0.520052 0.805078 0.036979 0.050781
0 0.540104 0.796094 0.013542 0.020313
0 0.548438 0.794531 0.006250 0.015625
0 0.570573 0.799219 0.014063 0.025000
0 0.557552 0.790625 0.002604 0.006250
0 0.559635 0.798047 0.005729 0.021094
0 0.562760 0.798438 0.008854 0.023438
0 0.590365 0.803125 0.021354 0.032813
0 0.608333 0.805469 0.028125 0.035937
0 0.638021 0.812109 0.041667 0.052344
0 0.672917 0.816406 0.054167 0.057813
0 0.737500 0.828516 0.093750 0.082031
0 0.870573 0.831250 0.031771 0.065625
0 0.859635 0.876172 0.280729 0.247656
0 0.397656 0.808984 0.056771 0.066406
4 0.579688 0.798047 0.007292 0.030469
4 0.616406 0.808594 0.011979 0.048438
3 0.445573 0.789844 0.004687 0.014063
3 0.553385 0.798438 0.007812 0.026562
2 0.163021 0.748047 0.012500 0.032031
2 0.653125 0.749219 0.025000 0.017188
2 0.655208 0.767187 0.028125 0.017188
2 0.573177 0.775391 0.004687 0.011719