0 0.729688 0.771094 0.260417 0.232813
0 0.898177 0.721484 0.117188 0.039844
0 0.982812 0.729688 0.034375 0.034375
0 0.583073 0.698828 0.058854 0.063281
0 0.476042 0.680859 0.026042 0.032031
0 0.462240 0.670312 0.005729 0.012500
0 0.453646 0.673047 0.015625 0.019531
0 0.440625 0.666406 0.011458 0.017188
0 0.433854 0.658594 0.007292 0.007812
0 0.429427 0.654297 0.006771 0.007031
0 0.419010 0.658203 0.008854 0.003906
0 0.428385 0.649609 0.007812 0.007031
0 0.420052 0.653906 0.006771 0.007812
0 0.434375 0.651953 0.005208 0.005469
0 0.449479 0.651172 0.004167 0.007031
0 0.419792 0.685156 0.039583 0.048438
0 0.270573 0.649609 0.032813 0.055469
0 0.250000 0.665234 0.013542 0.017969
0 0.248177 0.659766 0.010937 0.008594
0 0.241406 0.661719 0.010937 0.012500
0 0.223958 0.666406 0.038542 0.025000
0 0.178125 0.664844 0.055208 0.031250
0 0.208073 0.660938 0.009896 0.010937
0 0.209896 0.657812 0.015625 0.009375
0 0.191667 0.658594 0.027083 0.014063
0 0.135677 0.664062 0.084896 0.046875
0 0.135417 0.646875 0.063542 0.020313
0 0.088021 0.655469 0.026042 0.015625
0 0.056510 0.685156 0.081771 0.096875
0 0.024479 0.681641 0.048958 0.107031
3 0.499740 0.677344 0.006771 0.028125
3 0.442708 0.651953 0.002083 0.008594
3 0.447396 0.654687 0.003125 0.010937
3 0.454948 0.657812 0.003646 0.009375
2 0.202865 0.700000 0.016146 0.043750
2 0.328385 0.682031 0.008854 0.018750
2 0.339583 0.524609 0.009375 0.014844
2 0.534375 0.686719 0.005208 0.018750