0 0.934896 0.821484 0.130208 0.330469
0 0.874479 0.767187 0.110417 0.110937
0 0.815104 0.756641 0.062500 0.096094
0 0.744271 0.719141 0.032292 0.025781
0 0.738542 0.770703 0.144792 0.163281
0 0.671875 0.742188 0.045833 0.092188
0 0.654948 0.711328 0.020313 0.024219
0 0.592708 0.705078 0.067708 0.030469
0 0.590104 0.777734 0.154167 0.211719
0 0.483073 0.709375 0.007812 0.023438
0 0.448958 0.711328 0.027083 0.025781
0 0.425781 0.713672 0.020313 0.035156
0 0.398958 0.711719 0.006250 0.029687
0 0.373177 0.712500 0.024479 0.035937
0 0.354687 0.712109 0.037500 0.039844
0 0.263021 0.721484 0.136458 0.127344
0 0.207813 0.695703 0.016667 0.025781
0 0.086458 0.717969 0.129167 0.104688
0 0.005469 0.748437 0.010937 0.089063
1 0.574479 0.615625 0.004167 0.006250
2 0.946354 0.649219 0.032292 0.037500
2 0.508594 0.712500 0.006771 0.031250