0 0.914062 0.814063 0.171875 0.323437
0 0.846875 0.714453 0.075000 0.057031
0 0.712240 0.718359 0.074479 0.072656
0 0.617448 0.704687 0.022396 0.025000
0 0.626823 0.700781 0.003646 0.014063
0 0.603646 0.701172 0.010417 0.016406
0 0.566146 0.701562 0.028125 0.017188
0 0.564583 0.742188 0.101042 0.135937
0 0.433594 0.709375 0.013021 0.010937
0 0.340104 0.714063 0.052083 0.026562
0 0.102344 0.734766 0.056771 0.025781
2 0.817969 0.694531 0.004687 0.014063
2 0.659635 0.695312 0.002604 0.007812
2 0.646354 0.694531 0.002083 0.006250
2 0.641406 0.695312 0.001563 0.004687
2 0.516927 0.692969 0.003646 0.017188
2 0.496615 0.649219 0.021354 0.032813