0 0.030469 0.635938 0.060937 0.125000
0 0.032552 0.615625 0.054688 0.065625
0 0.220312 0.633594 0.082292 0.076563
0 0.269271 0.627734 0.053125 0.058594
0 0.295573 0.621094 0.020313 0.040625
0 0.359375 0.626172 0.036458 0.047656
0 0.364844 0.620703 0.030729 0.039844
0 0.381771 0.621484 0.018750 0.035156
0 0.391667 0.616406 0.012500 0.023438
0 0.399479 0.611328 0.005208 0.007031
0 0.419271 0.631641 0.052083 0.060156
0 0.445312 0.627734 0.018750 0.046094
0 0.454427 0.612500 0.008854 0.009375
0 0.461198 0.622656 0.019271 0.028125
0 0.476042 0.628516 0.019792 0.046094
0 0.486979 0.629297 0.018750 0.049219
0 0.491927 0.631250 0.018229 0.054688
0 0.502083 0.633594 0.029167 0.064062
0 0.663802 0.633203 0.167187 0.082031
0 0.736979 0.771875 0.526042 0.456250
0 0.450260 0.608594 0.007812 0.007812
0 0.356250 0.601953 0.031250 0.008594
3 0.103125 0.720313 0.206250 0.456250
3 0.326563 0.653125 0.052083 0.168750
1 0.512760 0.587891 0.003646 0.014844
1 0.408594 0.577344 0.001563 0.006250
1 0.421354 0.577734 0.002083 0.008594
1 0.433073 0.577734 0.001563 0.008594
1 0.445052 0.577344 0.001563 0.007812
1 0.486719 0.597266 0.001563 0.005469
2 0.337760 0.593359 0.006771 0.011719