0 0.886458 0.694531 0.227083 0.170313
0 0.654427 0.657422 0.102604 0.100781
0 0.748958 0.642578 0.090625 0.082031
0 0.578385 0.609375 0.020313 0.010937
0 0.575260 0.628516 0.032813 0.041406
0 0.548958 0.621094 0.025000 0.035937
0 0.536198 0.618359 0.004687 0.013281
0 0.034375 0.598047 0.068750 0.039844
5 0.603385 0.611328 0.019271 0.032031
2 0.096875 0.585938 0.036458 0.121875
2 0.745052 0.445312 0.084896 0.070312
2 0.627083 0.444531 0.105208 0.070312
2 0.513542 0.444531 0.067708 0.068750
2 0.799479 0.571484 0.010417 0.010156