0 0.516146 0.636328 0.031250 0.038281
0 0.505469 0.633203 0.017188 0.025781
0 0.489583 0.627344 0.004167 0.009375
0 0.477083 0.624609 0.005208 0.008594
0 0.472135 0.628906 0.011979 0.015625
0 0.459115 0.630078 0.011979 0.014844
0 0.439063 0.632031 0.018750 0.021875
0 0.416927 0.630469 0.005729 0.017188
0 0.398958 0.645703 0.046875 0.069531
0 0.322917 0.675000 0.155208 0.175000
0 0.260156 0.619922 0.015104 0.016406
0 0.196875 0.650000 0.129167 0.118750
0 0.085417 0.646875 0.115625 0.101562
0 0.336198 0.621484 0.022396 0.016406
0 0.424740 0.583203 0.007812 0.007031
0 0.383333 0.584766 0.014583 0.005469
0 0.397656 0.585156 0.015104 0.006250
3 0.535677 0.615625 0.002604 0.009375
3 0.492969 0.628125 0.003646 0.014063
3 0.426302 0.633203 0.017188 0.061719
2 0.507031 0.574609 0.023438 0.025781
2 0.521615 0.605859 0.002604 0.010156
2 0.725521 0.635156 0.021875 0.093750