0 0.621354 0.742578 0.038542 0.058594
0 0.600781 0.741797 0.011979 0.030469
0 0.585417 0.734766 0.006250 0.017969
0 0.576823 0.733203 0.006771 0.016406
0 0.546094 0.753906 0.063021 0.082812
0 0.547917 0.726172 0.013542 0.013281
0 0.525260 0.741406 0.034896 0.051562
0 0.528125 0.712891 0.011458 0.005469
0 0.382812 0.718750 0.061458 0.073438
0 0.453906 0.725781 0.021354 0.025000
6 0.100521 0.634375 0.201042 0.370312
4 0.830469 0.804297 0.120313 0.391406
4 0.651042 0.747266 0.014583 0.047656
4 0.592969 0.742969 0.011979 0.054688
4 0.430990 0.720703 0.005729 0.046094
4 0.427604 0.722266 0.006250 0.044531
4 0.417448 0.721484 0.004687 0.044531
4 0.413802 0.721875 0.006771 0.043750
4 0.283333 0.707031 0.007292 0.035937
4 0.294010 0.710547 0.006771 0.032031
3 0.914062 0.824219 0.135417 0.282813
3 0.683594 0.755859 0.036979 0.069531
3 0.630469 0.755859 0.031771 0.111719
3 0.495833 0.729688 0.012500 0.045312
3 0.209635 0.742578 0.066146 0.182031
1 0.605208 0.578906 0.007292 0.034375
1 0.568490 0.576953 0.006771 0.035156
1 0.557292 0.576562 0.007292 0.032813
1 0.229427 0.628125 0.015104 0.040625
2 0.695052 0.700781 0.023438 0.017188