0 0.161719 0.778125 0.323437 0.415625
0 0.356250 0.685156 0.177083 0.195312
0 0.402344 0.657813 0.099479 0.100000
0 0.502604 0.649219 0.085417 0.087500
0 0.531250 0.627734 0.060417 0.064844
0 0.591927 0.661719 0.088021 0.118750
0 0.603125 0.621875 0.044792 0.020313
0 0.660417 0.646875 0.071875 0.084375
0 0.629427 0.596875 0.051562 0.040625
0 0.702865 0.626563 0.040104 0.045312
0 0.690885 0.633203 0.016146 0.039844
0 0.738021 0.639062 0.062500 0.062500
0 0.770573 0.631250 0.038021 0.050000
0 0.784635 0.604297 0.034896 0.014844
0 0.835156 0.600000 0.028646 0.007812
0 0.793490 0.632812 0.017188 0.046875
0 0.820833 0.638672 0.067708 0.069531
0 0.884635 0.717578 0.230729 0.447656
0 0.928906 0.623437 0.107813 0.067187
1 0.076562 0.477344 0.009375 0.032813
1 0.134896 0.478125 0.008333 0.031250
2 0.505469 0.585938 0.002604 0.014063