0 0.909115 0.697656 0.181771 0.212500
0 0.822656 0.655078 0.120313 0.135156
0 0.752083 0.648828 0.080208 0.083594
0 0.731771 0.640234 0.057292 0.067969
0 0.714844 0.632812 0.034896 0.054688
0 0.701042 0.626953 0.034375 0.050781
0 0.659635 0.640234 0.059896 0.077344
0 0.632552 0.628906 0.014063 0.042188
0 0.600781 0.616016 0.011979 0.017969
0 0.587500 0.624609 0.025000 0.032031
0 0.579167 0.614844 0.012500 0.014063
0 0.564063 0.622266 0.021875 0.027344
0 0.544792 0.624219 0.022917 0.032813
0 0.509375 0.618750 0.026042 0.020313
0 0.488021 0.670703 0.131250 0.147656
0 0.514062 0.570703 0.005208 0.007031
0 0.509896 0.592969 0.007292 0.009375
0 0.501042 0.576562 0.006250 0.007812
0 0.432552 0.614453 0.008854 0.011719
0 0.420833 0.616016 0.014583 0.016406
0 0.227865 0.644141 0.121354 0.102344
0 0.115625 0.725781 0.231250 0.267188
0 0.321354 0.522656 0.016667 0.018750
0 0.193490 0.523438 0.027604 0.014063
0 0.558594 0.565625 0.015104 0.021875
0 0.132552 0.634375 0.029687 0.048438
0 0.162760 0.629687 0.034896 0.054688
4 0.619271 0.630078 0.025000 0.091406
3 0.589844 0.624609 0.013021 0.046094
3 0.562500 0.623828 0.012500 0.039844
2 0.586458 0.530859 0.036458 0.039844
2 0.569531 0.567969 0.006771 0.015625
2 0.558333 0.584375 0.008333 0.012500
2 0.548437 0.591797 0.009375 0.007031
2 0.536979 0.585156 0.003125 0.004687
2 0.589844 0.586328 0.009896 0.011719
2 0.558594 0.565625 0.015104 0.021875
2 0.536458 0.534375 0.025000 0.028125
2 0.414323 0.612500 0.002604 0.012500