0 0.112240 0.741797 0.202604 0.382031
0 0.244010 0.634766 0.121354 0.071094
0 0.375260 0.632031 0.034896 0.054688
0 0.389062 0.618359 0.013542 0.021094
0 0.411979 0.620703 0.042708 0.049219
0 0.484115 0.664453 0.115104 0.161719
0 0.538802 0.645313 0.032813 0.100000
0 0.547656 0.608594 0.010937 0.014063
0 0.573177 0.612109 0.016146 0.021094
0 0.591667 0.629297 0.039583 0.061719
0 0.614844 0.636719 0.038021 0.090625
0 0.712760 0.638672 0.084896 0.108594
0 0.858073 0.692969 0.283854 0.232813
0 0.327083 0.751562 0.423958 0.412500
3 0.558854 0.624219 0.020833 0.070312
3 0.647656 0.657031 0.077604 0.221875
3 0.068229 0.698828 0.136458 0.563281
3 0.417187 0.615625 0.041667 0.057813
2 0.549219 0.591016 0.006771 0.010156