0 0.526042 0.666406 0.007292 0.020313
0 0.549479 0.672656 0.015625 0.034375
0 0.528906 0.660156 0.006771 0.009375
0 0.572656 0.676953 0.017188 0.046094
0 0.583333 0.681250 0.032292 0.054688
0 0.537760 0.661719 0.003646 0.012500
0 0.596875 0.685156 0.034375 0.060937
0 0.629167 0.689063 0.060417 0.073438
0 0.659896 0.698828 0.097917 0.092969
0 0.782552 0.725781 0.189062 0.168750
0 0.896615 0.788672 0.206771 0.330469
0 0.479427 0.666797 0.067187 0.041406
0 0.461719 0.741797 0.173437 0.232031
4 0.533854 0.660937 0.009375 0.015625
4 0.541927 0.660156 0.007812 0.021875
4 0.613281 0.646875 0.013021 0.018750
4 0.047917 0.698828 0.064583 0.208594
4 0.345573 0.670313 0.016146 0.068750
3 0.374219 0.702344 0.043229 0.157812
3 0.395573 0.667578 0.007812 0.025781
3 0.373958 0.702344 0.042708 0.156250
2 0.578906 0.626563 0.005729 0.018750
2 0.579427 0.642969 0.007812 0.014063
2 0.709896 0.579297 0.013542 0.047656
2 0.419792 0.628906 0.007292 0.012500