0 0.709375 0.737891 0.047917 0.049219
0 0.678646 0.733594 0.027083 0.040625
0 0.640625 0.746484 0.070833 0.078906
0 0.613281 0.719141 0.009896 0.016406
0 0.607031 0.722266 0.014063 0.022656
0 0.589323 0.719531 0.020313 0.023438
0 0.575000 0.716016 0.012500 0.014844
0 0.558594 0.713281 0.005729 0.010937
0 0.553646 0.712891 0.006250 0.010156
0 0.545052 0.712109 0.008854 0.011719
0 0.528385 0.710938 0.008854 0.012500
0 0.507031 0.712891 0.011979 0.014844
0 0.497135 0.709766 0.005729 0.011719
0 0.491146 0.710938 0.010417 0.014063
0 0.423958 0.732031 0.053125 0.065625
0 0.357031 0.742578 0.086979 0.088281
4 0.572656 0.714063 0.003646 0.015625
4 0.562500 0.713672 0.003125 0.013281
3 0.536979 0.712500 0.008333 0.017188
1 0.665104 0.557422 0.009375 0.038281
1 0.191146 0.651563 0.009375 0.029687
1 0.328385 0.493359 0.013021 0.049219
1 0.268490 0.494141 0.013021 0.049219
1 0.536458 0.685937 0.001042 0.004687
1 0.529167 0.685547 0.001042 0.005469
1 0.439323 0.632812 0.003646 0.015625
2 0.964062 0.783594 0.009375 0.014063
2 0.886198 0.759766 0.010937 0.014844
2 0.838802 0.688281 0.064062 0.034375
2 0.798177 0.735156 0.004687 0.020313
2 0.691146 0.584766 0.044792 0.016406
2 0.418490 0.690234 0.005729 0.011719
2 0.238542 0.665625 0.014583 0.029687
2 0.177083 0.665234 0.017708 0.027344
2 0.083854 0.661328 0.077083 0.046094