0 0.979948 0.732031 0.040104 0.084375
0 0.923177 0.726562 0.073438 0.053125
0 0.872396 0.708594 0.026042 0.029687
0 0.822656 0.753516 0.152604 0.139844
0 0.745313 0.717578 0.010417 0.013281
0 0.724740 0.717578 0.018229 0.021094
0 0.713542 0.717969 0.009375 0.015625
0 0.690625 0.721484 0.038542 0.046094
0 0.668490 0.716797 0.009896 0.019531
0 0.588802 0.716406 0.031771 0.018750
0 0.558073 0.715625 0.013021 0.021875
0 0.519792 0.712891 0.037500 0.036719
0 0.256250 0.707422 0.059375 0.053906
5 0.532813 0.693359 0.037500 0.066406
2 0.276042 0.644141 0.010417 0.032031
2 0.309635 0.641797 0.014063 0.036719
2 0.558333 0.687109 0.005208 0.013281