0 0.455208 0.817188 0.296875 0.362500
0 0.916667 0.716016 0.144792 0.116406
0 0.788021 0.739844 0.181250 0.139063
0 0.697396 0.695703 0.060417 0.044531
0 0.632031 0.740625 0.143229 0.153125
0 0.559635 0.685156 0.028646 0.035937
0 0.008073 0.739062 0.016146 0.070312
0 0.023698 0.711328 0.047396 0.042969
0 0.103125 0.709375 0.088542 0.040625
0 0.164323 0.701953 0.036979 0.032031
0 0.169792 0.687109 0.026042 0.011719
0 0.446615 0.698047 0.043229 0.044531
0 0.469792 0.693359 0.012500 0.022656
0 0.481510 0.701562 0.023438 0.043750
4 0.719271 0.676172 0.012500 0.025781
2 0.213542 0.717188 0.020833 0.053125
2 0.357552 0.603516 0.005729 0.008594