0 0.530729 0.673437 0.052083 0.064062
0 0.485677 0.655469 0.042188 0.020313
0 0.355469 0.655078 0.034896 0.044531
0 0.420312 0.704297 0.121875 0.152344
0 0.356250 0.655078 0.033333 0.044531
0 0.346875 0.656641 0.012500 0.033594
0 0.325000 0.668359 0.050000 0.061719
0 0.279948 0.655859 0.054688 0.038281
0 0.251302 0.668359 0.004687 0.008594
0 0.192188 0.660938 0.087500 0.034375
6 0.091406 0.645312 0.076563 0.087500
4 0.151042 0.651563 0.013542 0.053125
4 0.219531 0.649609 0.007812 0.016406
4 0.116146 0.653125 0.010417 0.056250
4 0.139323 0.656641 0.008854 0.052344
4 0.125781 0.656250 0.005729 0.050000