0 0.397917 0.705859 0.010417 0.010156
0 0.495052 0.702734 0.005729 0.010156
0 0.578906 0.699219 0.017188 0.021875
0 0.601042 0.698438 0.005208 0.007812
0 0.594010 0.697266 0.008854 0.003906
0 0.594271 0.707031 0.013542 0.017188
0 0.562240 0.706250 0.013021 0.017188
0 0.575521 0.714453 0.022917 0.030469
0 0.585938 0.712109 0.005208 0.021094
0 0.537760 0.724609 0.038021 0.052344
0 0.496094 0.717969 0.009896 0.037500
0 0.430990 0.725781 0.065104 0.062500
0 0.521094 0.726953 0.056771 0.071094
0 0.080208 0.709375 0.150000 0.067187
0 0.125781 0.817578 0.251563 0.360156
0 0.633594 0.701172 0.005729 0.005469
4 0.238281 0.706641 0.017188 0.049219
3 0.603125 0.703906 0.005208 0.017188
3 0.613021 0.728125 0.025000 0.082812
3 0.623698 0.700000 0.003646 0.010937
2 0.378385 0.708594 0.009896 0.025000
2 0.594271 0.607031 0.008333 0.014063