0 0.254427 0.687891 0.040104 0.010156
0 0.286198 0.687500 0.024479 0.006250
0 0.318750 0.686328 0.022917 0.005469
0 0.353385 0.684375 0.027604 0.007812
0 0.383594 0.683594 0.005729 0.004687
0 0.392969 0.683203 0.011979 0.003906
0 0.405208 0.682422 0.012500 0.005469
0 0.429427 0.680859 0.013021 0.005469
0 0.459635 0.678516 0.009896 0.005469
0 0.488802 0.673828 0.006771 0.008594
0 0.479427 0.686328 0.016146 0.019531
0 0.510156 0.687109 0.018229 0.024219
0 0.529948 0.678125 0.006771 0.009375
0 0.538021 0.679297 0.006250 0.010156
0 0.546094 0.683984 0.014063 0.019531
0 0.584115 0.676953 0.005729 0.013281
0 0.557031 0.678906 0.005729 0.007812
0 0.563802 0.678516 0.005729 0.008594
0 0.571354 0.679297 0.006250 0.008594
0 0.575260 0.679688 0.003646 0.007812
0 0.578906 0.680469 0.003646 0.006250
0 0.498437 0.676172 0.006250 0.002344
0 0.533854 0.678125 0.003125 0.007812
0 0.793229 0.686328 0.032292 0.028906
0 0.722396 0.687109 0.011458 0.019531
0 0.739583 0.687109 0.028125 0.027344
0 0.174479 0.692969 0.017708 0.004687