0 0.021875 0.740234 0.043750 0.167969
0 0.438542 0.657813 0.011458 0.014063
0 0.431250 0.658984 0.004167 0.010156
0 0.464323 0.664453 0.025521 0.033594
0 0.519792 0.653906 0.006250 0.009375
0 0.489063 0.657031 0.005208 0.006250
0 0.537500 0.672266 0.115625 0.060156
3 0.165885 0.691016 0.045312 0.103906
3 0.436458 0.657813 0.006250 0.020313
1 0.420052 0.605859 0.007812 0.030469
2 0.079687 0.716406 0.035417 0.139063
2 0.446354 0.656250 0.003125 0.010937
2 0.485156 0.653125 0.002604 0.007812
2 0.420313 0.654687 0.007292 0.010937
2 0.420573 0.668750 0.007812 0.015625
2 0.903125 0.540234 0.056250 0.069531
2 0.627344 0.610156 0.007812 0.021875
2 0.628385 0.647656 0.006771 0.015625