0 0.020573 0.686719 0.041146 0.117188
0 0.039583 0.673828 0.069792 0.082031
0 0.072917 0.676953 0.021875 0.060156
0 0.223698 0.650781 0.290104 0.184375
0 0.547135 0.672656 0.140104 0.168750
0 0.541146 0.620312 0.028125 0.025000
0 0.925521 0.681641 0.148958 0.221094
0 0.823698 0.653516 0.138021 0.144531
0 0.771615 0.603906 0.064062 0.042188
0 0.692448 0.638672 0.135937 0.157031
0 0.368229 0.625781 0.007292 0.029687
0 0.607031 0.620312 0.011979 0.032813
0 0.601562 0.617969 0.016667 0.031250
0 0.594792 0.610156 0.008333 0.014063
4 0.640885 0.637109 0.034896 0.172656
2 0.754687 0.582422 0.005208 0.008594
2 0.664583 0.562891 0.016667 0.010156