0 0.077865 0.687109 0.155729 0.142969
0 0.138021 0.639062 0.018750 0.020313
0 0.168750 0.641797 0.014583 0.011719
0 0.149740 0.640625 0.014063 0.015625
0 0.216406 0.641016 0.011979 0.011719
0 0.225521 0.641797 0.007292 0.007031
0 0.294531 0.678906 0.092188 0.106250
0 0.262240 0.653125 0.030729 0.051562
0 0.330469 0.658984 0.027604 0.044531
0 0.365625 0.664062 0.047917 0.062500
0 0.417708 0.658984 0.040625 0.053906
0 0.571875 0.651953 0.041667 0.033594
5 0.188021 0.634375 0.022917 0.025000
2 0.263281 0.542188 0.004687 0.006250
2 0.091406 0.377344 0.014063 0.018750