0 0.322917 0.669531 0.044792 0.045312
0 0.395313 0.658984 0.018750 0.019531
0 0.487240 0.788672 0.268229 0.339844
0 0.513281 0.674219 0.089063 0.045312
0 0.552344 0.672266 0.019271 0.042969
0 0.577083 0.656250 0.007292 0.010937
0 0.587500 0.671484 0.020833 0.038281
0 0.604167 0.677344 0.030208 0.048438
0 0.620573 0.690625 0.048438 0.068750
0 0.733594 0.732812 0.222396 0.237500
0 0.848698 0.687109 0.040104 0.060156
0 0.916146 0.747656 0.167708 0.196875
4 0.296615 0.666406 0.014063 0.060937
4 0.396354 0.656250 0.012500 0.032813
3 0.050521 0.773828 0.101042 0.452344
3 0.269271 0.669922 0.018750 0.055469
3 0.343750 0.730078 0.060417 0.203906