0 0.151563 0.786328 0.027083 0.008594
0 0.222656 0.789844 0.020313 0.006250
0 0.379427 0.825000 0.005729 0.007812
0 0.379427 0.810547 0.013021 0.010156
0 0.404688 0.801172 0.003125 0.007031
0 0.408333 0.801562 0.005208 0.009375
0 0.412760 0.802734 0.007812 0.010156
0 0.466927 0.801953 0.003646 0.003906
0 0.483073 0.808594 0.010937 0.021875
0 0.496615 0.810156 0.023438 0.034375
0 0.508333 0.808203 0.004167 0.017969
0 0.540104 0.810156 0.016667 0.020313
0 0.561719 0.815625 0.008854 0.029687
0 0.577604 0.816406 0.025000 0.032813
0 0.602083 0.819531 0.028125 0.039062
0 0.626302 0.824219 0.040104 0.046875
0 0.666667 0.833594 0.061458 0.062500
4 0.237760 0.788672 0.003646 0.008594
4 0.546875 0.803516 0.003125 0.010156
4 0.564583 0.816406 0.006250 0.028125
3 0.286458 0.857422 0.007292 0.010156