0 0.700260 0.639063 0.093229 0.092188
0 0.663542 0.625391 0.068750 0.085156
0 0.629948 0.627734 0.019271 0.055469
0 0.619010 0.623828 0.026562 0.049219
0 0.605469 0.620703 0.021354 0.041406
0 0.595573 0.618359 0.011979 0.035156
0 0.592708 0.614453 0.016667 0.028906
0 0.561979 0.608594 0.026042 0.034375
0 0.500000 0.625781 0.051042 0.065625
0 0.456250 0.609375 0.018750 0.021875
0 0.405990 0.601562 0.014063 0.010937
0 0.349740 0.601953 0.020313 0.008594
0 0.192708 0.627734 0.064583 0.038281
0 0.011719 0.631641 0.023438 0.044531
1 0.470313 0.128906 0.022917 0.112500
2 0.541667 0.610547 0.004167 0.007031
2 0.530729 0.599609 0.004167 0.005469
2 0.530469 0.608203 0.004687 0.010156
2 0.516927 0.584375 0.003646 0.010937
2 0.502083 0.569141 0.016667 0.014844
2 0.506250 0.583203 0.016667 0.014844
2 0.438281 0.607812 0.003646 0.012500
2 0.148177 0.578125 0.009896 0.010937