0 0.642969 0.634766 0.057813 0.055469
0 0.551823 0.648047 0.075521 0.088281
0 0.513542 0.628906 0.029167 0.043750
0 0.499219 0.613672 0.007812 0.010156
0 0.444010 0.604688 0.025521 0.007812
0 0.435156 0.673438 0.144271 0.209375
0 0.374219 0.623828 0.015104 0.044531
0 0.310938 0.635937 0.096875 0.095312
0 0.363802 0.608594 0.018229 0.015625
0 0.248177 0.605469 0.056771 0.037500
0 0.219271 0.611328 0.017708 0.024219
0 0.053125 0.598437 0.027083 0.017188
0 0.180729 0.607422 0.047917 0.033594
0 0.148958 0.609375 0.017708 0.031250
6 0.294792 0.583984 0.048958 0.021094
4 0.117448 0.571094 0.014063 0.020313
4 0.090104 0.583984 0.012500 0.028906
2 0.023177 0.532813 0.007812 0.028125
2 0.145833 0.556641 0.006250 0.024219
2 0.212500 0.567188 0.006250 0.018750
2 0.255469 0.576172 0.003646 0.016406