0 0.042969 0.764063 0.085938 0.225000
0 0.091667 0.688672 0.183333 0.213281
0 0.133333 0.648047 0.266667 0.169531
0 0.189323 0.616016 0.322396 0.235156
0 0.358333 0.650391 0.043750 0.074219
0 0.331771 0.609766 0.161458 0.100781
0 0.411979 0.635937 0.027083 0.043750
0 0.397656 0.623437 0.091146 0.071875
0 0.436979 0.620703 0.045833 0.055469
0 0.447917 0.616406 0.067708 0.056250
0 0.445312 0.600391 0.043750 0.016406
0 0.471615 0.611328 0.026562 0.038281
0 0.530469 0.647656 0.094271 0.126562
0 0.551563 0.611328 0.050000 0.036719
0 0.567188 0.602734 0.014583 0.017969
0 0.717187 0.626172 0.083333 0.078906
0 0.665885 0.618750 0.036979 0.053125
0 0.618229 0.613281 0.013542 0.040625
0 0.610156 0.610937 0.020313 0.032813
0 0.604948 0.607422 0.023438 0.035156
0 0.591146 0.608594 0.014583 0.026562
4 0.473958 0.601562 0.009375 0.025000
4 0.379948 0.622656 0.045312 0.171875
4 0.663542 0.633984 0.030208 0.150781
4 0.639323 0.634375 0.026562 0.137500
4 0.626302 0.630078 0.013021 0.132031
4 0.682031 0.595313 0.010937 0.021875
4 0.698698 0.584375 0.010937 0.012500
4 0.862760 0.609375 0.038021 0.095312
4 0.993750 0.596875 0.012500 0.065625
3 0.583333 0.605859 0.005208 0.021094
3 0.578646 0.608594 0.005208 0.025000
3 0.572917 0.600000 0.009375 0.017188
1 0.547656 0.559766 0.002604 0.010156
1 0.560677 0.559375 0.002604 0.009375
2 0.487240 0.610938 0.004687 0.020313
2 0.487240 0.595703 0.007812 0.010156
2 0.492448 0.604687 0.003646 0.009375
2 0.717448 0.558984 0.014063 0.032031
2 0.587240 0.588672 0.003646 0.010156
2 0.500000 0.565625 0.025000 0.037500