0 0.705990 0.673047 0.111979 0.064844
0 0.504167 0.650391 0.030208 0.047656
0 0.538281 0.658203 0.017188 0.022656
0 0.544792 0.657813 0.008333 0.020313
0 0.562240 0.667187 0.040104 0.051562
0 0.452083 0.662891 0.013542 0.016406
0 0.434115 0.663281 0.005729 0.012500
0 0.407031 0.662891 0.011979 0.017969
0 0.404167 0.666016 0.005208 0.013281
0 0.401302 0.667188 0.007812 0.014063
0 0.400521 0.667188 0.005208 0.010937
0 0.395052 0.666797 0.007812 0.017969
0 0.391406 0.667578 0.005729 0.019531
0 0.386458 0.668359 0.010417 0.021094
0 0.378906 0.673828 0.014063 0.035156
0 0.360417 0.677344 0.030208 0.042188
0 0.341406 0.683203 0.016146 0.049219
0 0.314583 0.689844 0.057292 0.059375
0 0.239844 0.705859 0.093229 0.100781
0 0.125521 0.725781 0.181250 0.135937
0 0.373698 0.674219 0.008854 0.035937
0 0.459375 0.657422 0.004167 0.005469
3 0.612240 0.749609 0.104688 0.324219
2 0.777604 0.703516 0.016667 0.035156
2 0.919010 0.690625 0.025521 0.057813
2 0.561458 0.626563 0.008333 0.012500
2 0.422135 0.653125 0.002604 0.006250
2 0.442708 0.653516 0.006250 0.010156
2 0.442448 0.666797 0.004687 0.014844