0 0.090104 0.665234 0.156250 0.097656
2 0.680208 0.585156 0.007292 0.028125
2 0.584896 0.614063 0.002083 0.010937
2 0.572135 0.616797 0.001563 0.008594
2 0.564063 0.619531 0.002083 0.007812
2 0.557813 0.621484 0.002083 0.007031
2 0.553125 0.622266 0.001042 0.007031
2 0.549479 0.623047 0.001042 0.005469
2 0.074479 0.569531 0.009375 0.035937
2 0.117969 0.591016 0.006771 0.025781
2 0.266406 0.605078 0.003646 0.016406
2 0.275781 0.597656 0.003646 0.018750
2 0.338802 0.608594 0.002604 0.012500
2 0.350260 0.605078 0.002604 0.014844
2 0.377344 0.612109 0.002604 0.008594
2 0.389583 0.609766 0.003125 0.011719
2 0.402604 0.614844 0.002083 0.009375
2 0.416146 0.614844 0.002083 0.010937
2 0.420573 0.617188 0.001563 0.007812
2 0.432812 0.617578 0.002083 0.007031
2 0.445312 0.618750 0.001042 0.006250