0 0.039062 0.685156 0.078125 0.046875
0 0.098177 0.709766 0.196354 0.111719
0 0.192708 0.691016 0.079167 0.052344
0 0.352604 0.685156 0.068750 0.039062
0 0.291667 0.679688 0.137500 0.059375
0 0.434635 0.701172 0.097396 0.074219
0 0.472656 0.678516 0.022396 0.016406
0 0.528125 0.670313 0.091667 0.170313
0 0.573698 0.701953 0.020313 0.067969
0 0.585156 0.698047 0.026562 0.057031
0 0.642188 0.683203 0.012500 0.021094
0 0.680208 0.713672 0.077083 0.089844
0 0.718490 0.726953 0.094271 0.121094
0 0.829948 0.754688 0.225521 0.193750
0 0.939583 0.781250 0.120833 0.273438
4 0.124219 0.674609 0.017188 0.033594
4 0.221615 0.673047 0.014063 0.036719
4 0.471875 0.666406 0.008333 0.017188
4 0.972135 0.667187 0.025521 0.048438
3 0.622656 0.728125 0.053646 0.157812
2 0.289062 0.511719 0.054167 0.078125
2 0.672396 0.643750 0.006250 0.025000