0 0.051042 0.662891 0.042708 0.035156
0 0.147917 0.658984 0.014583 0.016406
0 0.550260 0.798437 0.248438 0.337500
0 0.643229 0.701953 0.030208 0.085156
0 0.664323 0.700000 0.046354 0.064062
0 0.695312 0.723047 0.079167 0.105469
0 0.786198 0.743750 0.157812 0.156250
0 0.909115 0.747266 0.146354 0.138281
0 0.959635 0.892578 0.080729 0.213281
0 0.974740 0.730078 0.050521 0.111719
4 0.279427 0.640234 0.006771 0.024219
4 0.291146 0.649609 0.021875 0.030469
4 0.384115 0.649609 0.005729 0.013281
4 0.323177 0.641406 0.009896 0.020313
4 0.381250 0.653906 0.007292 0.014063
4 0.363542 0.643359 0.005208 0.010156
4 0.376563 0.652344 0.002083 0.004687