0 0.895573 0.855469 0.208854 0.289062
0 0.853646 0.782031 0.133333 0.096875
0 0.787240 0.772266 0.063021 0.094531
0 0.684115 0.754688 0.034896 0.060937
0 0.662240 0.747266 0.034896 0.052344
0 0.555990 0.743359 0.129688 0.264844
0 0.141146 0.698437 0.096875 0.048438
5 0.638021 0.720313 0.038542 0.081250
6 0.350260 0.679688 0.164062 0.201563
4 0.637240 0.744922 0.016146 0.074219
4 0.241406 0.698047 0.011979 0.060156
4 0.190365 0.694531 0.021354 0.071875
4 0.197396 0.710156 0.012500 0.062500
3 0.721354 0.830469 0.103125 0.339062
3 0.495052 0.736719 0.019271 0.125000
3 0.488802 0.720703 0.028646 0.099219
3 0.443229 0.750781 0.070833 0.240625
3 0.231510 0.706641 0.028646 0.049219
2 0.853906 0.676953 0.027604 0.039844
2 0.678646 0.687500 0.008333 0.025000
2 0.480469 0.656250 0.010937 0.023438
2 0.478125 0.676562 0.010417 0.017188
2 0.476562 0.692187 0.007292 0.012500