0 0.884896 0.770703 0.230208 0.211719
0 0.746354 0.732031 0.110417 0.115625
0 0.680469 0.711328 0.059896 0.071094
0 0.647135 0.702344 0.035937 0.051562
0 0.629687 0.697656 0.020833 0.042188
0 0.617188 0.694141 0.017708 0.035156
0 0.610156 0.691797 0.008854 0.030469
0 0.599740 0.683594 0.002604 0.010937
0 0.585417 0.698047 0.011458 0.046094
0 0.561198 0.706641 0.054688 0.077344
0 0.536979 0.683984 0.013542 0.028906
0 0.458594 0.737891 0.142187 0.177344
0 0.062760 0.698437 0.105729 0.075000
0 0.142708 0.695312 0.058333 0.060937
0 0.235417 0.691016 0.023958 0.050781
0 0.275521 0.696484 0.098958 0.075781
0 0.327865 0.691406 0.028646 0.051562
0 0.338802 0.689063 0.018229 0.039062
0 0.366927 0.681250 0.014063 0.035937
0 0.392188 0.682812 0.007292 0.025000
0 0.399219 0.680469 0.013021 0.023438
4 0.710677 0.676562 0.005729 0.012500
3 0.594792 0.689063 0.011458 0.035937
3 0.372917 0.688281 0.008333 0.056250
1 0.605469 0.660156 0.002604 0.009375
1 0.621094 0.653906 0.003646 0.015625
2 0.627083 0.654688 0.005208 0.014063
2 0.578646 0.662891 0.002083 0.007031
2 0.946094 0.546875 0.044271 0.087500
2 0.656510 0.651953 0.013021 0.025781