0 0.560417 0.697656 0.002083 0.006250
0 0.557552 0.698047 0.004687 0.007031
0 0.552865 0.699219 0.006771 0.009375
0 0.538021 0.709766 0.029167 0.041406
0 0.567708 0.700391 0.009375 0.011719
0 0.572917 0.697656 0.003125 0.006250
0 0.575781 0.698047 0.002604 0.005469
0 0.578646 0.699219 0.003125 0.009375
0 0.583073 0.700781 0.005729 0.012500
0 0.586979 0.701172 0.005208 0.014844
0 0.603385 0.711719 0.036979 0.045312
0 0.625260 0.707422 0.019271 0.028906
0 0.748698 0.720313 0.042188 0.073438
0 0.864062 0.774219 0.261458 0.221875
5 0.616667 0.686719 0.020833 0.012500
2 0.555208 0.669141 0.010417 0.010156
2 0.572135 0.669141 0.016146 0.010156
2 0.587500 0.668750 0.009375 0.010937
2 0.321354 0.703125 0.018750 0.079687
2 0.878646 0.620312 0.008333 0.012500