0 0.067448 0.830859 0.134896 0.108594
0 0.259375 0.807813 0.037500 0.073438
0 0.311458 0.815625 0.105208 0.103125
0 0.363021 0.782813 0.008333 0.014063
0 0.370052 0.788672 0.019271 0.041406
0 0.532292 0.843359 0.412500 0.313281
0 0.536719 0.770703 0.083854 0.035156
0 0.572135 0.752344 0.008854 0.004687
0 0.581510 0.751563 0.010937 0.007812
0 0.616146 0.762500 0.019792 0.015625
0 0.762500 0.837891 0.176042 0.196094
0 0.825260 0.768359 0.070312 0.049219
0 0.886979 0.789844 0.116667 0.120313
0 0.909375 0.789844 0.107292 0.125000
0 0.928385 0.850781 0.143229 0.298438