0 0.985417 0.817578 0.029167 0.077344
0 0.904167 0.751563 0.030208 0.018750
0 0.879167 0.777344 0.087500 0.085938
0 0.833073 0.780859 0.128646 0.125781
0 0.726042 0.779297 0.163542 0.167969
0 0.646094 0.742578 0.025521 0.050781
0 0.606510 0.735938 0.063021 0.085938
0 0.542708 0.730469 0.070833 0.095312
0 0.505729 0.723047 0.022917 0.046094
0 0.472135 0.732031 0.060937 0.085938
0 0.401042 0.705078 0.092708 0.194531
0 0.326042 0.755469 0.193750 0.226562
0 0.114062 0.672656 0.033333 0.017188
0 0.153646 0.677734 0.012500 0.019531
0 0.047396 0.713281 0.065625 0.089063
0 0.452344 0.701953 0.027604 0.024219
0 0.723437 0.702344 0.043750 0.029687
0 0.175781 0.675000 0.024479 0.018750
4 0.161458 0.683594 0.009375 0.032813
1 0.669531 0.668359 0.007812 0.027344
1 0.563281 0.630469 0.003646 0.015625
1 0.542708 0.628125 0.003125 0.017188
2 0.807031 0.696875 0.008854 0.015625
2 0.728385 0.675781 0.043229 0.028125
2 0.158594 0.656641 0.004687 0.008594