0 0.035417 0.624219 0.070833 0.156250
0 0.225521 0.613672 0.090625 0.080469
0 0.305729 0.614453 0.087500 0.082031
0 0.436458 0.580078 0.020833 0.025781
0 0.454427 0.576563 0.007812 0.006250
0 0.483594 0.582031 0.024479 0.034375
0 0.496615 0.615234 0.053646 0.067969
0 0.509635 0.580859 0.022396 0.027344
0 0.483854 0.563672 0.011458 0.005469
0 0.973438 0.689844 0.053125 0.020313
0 0.878906 0.673828 0.039062 0.010156
0 0.096615 0.627344 0.060937 0.017188
3 0.367708 0.612891 0.015625 0.036719
3 0.421875 0.566406 0.008333 0.015625
3 0.438281 0.562891 0.006771 0.008594
2 0.216927 0.396094 0.011979 0.060937
2 0.343229 0.501953 0.005208 0.032031
2 0.388021 0.535547 0.004167 0.021094
2 0.429167 0.568359 0.002083 0.013281
2 0.440885 0.588672 0.004687 0.019531
2 0.459635 0.574609 0.002604 0.011719
2 0.466146 0.567578 0.002083 0.008594
2 0.469792 0.573437 0.002083 0.004687
2 0.747917 0.643750 0.005208 0.007812