0 0.106510 0.777344 0.213021 0.209375
0 0.554167 0.805859 0.494792 0.388281
0 0.300000 0.725000 0.061458 0.073438
0 0.345313 0.718359 0.034375 0.044531
0 0.336719 0.685547 0.010937 0.007031
0 0.482031 0.697266 0.021354 0.028906
0 0.443750 0.695703 0.076042 0.036719
0 0.360417 0.691406 0.018750 0.009375
1 0.318750 0.483203 0.012500 0.052344
2 0.214323 0.687500 0.011979 0.017188
2 0.241667 0.698828 0.004167 0.013281
2 0.361719 0.681250 0.014063 0.010937
2 0.527604 0.564453 0.017708 0.066406
2 0.360937 0.668750 0.012500 0.012500