0 0.919531 0.761719 0.160938 0.443750
0 0.497396 0.619922 0.008333 0.017969
0 0.489583 0.622266 0.015625 0.022656
0 0.484115 0.624609 0.024479 0.032031
0 0.474479 0.616406 0.014583 0.026562
0 0.463021 0.617188 0.009375 0.014063
0 0.458073 0.622656 0.014063 0.029687
0 0.428385 0.640625 0.068229 0.078125
0 0.402604 0.616016 0.009375 0.017969
0 0.381510 0.617578 0.036979 0.027344
0 0.364844 0.634375 0.068229 0.067187
0 0.334635 0.614063 0.016146 0.014063
0 0.307812 0.626172 0.051042 0.046094
0 0.169792 0.720703 0.339583 0.350781
6 0.492708 0.606250 0.017708 0.023438
4 0.504687 0.617969 0.004167 0.020313
3 0.509896 0.617188 0.005208 0.017188
2 0.870052 0.541016 0.034896 0.063281
2 0.668490 0.518359 0.021354 0.047656
2 0.522656 0.603516 0.002604 0.008594
2 0.468490 0.593750 0.010937 0.007812
2 0.478906 0.593750 0.009896 0.007812
2 0.490885 0.592187 0.014063 0.004687