0 0.946354 0.883984 0.107292 0.232031
0 0.928385 0.758594 0.143229 0.267188
0 0.888021 0.698047 0.111458 0.038281
0 0.843750 0.753906 0.185417 0.181250
0 0.733594 0.724609 0.088021 0.097656
0 0.690365 0.714844 0.040104 0.071875
0 0.671354 0.709766 0.022917 0.061719
0 0.635677 0.705859 0.053646 0.069531
0 0.607552 0.695703 0.026562 0.042969
0 0.597917 0.688281 0.010417 0.025000
0 0.575781 0.696875 0.040104 0.050000
0 0.552344 0.691406 0.023438 0.042188
0 0.531510 0.696875 0.023438 0.053125
0 0.507552 0.700391 0.048438 0.060156
0 0.496615 0.706641 0.066146 0.092969
0 0.395573 0.747656 0.195312 0.209375
4 0.357812 0.644922 0.010417 0.014844
4 0.176823 0.679297 0.015104 0.044531
4 0.041927 0.676953 0.039062 0.075781
2 0.646354 0.664453 0.005208 0.014844
2 0.627604 0.667578 0.004167 0.014844