0 0.281510 0.675000 0.007812 0.037500
0 0.306771 0.669531 0.018750 0.035937
0 0.422396 0.797266 0.465625 0.405469
0 0.590104 0.657422 0.007292 0.010156
0 0.597656 0.664453 0.015104 0.022656
0 0.611458 0.674609 0.033333 0.042969
0 0.622656 0.678906 0.042188 0.048438
0 0.688802 0.712500 0.131771 0.135937
0 0.789062 0.710156 0.100000 0.110937
0 0.900521 0.725391 0.198958 0.150781
0 0.913021 0.872266 0.173958 0.255469
0 0.690104 0.668359 0.029167 0.017969
4 0.292969 0.660937 0.021354 0.028125
4 0.765885 0.648438 0.018229 0.023438
4 0.783854 0.647266 0.013542 0.014844
3 0.142448 0.706250 0.084896 0.173437
3 0.272396 0.667188 0.018750 0.054688