0 0.469271 0.769922 0.304167 0.394531
0 0.070833 0.659375 0.141667 0.073438
0 0.174479 0.652734 0.187500 0.092969
0 0.266927 0.632031 0.011979 0.009375
0 0.342708 0.627734 0.048958 0.013281
0 0.604427 0.669922 0.054688 0.152344
0 0.625000 0.645703 0.013542 0.057031
0 0.643229 0.625391 0.017708 0.022656
0 0.643750 0.634766 0.011458 0.035156
0 0.655729 0.638672 0.023958 0.041406
0 0.669531 0.648047 0.027604 0.063281
0 0.681510 0.637891 0.018229 0.049219
0 0.764583 0.705859 0.207292 0.203906
0 0.892969 0.778516 0.214062 0.442969
0 0.926823 0.657812 0.146354 0.103125
0 0.862760 0.635547 0.040104 0.036719
0 0.727865 0.603516 0.042188 0.003906
5 0.306250 0.592969 0.116667 0.068750
6 0.709635 0.594531 0.052604 0.039062
3 0.306250 0.630859 0.066667 0.117969
3 0.823698 0.623828 0.020313 0.028906
1 0.545312 0.559375 0.003125 0.012500
1 0.563021 0.558984 0.003125 0.011719
1 0.584635 0.581250 0.004687 0.017188