0 0.975781 0.652344 0.045312 0.028125
0 0.925521 0.633594 0.068750 0.039062
0 0.620312 0.634375 0.164583 0.353125
0 0.549219 0.604688 0.007812 0.010937
0 0.541146 0.604297 0.008333 0.008594
0 0.530208 0.619531 0.022917 0.026562
0 0.519010 0.617578 0.007812 0.017969
0 0.457552 0.546484 0.009896 0.008594
0 0.413281 0.557813 0.016146 0.010937
0 0.201563 0.570312 0.056250 0.068750
0 0.545052 0.597656 0.006771 0.007812
5 0.780990 0.617188 0.029687 0.032813
5 0.746615 0.610547 0.019271 0.028906
5 0.734115 0.604297 0.041146 0.025781
4 0.851562 0.630859 0.015625 0.053906
4 0.834115 0.622266 0.005729 0.022656
4 0.823177 0.619922 0.005729 0.024219
2 0.535417 0.508984 0.041667 0.044531
2 0.490365 0.572656 0.024479 0.017188
2 0.503906 0.612891 0.001563 0.008594
2 0.497656 0.611719 0.002604 0.014063
2 0.443229 0.611719 0.007292 0.028125
2 0.352865 0.505078 0.013021 0.019531
2 0.107031 0.494141 0.014063 0.021094
2 0.055729 0.319141 0.036458 0.066406