0 0.690104 0.671875 0.009375 0.032813
0 0.694792 0.673047 0.013542 0.033594
0 0.707031 0.675781 0.026562 0.042188
0 0.717708 0.676953 0.016667 0.050781
0 0.744531 0.682031 0.058854 0.064062
0 0.802344 0.697266 0.068229 0.108594
0 0.879167 0.714844 0.157292 0.143750
0 0.938281 0.738672 0.123438 0.217969
0 0.654167 0.667969 0.013542 0.034375
0 0.650781 0.669141 0.017188 0.047656
0 0.572917 0.753516 0.210417 0.274219
4 0.717448 0.651563 0.005729 0.007812
4 0.727083 0.648438 0.004167 0.006250
3 0.660417 0.665234 0.012500 0.035156
3 0.679688 0.673438 0.015625 0.051562
2 0.696875 0.635156 0.004167 0.014063
2 0.697396 0.647266 0.006250 0.010156
2 0.739583 0.619531 0.006250 0.023438
2 0.669531 0.662891 0.004687 0.007031