0 0.499479 0.673438 0.041667 0.051562
0 0.545833 0.670703 0.039583 0.047656
0 0.593229 0.664062 0.041667 0.059375
0 0.011458 0.690234 0.022917 0.046094
0 0.055469 0.689063 0.103646 0.053125
0 0.127604 0.679297 0.058333 0.038281
0 0.175000 0.677734 0.045833 0.032031
0 0.285938 0.669141 0.008333 0.022656
0 0.701823 0.679688 0.089063 0.073438
0 0.664583 0.671484 0.052083 0.061719
0 0.637500 0.671875 0.034375 0.050000
0 0.621615 0.665625 0.018229 0.034375
0 0.565885 0.658203 0.007812 0.016406
0 0.575781 0.660937 0.006771 0.025000
0 0.572135 0.660937 0.007812 0.023438
0 0.301823 0.665625 0.004687 0.020313
0 0.348177 0.665234 0.014063 0.016406
4 0.672396 0.671875 0.020833 0.084375
4 0.816927 0.657031 0.010937 0.050000
4 0.748437 0.655469 0.009375 0.037500
4 0.989323 0.614062 0.016146 0.017188
3 0.783594 0.655859 0.021354 0.046094
3 0.524219 0.655469 0.002604 0.009375
2 0.312760 0.539844 0.052604 0.073438
2 0.494792 0.639453 0.005208 0.008594