0 0.052083 0.760938 0.104167 0.089063
0 0.103646 0.730469 0.014583 0.015625
0 0.110156 0.728516 0.017188 0.010156
0 0.122396 0.747656 0.047917 0.040625
0 0.195052 0.744531 0.031771 0.032813
0 0.221615 0.748828 0.051562 0.044531
0 0.250781 0.733984 0.014063 0.013281
0 0.267969 0.741016 0.026562 0.030469
0 0.284896 0.740234 0.016667 0.025781
0 0.301302 0.734375 0.018229 0.012500
0 0.323437 0.738281 0.023958 0.023438
0 0.351823 0.730078 0.015104 0.003906
0 0.361979 0.729687 0.007292 0.004687
0 0.374479 0.741016 0.031250 0.032031
0 0.391927 0.737109 0.013021 0.024219
0 0.419010 0.728516 0.011979 0.005469
0 0.438802 0.735547 0.022396 0.022656
0 0.457292 0.731641 0.012500 0.016406
0 0.220052 0.724609 0.004687 0.003906
0 0.548698 0.744922 0.022396 0.041406
0 0.577344 0.737109 0.038021 0.080469
0 0.613802 0.749219 0.033854 0.045312
0 0.691927 0.791797 0.142187 0.171094
0 0.765365 0.766016 0.057813 0.091406
0 0.596354 0.745313 0.004167 0.053125
0 0.598698 0.734766 0.002604 0.003906
0 0.599219 0.731250 0.003646 0.003125
0 0.629948 0.739453 0.006771 0.011719
0 0.797396 0.764062 0.028125 0.046875
0 0.834896 0.769141 0.073958 0.058594
0 0.912240 0.778906 0.091146 0.070312
0 0.969792 0.793359 0.060417 0.083594
5 0.438021 0.720313 0.017708 0.021875
6 0.044531 0.717969 0.089063 0.046875
4 0.177865 0.723047 0.004687 0.013281
4 0.208854 0.721875 0.004167 0.004687
4 0.808594 0.675781 0.010937 0.040625
4 0.320573 0.608594 0.008854 0.029687
4 0.354948 0.608984 0.003646 0.028906
2 0.289583 0.701172 0.012500 0.032031
2 0.479687 0.704688 0.004167 0.020313
2 0.498698 0.715625 0.002604 0.010937
2 0.476302 0.671484 0.029687 0.027344
2 0.527604 0.710156 0.004167 0.006250
2 0.550781 0.680469 0.024479 0.020313
2 0.577604 0.680859 0.027083 0.019531
2 0.607031 0.682422 0.027604 0.021094
2 0.460417 0.641406 0.019792 0.029687
2 0.551823 0.705859 0.007812 0.007031
2 0.558073 0.705859 0.003646 0.007031
2 0.841667 0.715625 0.020833 0.012500
2 0.142969 0.656641 0.045312 0.144531