0 0.211458 0.616797 0.031250 0.036719
0 0.248958 0.629687 0.100000 0.078125
0 0.022135 0.624219 0.044271 0.017188
0 0.428906 0.608594 0.027604 0.040625
0 0.449479 0.609766 0.014583 0.021094
0 0.478906 0.603516 0.017188 0.010156
0 0.496354 0.603125 0.013542 0.006250
0 0.519271 0.604297 0.003125 0.003906
0 0.470052 0.604297 0.004687 0.008594
0 0.561719 0.622266 0.058854 0.077344
0 0.593490 0.607422 0.003646 0.010156
0 0.598438 0.608203 0.006250 0.016406
0 0.603646 0.610938 0.008333 0.026562
0 0.613021 0.612500 0.020833 0.032813
0 0.645573 0.623437 0.063021 0.067187
0 0.730208 0.622266 0.054167 0.052344
0 0.969010 0.655078 0.061979 0.122656
5 0.481771 0.594141 0.020833 0.022656
5 0.601302 0.600781 0.011979 0.028125
3 0.801823 0.619922 0.027604 0.063281
2 0.402344 0.605469 0.027604 0.062500
2 0.514323 0.600000 0.008854 0.020313
2 0.534896 0.599219 0.005208 0.007812
2 0.623438 0.573438 0.010417 0.015625