0 0.970573 0.683594 0.058854 0.054688
0 0.992448 0.648438 0.015104 0.010937
0 0.973958 0.650781 0.011458 0.010937
0 0.954687 0.651172 0.009375 0.014844
0 0.961979 0.651563 0.012500 0.010937
0 0.943229 0.653906 0.015625 0.015625
0 0.912500 0.651953 0.018750 0.008594
0 0.914062 0.656250 0.023958 0.014063
0 0.915365 0.673828 0.040104 0.039844
0 0.883594 0.659766 0.024479 0.032031
0 0.844271 0.664453 0.036458 0.033594
0 0.832812 0.675000 0.042708 0.046875
0 0.794010 0.664062 0.032813 0.028125
0 0.704688 0.670312 0.064583 0.043750
0 0.858073 0.652344 0.015104 0.014063
0 0.823177 0.651953 0.021354 0.016406
0 0.774219 0.657031 0.022396 0.015625
0 0.763021 0.656250 0.014583 0.015625
0 0.677865 0.651953 0.034896 0.016406
0 0.661458 0.652734 0.004167 0.008594
0 0.654948 0.653125 0.006771 0.004687
0 0.600781 0.653906 0.016146 0.023438
0 0.591146 0.656250 0.022917 0.018750
0 0.570833 0.656250 0.021875 0.018750
0 0.553385 0.653906 0.020313 0.017188
0 0.479427 0.655859 0.016146 0.016406
0 0.468490 0.654687 0.017188 0.018750
0 0.302865 0.650391 0.036979 0.017969
0 0.139844 0.655078 0.014063 0.019531
0 0.143490 0.646094 0.022396 0.012500
0 0.086979 0.661328 0.062500 0.030469
0 0.067969 0.647656 0.030729 0.014063
0 0.020833 0.660547 0.041667 0.025781
0 0.016406 0.646484 0.031771 0.016406
0 0.029427 0.646484 0.018229 0.016406
3 0.955208 0.652344 0.008333 0.015625
1 0.579427 0.448828 0.018229 0.027344
2 0.494792 0.678516 0.015625 0.030469
2 0.181510 0.678125 0.015104 0.023438
2 0.535937 0.551562 0.091667 0.067187
2 0.519010 0.480469 0.101562 0.084375
2 0.871875 0.632031 0.017708 0.014063
2 0.895052 0.648438 0.002604 0.007812
2 0.924219 0.648438 0.002604 0.006250