0 0.312240 0.647266 0.053646 0.053906
0 0.485156 0.641406 0.022396 0.025000
0 0.424219 0.629297 0.015104 0.017969
0 0.436198 0.629297 0.008854 0.013281
0 0.405729 0.632031 0.011458 0.003125
0 0.234115 0.515625 0.029687 0.017188
0 0.491927 0.630469 0.014063 0.012500
0 0.502344 0.630078 0.008854 0.011719
0 0.511198 0.630469 0.004687 0.010937
0 0.391146 0.630859 0.005208 0.005469
5 0.478906 0.625781 0.017188 0.023438
2 0.534635 0.575000 0.038021 0.028125
2 0.534635 0.598047 0.038021 0.016406
2 0.421354 0.561328 0.035417 0.027344