0 0.023698 0.666406 0.047396 0.023438
0 0.063542 0.660547 0.043750 0.024219
0 0.140365 0.660938 0.060937 0.026562
0 0.196354 0.662109 0.039583 0.017969
0 0.239844 0.661719 0.011979 0.007812
0 0.280469 0.662891 0.008854 0.005469
0 0.311719 0.671094 0.053646 0.059375
0 0.350781 0.665234 0.031771 0.038281
0 0.376823 0.659766 0.009896 0.025781
0 0.436458 0.660938 0.011458 0.026562
0 0.430990 0.658984 0.003646 0.013281
0 0.447396 0.663281 0.021875 0.032813
0 0.470313 0.663672 0.033333 0.038281
0 0.496354 0.693359 0.086458 0.116406
0 0.663281 0.630078 0.058854 0.033594
0 0.753125 0.635938 0.070833 0.031250
0 0.448177 0.603516 0.007812 0.005469
0 0.456250 0.605078 0.007292 0.005469
0 0.493490 0.610938 0.006771 0.012500
0 0.510938 0.626562 0.007292 0.009375
5 0.195573 0.655078 0.032813 0.019531
5 0.405208 0.651953 0.048958 0.080469
3 0.687760 0.616406 0.017188 0.034375
2 0.196875 0.647656 0.008333 0.029687
2 0.472917 0.625000 0.007292 0.010937
2 0.473177 0.633594 0.007812 0.006250
2 0.437240 0.587891 0.003646 0.007031
2 0.422396 0.586719 0.003125 0.003125
2 0.429948 0.587891 0.003646 0.007031
2 0.585156 0.541016 0.011979 0.027344
2 0.368750 0.654687 0.002083 0.009375
2 0.326042 0.546094 0.004167 0.006250