0 0.241406 0.801172 0.050521 0.050781
0 0.297917 0.799219 0.038542 0.037500
0 0.321094 0.789844 0.009896 0.018750
0 0.335938 0.797656 0.039583 0.043750
0 0.366927 0.792969 0.006771 0.026562
0 0.377083 0.792969 0.016667 0.023438
0 0.386979 0.792578 0.009375 0.021094
0 0.396875 0.791406 0.014583 0.020313
0 0.409635 0.789453 0.011979 0.016406
0 0.417708 0.789453 0.007292 0.016406
0 0.422917 0.788672 0.008333 0.014844
0 0.428906 0.787891 0.007812 0.013281
0 0.445833 0.792188 0.015625 0.018750
0 0.457813 0.789453 0.011458 0.016406
0 0.465885 0.787109 0.005729 0.011719
0 0.483854 0.801172 0.034375 0.049219
0 0.523177 0.810937 0.050521 0.070312
0 0.667708 0.828906 0.102083 0.095312
0 0.916667 0.884375 0.166667 0.184375
0 0.592708 0.794922 0.007292 0.010156
0 0.572917 0.801562 0.025000 0.031250
0 0.563281 0.798828 0.010937 0.027344
0 0.554427 0.798828 0.011979 0.021094
0 0.546354 0.793359 0.008333 0.013281
0 0.502604 0.788672 0.004167 0.011719
0 0.500260 0.787109 0.004687 0.008594
0 0.478906 0.783203 0.021354 0.021094
6 0.444792 0.780469 0.023958 0.032813
4 0.110417 0.794922 0.013542 0.058594
3 0.358594 0.798828 0.019271 0.055469
3 0.429948 0.788672 0.003646 0.014844
1 0.567448 0.769922 0.003646 0.014844
1 0.522917 0.727734 0.003125 0.005469
2 0.945312 0.716797 0.044792 0.057031
2 0.554948 0.775781 0.003646 0.007812