0 0.171875 0.705469 0.101042 0.082812
0 0.330729 0.689063 0.031250 0.037500
0 0.344792 0.684375 0.010417 0.026562
0 0.334896 0.669141 0.014583 0.005469
0 0.358594 0.679688 0.017188 0.018750
0 0.364844 0.667188 0.009896 0.007812
0 0.370312 0.678906 0.012500 0.017188
0 0.385677 0.689453 0.029687 0.033594
0 0.412760 0.682031 0.019271 0.020313
0 0.430469 0.685156 0.023438 0.023438
0 0.440625 0.677344 0.008333 0.006250
0 0.448958 0.686719 0.020833 0.026562
0 0.459896 0.689844 0.014583 0.032813
0 0.467188 0.692188 0.018750 0.037500
0 0.491667 0.690625 0.045833 0.039062
0 0.521094 0.681641 0.020313 0.011719
0 0.617708 0.716797 0.082292 0.085156
0 0.523177 0.728906 0.126562 0.170313
4 0.060156 0.663672 0.018229 0.030469
4 0.349219 0.676172 0.005729 0.025781
2 0.375521 0.659375 0.004167 0.006250
2 0.421875 0.666406 0.003125 0.006250
2 0.897656 0.551562 0.038021 0.078125
2 0.614323 0.651953 0.005729 0.022656
2 0.523698 0.654297 0.005729 0.008594