0 0.929167 0.817187 0.141667 0.365625
0 0.863021 0.694531 0.273958 0.303125
0 0.711458 0.659375 0.064583 0.081250
0 0.701823 0.622266 0.053646 0.042969
0 0.645052 0.615625 0.036979 0.010937
0 0.667448 0.651953 0.022396 0.061719
0 0.632552 0.667188 0.086979 0.107813
0 0.584896 0.614453 0.026042 0.013281
0 0.586198 0.632031 0.019271 0.021875
0 0.537760 0.676172 0.116146 0.146094
0 0.488021 0.625000 0.015625 0.034375
0 0.443750 0.772266 0.317708 0.403906
0 0.057552 0.687500 0.090104 0.073438
0 0.172917 0.675781 0.042708 0.070312
0 0.238802 0.662891 0.018229 0.057031
0 0.301563 0.656641 0.046875 0.042969
0 0.265104 0.642969 0.045833 0.025000
6 0.679948 0.606641 0.095312 0.052344
3 0.742708 0.630859 0.012500 0.035156
3 0.713281 0.657813 0.035937 0.121875