0 0.906250 0.841406 0.187500 0.317188
0 0.904688 0.741016 0.053125 0.049219
0 0.804427 0.785547 0.202604 0.192969
0 0.817188 0.729297 0.061458 0.032031
0 0.729948 0.724219 0.029687 0.031250
0 0.687240 0.752344 0.078646 0.098437
0 0.657813 0.713281 0.035417 0.026562
0 0.605990 0.710547 0.013021 0.011719
0 0.555469 0.705859 0.050521 0.044531
0 0.563021 0.816016 0.231250 0.317969
0 0.422656 0.708594 0.011979 0.031250
0 0.385156 0.712109 0.047396 0.053906
0 0.367448 0.707422 0.018229 0.036719
0 0.338802 0.707422 0.011979 0.033594
0 0.310417 0.710938 0.059375 0.050000
0 0.245573 0.709375 0.034896 0.056250
0 0.201823 0.706641 0.014063 0.058594
0 0.085677 0.727344 0.171354 0.137500
0 0.013281 0.691797 0.026562 0.052344
2 0.825260 0.660547 0.021354 0.027344
2 0.825781 0.685156 0.015104 0.018750
2 0.675000 0.689453 0.008333 0.013281