0 0.011458 0.575000 0.022917 0.042188
0 0.044010 0.568359 0.030729 0.013281
0 0.071875 0.581641 0.056250 0.032031
0 0.121875 0.587500 0.054167 0.031250
0 0.146875 0.576562 0.020833 0.009375
0 0.177344 0.566797 0.039062 0.032031
0 0.238281 0.585156 0.024479 0.018750
0 0.254688 0.585938 0.014583 0.017188
0 0.283333 0.588281 0.005208 0.010937
0 0.340104 0.590234 0.014583 0.011719
0 0.375781 0.596484 0.005729 0.013281
0 0.474219 0.603125 0.008854 0.010937
0 0.483594 0.603516 0.005729 0.011719
0 0.482292 0.602734 0.008333 0.011719
0 0.484896 0.620703 0.010417 0.044531
0 0.514062 0.637891 0.067708 0.089844
0 0.556510 0.624609 0.040104 0.055469
0 0.584375 0.606641 0.006250 0.008594
0 0.579687 0.605078 0.005208 0.007031
0 0.590104 0.608984 0.008333 0.011719
0 0.623438 0.617969 0.021875 0.021875
0 0.611198 0.615625 0.008854 0.017188
0 0.640625 0.619922 0.021875 0.025781
0 0.677604 0.646875 0.083333 0.103125
0 0.768229 0.603516 0.023958 0.022656
0 0.791146 0.642969 0.057292 0.062500
0 0.939844 0.665625 0.120313 0.181250
0 0.632292 0.604297 0.012500 0.007031
6 0.294792 0.579297 0.016667 0.028906
6 0.331250 0.577734 0.012500 0.024219
6 0.297135 0.563281 0.011979 0.004687
4 0.604948 0.614062 0.004687 0.028125
3 0.572917 0.616406 0.012500 0.045312
3 0.591406 0.610156 0.004687 0.017188
3 0.598437 0.616406 0.011458 0.037500
3 0.854688 0.684766 0.112500 0.244531
3 0.734375 0.680078 0.106250 0.261719
3 0.307812 0.608594 0.039583 0.062500
3 0.073958 0.583984 0.022917 0.046094
3 0.106510 0.573438 0.013021 0.015625
2 0.107031 0.559766 0.003646 0.010156
2 0.358854 0.538672 0.034375 0.058594
2 0.432292 0.528906 0.016667 0.026562
2 0.550260 0.591797 0.007812 0.005469
2 0.378385 0.633203 0.009896 0.036719
2 0.631510 0.596484 0.005729 0.003906