0 0.452083 0.658984 0.012500 0.014844
0 0.456510 0.657812 0.007812 0.009375
0 0.510417 0.656250 0.031250 0.021875
0 0.514323 0.654687 0.111979 0.046875
0 0.575521 0.659375 0.012500 0.017188
0 0.713542 0.666406 0.073958 0.020313
0 0.710938 0.721484 0.162500 0.172656
0 0.850000 0.802344 0.300000 0.395313
0 0.533594 0.795703 0.335938 0.408594
0 0.205729 0.767188 0.318750 0.309375
0 0.364844 0.696875 0.068229 0.128125
3 0.401042 0.713672 0.071875 0.191406
1 0.478125 0.563672 0.005208 0.021094
2 0.385417 0.621094 0.008333 0.020313
2 0.986719 0.478906 0.026562 0.114062