0 0.190885 0.681250 0.025521 0.014063
0 0.065885 0.680859 0.038021 0.014844
0 0.038542 0.744531 0.077083 0.090625
0 0.096094 0.733203 0.192188 0.164844
0 0.246615 0.742969 0.180729 0.203125
0 0.787500 0.708984 0.076042 0.078906
0 0.875521 0.712891 0.101042 0.089844
0 0.941146 0.698828 0.071875 0.060156
0 0.879427 0.666016 0.058854 0.013281
0 0.939844 0.784766 0.120313 0.253906
0 0.524740 0.624219 0.418229 0.751563
4 0.107552 0.660156 0.016146 0.040625
7 0.788802 0.707422 0.035937 0.124219
3 0.734635 0.721484 0.030729 0.155469
3 0.751563 0.710156 0.037500 0.121875
2 0.847917 0.607031 0.017708 0.050000
2 0.037760 0.650391 0.013021 0.014844