0 0.013802 0.814062 0.027604 0.157812
0 0.036458 0.705859 0.072917 0.088281
0 0.317448 0.700391 0.186979 0.114844
0 0.388021 0.669922 0.015625 0.033594
0 0.399479 0.664844 0.036458 0.028125
0 0.419531 0.661719 0.028646 0.026562
0 0.448698 0.653125 0.010937 0.009375
0 0.522135 0.656250 0.017188 0.015625
0 0.548698 0.692188 0.055729 0.112500
0 0.619531 0.722266 0.149479 0.196094
0 0.463021 0.685547 0.132292 0.086719
4 0.187240 0.579687 0.023438 0.025000
4 0.176042 0.753125 0.092708 0.343750
4 0.321615 0.754687 0.132812 0.478125
4 0.464062 0.677344 0.040625 0.109375
4 0.930208 0.747266 0.138542 0.505469
4 0.895573 0.730469 0.159896 0.539062
4 0.799479 0.736719 0.070833 0.303125
4 0.729688 0.778125 0.095833 0.443750
3 0.403646 0.669922 0.019792 0.039844
2 0.418490 0.623437 0.006771 0.015625
2 0.623958 0.582422 0.014583 0.038281
2 0.625260 0.614063 0.017188 0.021875
2 0.756510 0.562500 0.026562 0.040625
2 0.492448 0.633203 0.003646 0.005469
2 0.521615 0.620703 0.002604 0.016406