0 0.317188 0.673437 0.068750 0.056250
0 0.373698 0.664844 0.043229 0.042188
0 0.452083 0.691016 0.081250 0.102344
0 0.525521 0.678516 0.042708 0.057031
0 0.502865 0.664453 0.010937 0.017969
0 0.552865 0.668750 0.021354 0.029687
0 0.581510 0.663672 0.017188 0.019531
0 0.591927 0.661328 0.009896 0.011719
0 0.154167 0.655859 0.040625 0.014844
0 0.228646 0.655859 0.035417 0.014844
0 0.103906 0.656250 0.057813 0.017188
0 0.022396 0.660156 0.043750 0.021875
0 0.563021 0.662109 0.007292 0.014844
0 0.567708 0.660156 0.007292 0.010937
0 0.500000 0.661328 0.013542 0.022656
0 0.583854 0.633203 0.006250 0.005469
0 0.259896 0.656250 0.027083 0.009375
0 0.402083 0.658203 0.010417 0.008594
0 0.412500 0.657031 0.006250 0.006250
4 0.599740 0.662109 0.003646 0.016406
2 0.730469 0.663281 0.010937 0.039062