0 0.097396 0.709766 0.194792 0.299219
0 0.211979 0.627734 0.136458 0.072656
0 0.347135 0.621094 0.085938 0.034375
0 0.292708 0.690234 0.239583 0.222656
0 0.453646 0.645703 0.082292 0.089844
0 0.416667 0.617188 0.033333 0.021875
0 0.492448 0.631250 0.032813 0.050000
0 0.506771 0.614453 0.012500 0.011719
0 0.551823 0.613281 0.040104 0.023438
0 0.573177 0.674219 0.157812 0.204687
0 0.585677 0.616016 0.006771 0.011719
0 0.581771 0.616406 0.005208 0.010937
0 0.644792 0.623828 0.028125 0.044531
0 0.668750 0.636719 0.052083 0.073438
0 0.728125 0.646094 0.107292 0.110937
0 0.789323 0.636328 0.066146 0.086719
0 0.860156 0.649219 0.136979 0.118750
0 0.933594 0.696094 0.132812 0.267188
1 0.360937 0.247656 0.026042 0.100000