0 0.429948 0.793750 0.047396 0.050000
0 0.681510 0.801172 0.027604 0.035156
0 0.650521 0.795312 0.016667 0.018750
0 0.621094 0.793750 0.014063 0.018750
0 0.639062 0.792187 0.009375 0.012500
0 0.613021 0.790234 0.007292 0.011719
0 0.628385 0.790625 0.002604 0.007812
3 0.238281 0.812891 0.068229 0.175781
3 0.210938 0.791016 0.036458 0.096094
1 0.536979 0.685937 0.011458 0.048438
1 0.524740 0.686719 0.011979 0.051562
1 0.191927 0.712109 0.005729 0.024219
1 0.630208 0.576172 0.010417 0.044531
1 0.681250 0.581250 0.010417 0.045312
2 0.188021 0.794922 0.011458 0.021094
2 0.190885 0.774609 0.009896 0.013281
2 0.653646 0.575000 0.034375 0.017188
2 0.530729 0.792188 0.009375 0.023438
2 0.530208 0.772266 0.010417 0.014844
2 0.011979 0.696484 0.019792 0.025781