0 0.113542 0.677734 0.155208 0.111719
0 0.042708 0.648828 0.059375 0.030469
0 0.323958 0.708594 0.144792 0.189062
0 0.397396 0.654297 0.022917 0.024219
0 0.435417 0.680469 0.072917 0.096875
0 0.469010 0.669531 0.019271 0.067187
0 0.513021 0.660938 0.031250 0.034375
0 0.386458 0.650781 0.005208 0.009375
5 0.289062 0.646484 0.122917 0.158594
2 0.415625 0.530859 0.004167 0.011719
2 0.426302 0.529297 0.004687 0.007031
2 0.213542 0.455078 0.008333 0.013281
2 0.706250 0.129297 0.006250 0.025781
2 0.540365 0.373438 0.001563 0.010937
2 0.590885 0.298828 0.002604 0.014844