0 0.407552 0.724609 0.056771 0.061719
0 0.473698 0.720312 0.030729 0.040625
0 0.499219 0.707422 0.010937 0.013281
0 0.505469 0.716797 0.022396 0.030469
0 0.515104 0.709375 0.003125 0.010937
0 0.530729 0.721484 0.028125 0.038281
0 0.542969 0.714453 0.005729 0.019531
0 0.556771 0.720312 0.023958 0.032813
0 0.567969 0.713672 0.002604 0.007031
0 0.572917 0.714453 0.006250 0.007031
0 0.545833 0.710547 0.003125 0.008594
0 0.936979 0.797266 0.126042 0.213281
3 0.603646 0.723047 0.010417 0.038281
1 0.484375 0.681641 0.002083 0.010156
2 0.676302 0.685156 0.022396 0.039062
2 0.372917 0.609375 0.044792 0.106250
2 0.483333 0.677344 0.012500 0.028125