0 0.883333 0.849609 0.233333 0.239844
0 0.625260 0.787109 0.093229 0.094531
0 0.516406 0.759766 0.020313 0.024219
0 0.498698 0.757812 0.013021 0.018750
0 0.479687 0.763281 0.031250 0.037500
0 0.460677 0.754297 0.017188 0.024219
0 0.450000 0.751953 0.010417 0.017969
0 0.442708 0.750781 0.006250 0.015625
0 0.387500 0.742578 0.007292 0.010156
0 0.378125 0.748438 0.016667 0.021875
0 0.397396 0.758984 0.029167 0.039844
0 0.335677 0.742188 0.004687 0.015625
4 0.332292 0.741016 0.006250 0.016406
3 0.576042 0.760547 0.016667 0.060156
1 0.972917 0.383984 0.026042 0.030469
2 0.967708 0.501953 0.064583 0.127344
2 0.819271 0.333203 0.179167 0.114844
2 0.789844 0.740234 0.002604 0.011719
2 0.736719 0.744141 0.002604 0.010156
2 0.685156 0.748828 0.001563 0.007031
2 0.502604 0.719922 0.011458 0.010156
2 0.505729 0.732422 0.015625 0.014844
2 0.443490 0.752344 0.003646 0.017188
2 0.423698 0.745312 0.001563 0.004687
2 0.431250 0.746875 0.002083 0.009375
2 0.344531 0.766406 0.019271 0.071875