0 0.103385 0.657031 0.034896 0.025000
0 0.139063 0.655469 0.032292 0.014063
0 0.552344 0.659375 0.026562 0.012500
0 0.595573 0.683203 0.017188 0.013281
0 0.598437 0.689453 0.011458 0.017969
0 0.603906 0.689844 0.008854 0.018750
0 0.608073 0.703125 0.015104 0.046875
0 0.640104 0.697266 0.054167 0.074219
0 0.643490 0.712500 0.047396 0.070312
0 0.669010 0.718750 0.063021 0.089063
0 0.714844 0.737109 0.107813 0.133594
0 0.852865 0.771484 0.254688 0.233594
0 0.946094 0.857031 0.107813 0.256250
0 0.559115 0.723828 0.083854 0.117969