0 0.550781 0.805078 0.502604 0.389844
0 0.444792 0.694531 0.073958 0.035937
0 0.482292 0.696875 0.021875 0.029687
0 0.353646 0.710156 0.013542 0.023438
0 0.311719 0.723828 0.090104 0.103906
0 0.260156 0.717187 0.031771 0.043750
0 0.125781 0.762891 0.196354 0.175781
0 0.009375 0.727344 0.018750 0.015625
1 0.319271 0.486328 0.012500 0.058594
2 0.527344 0.563672 0.017188 0.067969
2 0.361198 0.680859 0.015104 0.010156
2 0.032813 0.733984 0.017708 0.061719
2 0.241146 0.699609 0.004167 0.014844
2 0.361198 0.668359 0.011979 0.011719