0 0.228906 0.732422 0.121354 0.094531
0 0.569271 0.808203 0.175000 0.228906
0 0.558333 0.730859 0.023958 0.021094
0 0.582031 0.729297 0.011979 0.014844
0 0.630208 0.728516 0.007292 0.008594
0 0.639323 0.738281 0.019271 0.029687
0 0.646094 0.746094 0.017188 0.040625
6 0.494531 0.698047 0.030729 0.027344
6 0.763542 0.731250 0.133333 0.167187
3 0.459375 0.727344 0.008333 0.035937
3 0.677865 0.782031 0.063021 0.156250
3 0.952865 0.819141 0.094271 0.224219
2 0.476302 0.708594 0.005729 0.026562
2 0.476823 0.687500 0.009896 0.015625
2 0.994010 0.684375 0.011979 0.040625
2 0.207031 0.651953 0.010937 0.025781
2 0.010156 0.673047 0.017188 0.027344