0 0.664583 0.795703 0.436458 0.408594
0 0.483333 0.687891 0.043750 0.100781
0 0.478125 0.672656 0.018750 0.035937
0 0.474479 0.670312 0.010417 0.020313
0 0.465625 0.661719 0.015625 0.010937
0 0.454427 0.667188 0.011979 0.018750
0 0.442969 0.669922 0.018229 0.022656
0 0.417969 0.674219 0.031771 0.037500
0 0.433594 0.661719 0.005729 0.009375
0 0.403125 0.664062 0.007292 0.010937
0 0.390625 0.670312 0.023958 0.028125
0 0.357813 0.671875 0.016667 0.026562
0 0.340625 0.672656 0.027083 0.029687
0 0.320052 0.675000 0.016146 0.034375
0 0.303125 0.676562 0.032292 0.039062
0 0.269531 0.680859 0.052604 0.044531
0 0.110937 0.689453 0.100000 0.064844
4 0.171875 0.675000 0.022917 0.045312
4 0.149479 0.662500 0.013542 0.029687
4 0.462760 0.663281 0.002604 0.012500
3 0.470833 0.662891 0.003125 0.013281
1 0.444792 0.623437 0.002083 0.009375
1 0.420313 0.644922 0.003125 0.008594
2 0.436719 0.658984 0.002604 0.008594