0 0.481510 0.616797 0.018229 0.019531
0 0.509635 0.646094 0.034896 0.106250
0 0.596094 0.674219 0.179688 0.192188
0 0.653125 0.609766 0.032292 0.044531
0 0.366406 0.728906 0.267188 0.323437
0 0.082812 0.746484 0.165625 0.327344
0 0.276823 0.627344 0.035937 0.067187
0 0.376563 0.614453 0.033333 0.039844
0 0.396354 0.614062 0.019792 0.017188
0 0.404427 0.615625 0.010937 0.014063
5 0.740365 0.585547 0.058854 0.060156
4 0.478906 0.602344 0.005729 0.009375
4 0.475781 0.602734 0.003646 0.010156
4 0.734375 0.584766 0.005208 0.011719
4 0.801302 0.598828 0.015104 0.049219
4 0.992188 0.596484 0.015625 0.075781
3 0.494271 0.630859 0.015625 0.074219
1 0.480990 0.537500 0.003646 0.015625
1 0.486458 0.537500 0.004167 0.015625
1 0.504427 0.535156 0.003646 0.015625
1 0.568490 0.546094 0.006771 0.029687
2 0.595052 0.553125 0.013021 0.028125
2 0.622917 0.536719 0.019792 0.025000