0 0.936458 0.627344 0.127083 0.134375
0 0.531510 0.626562 0.091146 0.079687
0 0.602865 0.683984 0.206771 0.225781
0 0.354687 0.621484 0.021875 0.033594
0 0.365104 0.614063 0.016667 0.014063
0 0.351823 0.750781 0.328646 0.385937
0 0.160156 0.705859 0.222396 0.257031
0 0.050000 0.819141 0.100000 0.269531
4 0.750781 0.599219 0.015104 0.045312
4 0.832552 0.598828 0.028646 0.058594
4 0.865885 0.598438 0.014063 0.057813
4 0.837240 0.586719 0.010937 0.035937
4 0.855208 0.606641 0.015625 0.046094
4 0.491146 0.600391 0.005208 0.011719
4 0.771615 0.591016 0.010937 0.028906
4 0.845313 0.596875 0.007292 0.034375
3 0.484115 0.612891 0.007812 0.024219
3 0.446094 0.614844 0.026562 0.053125
3 0.388281 0.607422 0.034896 0.035156
1 0.553646 0.551562 0.007292 0.028125
1 0.471615 0.541797 0.003646 0.014844
1 0.477083 0.541016 0.004167 0.014844
1 0.494271 0.539453 0.003125 0.014844
2 0.904948 0.497656 0.029687 0.051562
2 0.930990 0.491406 0.024479 0.025000
2 0.591927 0.550000 0.004687 0.032813
2 0.575260 0.558594 0.011979 0.026562