0 0.916927 0.694141 0.166146 0.260156
0 0.930469 0.625391 0.076563 0.047656
0 0.849740 0.645312 0.114062 0.090625
0 0.794010 0.623047 0.010937 0.019531
0 0.694531 0.625391 0.045312 0.063281
0 0.663021 0.623437 0.036458 0.050000
0 0.646354 0.625391 0.015625 0.041406
0 0.596875 0.628125 0.089583 0.117188
0 0.550260 0.621875 0.019271 0.062500
0 0.541146 0.614844 0.009375 0.021875
0 0.537500 0.611328 0.007292 0.011719
0 0.505208 0.615234 0.008333 0.019531
0 0.483594 0.615234 0.042188 0.022656
0 0.496615 0.662891 0.106771 0.141406
0 0.332552 0.630078 0.083854 0.077344
0 0.024479 0.648438 0.048958 0.106250
0 0.088021 0.632031 0.013542 0.045312
0 0.117188 0.630859 0.026042 0.047656
3 0.737240 0.698047 0.121354 0.297656
3 0.663021 0.628125 0.023958 0.073438
2 0.280469 0.508594 0.007812 0.040625
2 0.368229 0.548828 0.004167 0.024219
2 0.406510 0.567187 0.002604 0.017188
2 0.426042 0.577734 0.003125 0.014844