0 0.698438 0.663281 0.004167 0.018750
0 0.559375 0.657031 0.008333 0.023438
0 0.583333 0.667188 0.033333 0.042188
0 0.522396 0.651563 0.002083 0.014063
0 0.502604 0.661328 0.031250 0.047656
0 0.442969 0.683984 0.104688 0.121094
0 0.334375 0.655078 0.047917 0.050781
0 0.368229 0.654687 0.020833 0.032813
0 0.388542 0.661328 0.042708 0.053906
0 0.223177 0.664453 0.057813 0.061719
0 0.110156 0.689453 0.220312 0.152344
0 0.516667 0.655469 0.004167 0.026562
5 0.539323 0.648828 0.032813 0.060156
4 0.690885 0.655078 0.006771 0.027344
4 0.709896 0.658984 0.012500 0.030469
3 0.549479 0.663281 0.014583 0.057813
1 0.500781 0.603516 0.001563 0.008594
1 0.506250 0.604297 0.002083 0.008594
1 0.556510 0.627734 0.002604 0.008594
2 0.406510 0.564063 0.020313 0.029687
2 0.586979 0.636328 0.005208 0.013281
2 0.624740 0.626172 0.006771 0.016406
2 0.695052 0.612109 0.022396 0.033594
2 0.570312 0.622656 0.004167 0.010937