0 0.805990 0.707422 0.057813 0.066406
0 0.760417 0.714063 0.028125 0.039062
0 0.725000 0.710547 0.035417 0.033594
0 0.705729 0.707813 0.017708 0.029687
0 0.697656 0.702734 0.016146 0.017969
0 0.639062 0.751172 0.108333 0.125781
0 0.571094 0.697266 0.007812 0.010156
0 0.561198 0.703906 0.016146 0.020313
0 0.546094 0.701562 0.011979 0.015625
0 0.588802 0.697656 0.007812 0.007812
5 0.670312 0.685156 0.034375 0.045312
3 0.681510 0.707031 0.025521 0.037500
3 0.467187 0.710547 0.012500 0.042969
1 0.534896 0.635938 0.003125 0.014063
2 0.827083 0.667187 0.008333 0.012500
2 0.577865 0.667187 0.005729 0.009375
2 0.578646 0.691797 0.003125 0.010156
2 0.492448 0.683984 0.003646 0.010156
2 0.502865 0.706641 0.003646 0.014844
2 0.462500 0.676172 0.004167 0.014844
2 0.401042 0.721875 0.009375 0.042188
2 0.289323 0.640625 0.016146 0.040625
2 0.201302 0.622656 0.022396 0.051562