0 0.853906 0.804297 0.292187 0.282031
0 0.705990 0.685937 0.028646 0.028125
0 0.689063 0.684375 0.017708 0.023438
0 0.664844 0.681250 0.020313 0.021875
0 0.626823 0.684766 0.028646 0.033594
0 0.584115 0.674219 0.008854 0.007812
0 0.518750 0.668359 0.013542 0.014844
0 0.536198 0.671484 0.007812 0.010156
0 0.546615 0.670703 0.010937 0.011719
0 0.556510 0.672656 0.008854 0.009375
0 0.591667 0.674219 0.006250 0.006250
4 0.648438 0.680078 0.005208 0.022656
3 0.527344 0.668750 0.005729 0.018750
3 0.569271 0.672266 0.011458 0.017969
3 0.607031 0.673828 0.009896 0.019531
1 0.600781 0.636719 0.002604 0.007812
1 0.589063 0.637109 0.002083 0.008594
2 0.723177 0.653516 0.006771 0.010156