0 0.761458 0.698438 0.012500 0.014063
0 0.705208 0.696484 0.016667 0.019531
0 0.642188 0.712109 0.054167 0.060156
0 0.609896 0.694922 0.033333 0.024219
0 0.586458 0.694922 0.010417 0.016406
0 0.582292 0.693359 0.011458 0.019531
0 0.572917 0.700391 0.017708 0.038281
0 0.551302 0.705859 0.039062 0.055469
0 0.501042 0.700391 0.033333 0.042969
0 0.515625 0.698437 0.007292 0.035937
0 0.518750 0.692969 0.004167 0.014063
0 0.523958 0.693359 0.006250 0.008594
0 0.484635 0.689844 0.011979 0.021875
0 0.471354 0.696094 0.022917 0.037500
0 0.448177 0.705469 0.041146 0.053125
0 0.357031 0.685937 0.041146 0.017188
0 0.532552 0.694531 0.004687 0.012500
3 0.430208 0.683203 0.010417 0.019531
1 0.484115 0.619922 0.002604 0.013281
1 0.504427 0.621094 0.002604 0.014063
1 0.651302 0.642578 0.005729 0.019531
2 0.232292 0.629688 0.011458 0.029687
2 0.279427 0.634375 0.016146 0.032813
2 0.401302 0.647266 0.013021 0.019531
2 0.431771 0.637500 0.010417 0.007812
2 0.430729 0.648828 0.012500 0.013281
2 0.431510 0.662891 0.017188 0.014844
2 0.453906 0.666406 0.005729 0.007812
2 0.490625 0.660547 0.015625 0.010156
2 0.514844 0.660547 0.016146 0.010156
2 0.537240 0.660547 0.007812 0.010156
2 0.676042 0.660156 0.009375 0.012500
2 0.809115 0.664844 0.009896 0.025000
2 0.590885 0.674609 0.002604 0.008594
2 0.400260 0.693359 0.003646 0.019531
2 0.348438 0.683984 0.004167 0.007031