0 0.139323 0.577734 0.159896 0.096094
0 0.220573 0.597266 0.030729 0.025781
0 0.282292 0.589062 0.013542 0.025000
0 0.315625 0.737891 0.479167 0.388281
0 0.490625 0.680859 0.139583 0.182031
0 0.549740 0.644922 0.025521 0.100781
0 0.559896 0.625391 0.015625 0.044531
0 0.558073 0.604297 0.013021 0.005469
0 0.566667 0.623828 0.011458 0.033594
0 0.575521 0.617969 0.007292 0.020313
0 0.589063 0.617188 0.011458 0.015625
0 0.594531 0.612891 0.005729 0.008594
0 0.629427 0.612109 0.043229 0.021094
0 0.643750 0.651562 0.085417 0.103125
0 0.762760 0.623047 0.027604 0.016406
0 0.754427 0.678906 0.173437 0.160938
0 0.845052 0.633984 0.075521 0.066406
0 0.873437 0.776953 0.253125 0.389844
3 0.570833 0.616406 0.007292 0.028125
3 0.579427 0.616797 0.010937 0.025781
3 0.589323 0.636328 0.049479 0.094531
3 0.685937 0.607422 0.022917 0.049219
3 0.728906 0.595313 0.018229 0.007812
3 0.798958 0.604687 0.035417 0.043750
1 0.578385 0.580859 0.002604 0.013281
2 0.582812 0.588672 0.004167 0.008594