0 0.826823 0.748438 0.345313 0.503125
0 0.817448 0.629297 0.089063 0.055469
0 0.756510 0.619141 0.083854 0.060156
0 0.676823 0.709766 0.202604 0.216406
0 0.591927 0.625391 0.016146 0.013281
0 0.610417 0.617969 0.007292 0.007812
0 0.578646 0.649609 0.059375 0.082031
0 0.558594 0.642578 0.044271 0.057031
0 0.545052 0.625000 0.033854 0.037500
0 0.528385 0.624609 0.007812 0.013281
0 0.484896 0.633594 0.064583 0.039062
0 0.459375 0.724219 0.188542 0.264062
0 0.339583 0.642969 0.006250 0.017188
0 0.287240 0.663281 0.007812 0.017188
0 0.286979 0.646875 0.011458 0.006250
0 0.245573 0.658203 0.017188 0.022656
0 0.202344 0.707812 0.094271 0.109375
0 0.170833 0.660547 0.015625 0.011719
0 0.023958 0.748047 0.047917 0.122656
0 0.063281 0.671484 0.080729 0.042969
0 0.322917 0.700000 0.080208 0.106250
5 0.625000 0.601562 0.031250 0.023438
3 0.079687 0.751953 0.058333 0.225781