0 0.631510 0.694922 0.011979 0.013281
0 0.603646 0.705859 0.032292 0.036719
0 0.579167 0.698047 0.018750 0.019531
0 0.538542 0.706250 0.023958 0.037500
0 0.550000 0.707812 0.043750 0.056250
0 0.522135 0.700781 0.009896 0.020313
0 0.507552 0.705469 0.032813 0.035937
0 0.486979 0.696875 0.015625 0.010937
0 0.415365 0.710156 0.063021 0.071875
0 0.328125 0.707422 0.031250 0.024219
0 0.355990 0.764062 0.169271 0.165625
0 0.169271 0.726172 0.087500 0.061719
5 0.614062 0.690234 0.011458 0.019531
2 0.645052 0.692969 0.004687 0.015625
2 0.669531 0.691016 0.001563 0.007031
2 0.374740 0.677344 0.005729 0.007812