0 0.178906 0.676562 0.036979 0.054688
0 0.589583 0.746094 0.223958 0.215625
0 0.718229 0.682031 0.163542 0.059375
0 0.817187 0.682812 0.078125 0.040625
0 0.488281 0.679297 0.042188 0.035156
0 0.485937 0.662500 0.043750 0.015625
0 0.501042 0.656641 0.025000 0.011719
0 0.667708 0.650391 0.027083 0.010156
0 0.842708 0.668750 0.041667 0.018750
0 0.279427 0.660156 0.051562 0.051562
0 0.822917 0.752344 0.352083 0.490625
0 0.578646 0.675391 0.038542 0.032031
0 0.419271 0.666016 0.022917 0.027344
0 0.309635 0.799609 0.406771 0.400781
0 0.201302 0.655469 0.013021 0.010937
4 0.721354 0.648438 0.008333 0.010937
2 0.711458 0.644531 0.008333 0.012500