0 0.090365 0.646484 0.011979 0.016406
0 0.146354 0.646484 0.007292 0.013281
0 0.401042 0.649609 0.025000 0.019531
0 0.385677 0.651563 0.008854 0.015625
0 0.369010 0.662891 0.039062 0.046094
0 0.306250 0.650781 0.012500 0.009375
0 0.286719 0.681641 0.067187 0.108594
0 0.473958 0.664062 0.129167 0.076563
0 0.426823 0.792969 0.415104 0.414062
4 0.152344 0.659766 0.015104 0.038281
4 0.166406 0.655078 0.013021 0.036719
4 0.671615 0.664453 0.039062 0.167969
2 0.586979 0.521875 0.039583 0.059375
2 0.366406 0.521094 0.011979 0.050000
2 0.365885 0.560547 0.011979 0.030469
2 0.248698 0.605078 0.056771 0.082031
2 0.244010 0.702734 0.056771 0.114844