0 0.548958 0.806250 0.507292 0.387500
0 0.104948 0.800391 0.209896 0.291406
0 0.252865 0.728125 0.083854 0.090625
0 0.299479 0.718750 0.027083 0.046875
0 0.316667 0.713672 0.032292 0.046094
0 0.359635 0.710156 0.019271 0.029687
0 0.332292 0.703516 0.006250 0.014844
0 0.334896 0.685938 0.009375 0.006250
0 0.360417 0.691016 0.018750 0.007031
0 0.462500 0.696484 0.059375 0.027344
3 0.342969 0.719531 0.021354 0.076563
1 0.373177 0.673047 0.003646 0.013281
1 0.318229 0.483984 0.012500 0.052344
2 0.359635 0.669141 0.011979 0.010156
2 0.360937 0.680859 0.014583 0.011719
2 0.526823 0.564063 0.017188 0.067187
2 0.213281 0.687500 0.011979 0.017188
2 0.443750 0.679688 0.005208 0.006250