0 0.119531 0.791797 0.067187 0.028906
0 0.167969 0.794141 0.068229 0.035156
0 0.491667 0.791797 0.047917 0.052344
0 0.446354 0.791016 0.053125 0.071094
0 0.408854 0.805078 0.022917 0.024219
0 0.408594 0.792578 0.015104 0.010156
0 0.392708 0.800000 0.010417 0.021875
0 0.379948 0.800391 0.021354 0.024219
1 0.175781 0.725391 0.006771 0.017969
1 0.223698 0.661719 0.014063 0.025000
1 0.212760 0.654297 0.014063 0.025781
1 0.184635 0.719531 0.009896 0.031250
1 0.188281 0.720313 0.008854 0.031250
1 0.312760 0.671094 0.017188 0.065625
1 0.401042 0.746094 0.005208 0.025000
1 0.401042 0.762891 0.005208 0.008594
1 0.713802 0.733203 0.005729 0.016406
1 0.685677 0.675391 0.015104 0.066406
1 0.664844 0.762109 0.004687 0.013281
2 0.176042 0.784375 0.003125 0.009375
2 0.174740 0.798047 0.004687 0.014844