0 0.679427 0.736719 0.119271 0.131250
0 0.571094 0.687500 0.010937 0.014063
0 0.556510 0.691797 0.013021 0.016406
0 0.539583 0.698047 0.028125 0.033594
0 0.521875 0.680078 0.005208 0.007031
0 0.526823 0.680859 0.004687 0.005469
0 0.510677 0.684766 0.007812 0.005469
0 0.499479 0.686719 0.009375 0.006250
0 0.487760 0.687109 0.008854 0.005469
0 0.267448 0.697266 0.046354 0.011719
0 0.529687 0.677734 0.003125 0.003906
0 0.535156 0.678125 0.003646 0.004687
0 0.540104 0.675391 0.003125 0.003906
0 0.565365 0.680469 0.004687 0.006250
0 0.569271 0.679297 0.005208 0.005469
0 0.545573 0.682031 0.004687 0.006250
0 0.548177 0.679297 0.003646 0.005469
5 0.903906 0.692187 0.192188 0.251563
2 0.670833 0.630078 0.029167 0.017969
2 0.646354 0.629687 0.015625 0.023438