0 0.291667 0.712109 0.064583 0.063281
0 0.443490 0.717969 0.047396 0.057813
0 0.470833 0.717187 0.022917 0.042188
0 0.505990 0.730078 0.006771 0.014844
0 0.526302 0.718750 0.041146 0.051562
0 0.547917 0.732031 0.006250 0.014063
3 0.015104 0.718750 0.030208 0.104688
2 0.099479 0.698047 0.003125 0.014844
2 0.257292 0.690625 0.002083 0.007812
2 0.335156 0.702734 0.001563 0.005469
2 0.361719 0.707422 0.001563 0.005469
2 0.383854 0.712109 0.002083 0.005469
2 0.634635 0.661719 0.004687 0.018750
2 0.597396 0.676172 0.003125 0.013281
2 0.579167 0.685156 0.002083 0.009375
2 0.570052 0.691016 0.001563 0.007031