0 0.080469 0.778906 0.160938 0.442188
0 0.147135 0.700391 0.061979 0.211719
0 0.170052 0.640234 0.023438 0.063281
0 0.178125 0.656250 0.026042 0.092188
0 0.196094 0.646875 0.026562 0.057813
0 0.197396 0.626953 0.012500 0.016406
0 0.199740 0.632422 0.017188 0.028906
0 0.194271 0.615234 0.014583 0.005469
0 0.213802 0.630469 0.014063 0.017188
0 0.220312 0.628516 0.004167 0.011719
0 0.227865 0.630078 0.011979 0.014844
0 0.235417 0.628906 0.006250 0.014063
0 0.238281 0.628906 0.004687 0.014063
0 0.242188 0.630859 0.008333 0.022656
0 0.253125 0.617188 0.013542 0.003125
0 0.248177 0.632031 0.011979 0.026562
0 0.260937 0.631641 0.025000 0.028906
0 0.280990 0.633594 0.009896 0.034375
0 0.293490 0.632031 0.024479 0.040625
0 0.300781 0.635547 0.018229 0.044531
0 0.320052 0.636328 0.034896 0.053906
0 0.351823 0.638281 0.053646 0.060937
0 0.413802 0.646094 0.084896 0.095312
0 0.497135 0.649219 0.129688 0.134375
0 0.642969 0.668359 0.264062 0.202344
0 0.877083 0.669531 0.245833 0.359375
3 0.228125 0.632812 0.011458 0.037500
2 0.253125 0.608203 0.004167 0.005469
2 0.272917 0.588281 0.006250 0.009375