0 0.156250 0.724609 0.312500 0.260156
0 0.327865 0.669531 0.123438 0.142187
0 0.394792 0.639062 0.065625 0.081250
0 0.417969 0.603906 0.038021 0.017188
0 0.470052 0.618359 0.027604 0.019531
0 0.473698 0.676172 0.142187 0.177344
0 0.519271 0.648047 0.069792 0.092969
0 0.542708 0.623047 0.013542 0.036719
0 0.726562 0.662891 0.168750 0.158594
0 0.638542 0.645703 0.083333 0.117969
0 0.601302 0.634766 0.028646 0.082031
0 0.585677 0.629297 0.032813 0.061719
0 0.579427 0.625781 0.034896 0.059375
0 0.560156 0.625391 0.014063 0.036719
0 0.556250 0.624219 0.010417 0.032813
0 0.550521 0.622656 0.012500 0.028125
4 0.847396 0.618750 0.040625 0.164062
2 0.638281 0.556641 0.018229 0.027344