0 0.503385 0.617969 0.009896 0.012500
0 0.495052 0.623828 0.024479 0.036719
0 0.482552 0.614453 0.006771 0.011719
0 0.471875 0.617969 0.013542 0.018750
0 0.464323 0.616016 0.007812 0.016406
0 0.367708 0.608594 0.008333 0.009375
0 0.351823 0.611328 0.014063 0.011719
0 0.319792 0.613281 0.019792 0.015625
0 0.252344 0.613281 0.043229 0.025000
0 0.183073 0.614844 0.044271 0.028125
5 0.594010 0.624609 0.061979 0.083594
4 0.820312 0.663281 0.015625 0.056250
3 0.708854 0.655469 0.032292 0.073438
3 0.544271 0.624609 0.010417 0.027344
3 0.515365 0.617969 0.004687 0.014063
2 0.662500 0.628906 0.003125 0.014063