0 0.831510 0.647656 0.072396 0.039062
0 0.686198 0.629687 0.033854 0.031250
0 0.661458 0.632422 0.040625 0.021094
0 0.646615 0.628906 0.032813 0.018750
0 0.592708 0.625781 0.014583 0.014063
0 0.565885 0.636328 0.047396 0.052344
0 0.536979 0.623047 0.011458 0.007031
0 0.499219 0.631250 0.024479 0.037500
0 0.464844 0.641797 0.058854 0.074219
0 0.451823 0.626562 0.028646 0.032813
0 0.440625 0.618750 0.004167 0.007812
0 0.192188 0.621875 0.015625 0.020313
0 0.140885 0.618359 0.060937 0.038281
0 0.994271 0.675781 0.011458 0.017188
3 0.177865 0.618750 0.018229 0.032813
2 0.529427 0.597656 0.009896 0.009375
2 0.529427 0.607812 0.009896 0.009375