0 0.360156 0.692187 0.017188 0.009375
0 0.335156 0.685938 0.009896 0.006250
0 0.317188 0.714844 0.031250 0.034375
0 0.080469 0.797656 0.160938 0.337500
0 0.482292 0.696875 0.019792 0.026562
0 0.445573 0.693750 0.069271 0.032813
0 0.550000 0.806641 0.497917 0.386719
1 0.318229 0.486719 0.013542 0.057813
1 0.502865 0.590625 0.014063 0.040625
2 0.359896 0.669141 0.012500 0.011719
2 0.360677 0.681250 0.015104 0.010937
2 0.527083 0.563672 0.017708 0.067969
2 0.155990 0.714063 0.006771 0.023438
2 0.123698 0.717578 0.005729 0.014844
2 0.213281 0.687500 0.011979 0.017188
2 0.353385 0.699609 0.003646 0.005469