0 0.977083 0.874609 0.045833 0.250781
0 0.624740 0.715234 0.149479 0.167969
0 0.527604 0.703516 0.066667 0.069531
0 0.497917 0.686328 0.021875 0.028906
0 0.472135 0.687891 0.003646 0.016406
0 0.425000 0.684766 0.052083 0.028906
0 0.423438 0.643750 0.005208 0.006250
0 0.223698 0.694531 0.025521 0.028125
0 0.183333 0.699219 0.073958 0.035937
0 0.188802 0.691797 0.015104 0.008594
0 0.133854 0.704297 0.029167 0.028906
0 0.100000 0.707422 0.069792 0.035156
0 0.038802 0.735156 0.077604 0.098437
0 0.435417 0.746094 0.141667 0.185938
0 0.401562 0.633984 0.004167 0.003906
5 0.494010 0.656641 0.032813 0.041406
2 0.376302 0.587109 0.004687 0.007031
2 0.304688 0.438281 0.012500 0.017188