0 0.454427 0.687891 0.013021 0.021094
0 0.424740 0.684375 0.028646 0.010937
0 0.340885 0.707031 0.082812 0.073438
0 0.178125 0.713672 0.119792 0.086719
0 0.050521 0.750781 0.101042 0.187500
0 0.599479 0.777734 0.186458 0.246094
0 0.811458 0.692188 0.063542 0.034375
0 0.750000 0.692187 0.057292 0.032813
0 0.732812 0.703516 0.055208 0.049219
0 0.701562 0.699609 0.032292 0.042969
0 0.662760 0.692187 0.011979 0.028125
0 0.685156 0.694922 0.030729 0.039844
0 0.592969 0.694531 0.028646 0.031250
0 0.619010 0.692969 0.024479 0.031250
0 0.579687 0.689453 0.005208 0.014844
4 0.374219 0.677344 0.004687 0.014063
4 0.823958 0.691797 0.011458 0.050781
4 0.776042 0.682422 0.005208 0.022656
3 0.428385 0.688672 0.008854 0.032031
1 0.474479 0.556250 0.014583 0.062500
1 0.618229 0.334375 0.014583 0.064062
1 0.697135 0.333594 0.016146 0.065625
2 0.474479 0.666406 0.014583 0.023438
2 0.474219 0.695312 0.014063 0.031250
2 0.518490 0.609766 0.017188 0.025781
2 0.529688 0.626953 0.017708 0.039844
2 0.679948 0.653516 0.004687 0.014844
2 0.781510 0.629297 0.015104 0.021094
2 0.782552 0.649219 0.013021 0.012500
2 0.476823 0.434375 0.068229 0.050000
2 0.453906 0.666016 0.010937 0.007031