0 0.392969 0.691797 0.025521 0.021094
0 0.402604 0.695312 0.027083 0.014063
0 0.460417 0.692187 0.012500 0.007812
0 0.479167 0.690625 0.008333 0.007812
0 0.502604 0.689063 0.006250 0.006250
0 0.514844 0.688672 0.005729 0.003906
0 0.536458 0.690625 0.008333 0.014063
0 0.542187 0.695312 0.016667 0.021875
0 0.549740 0.689453 0.004687 0.008594
0 0.555729 0.691016 0.007292 0.011719
0 0.557813 0.692578 0.003125 0.013281
0 0.565885 0.692578 0.016146 0.021094
0 0.577865 0.691797 0.007812 0.011719
0 0.582552 0.691406 0.003646 0.009375
0 0.585417 0.689844 0.003125 0.007812
0 0.598698 0.695703 0.024479 0.030469
0 0.823437 0.721484 0.110417 0.085156
3 0.085677 0.732812 0.034896 0.064062