0 0.444010 0.698438 0.043229 0.112500
0 0.522396 0.656250 0.022917 0.020313
0 0.545312 0.659375 0.028125 0.015625
0 0.560677 0.660547 0.007812 0.013281
0 0.532031 0.739062 0.178646 0.235937
0 0.615365 0.689063 0.059896 0.089063
0 0.638021 0.658203 0.014583 0.013281
0 0.679948 0.673828 0.032813 0.038281
0 0.813021 0.767969 0.309375 0.293750
0 0.972135 0.750000 0.055729 0.206250
0 0.508333 0.656641 0.010417 0.011719
4 0.330990 0.672266 0.006771 0.030469
4 0.338021 0.670703 0.006250 0.039844
4 0.342188 0.669922 0.007292 0.041406
4 0.348958 0.667578 0.010417 0.046094
4 0.352865 0.676562 0.002604 0.023438
4 0.360677 0.665234 0.016146 0.052344
3 0.645573 0.696484 0.042188 0.121094
1 0.474479 0.596875 0.003125 0.012500
2 0.587760 0.617188 0.008854 0.023438
2 0.861458 0.613672 0.022917 0.021094