0 0.372396 0.696875 0.040625 0.021875
0 0.447656 0.697656 0.010937 0.007812
0 0.471615 0.697656 0.005729 0.006250
0 0.470312 0.689453 0.004167 0.005469
0 0.474740 0.692187 0.002604 0.004687
0 0.480990 0.695703 0.004687 0.007031
0 0.488021 0.695312 0.004167 0.006250
0 0.480208 0.683594 0.004167 0.004687
0 0.462760 0.686719 0.002604 0.004687
0 0.528906 0.699609 0.006771 0.008594
0 0.526042 0.694922 0.005208 0.005469
0 0.533854 0.702344 0.003125 0.015625
0 0.542448 0.700781 0.017188 0.025000
0 0.553125 0.700781 0.004167 0.010937
0 0.582031 0.704688 0.029687 0.042188
0 0.604167 0.705078 0.013542 0.032031
0 0.629687 0.721484 0.059375 0.067969
0 0.722396 0.725391 0.070833 0.067969
2 0.438021 0.698828 0.009375 0.035156
2 0.494271 0.694141 0.003125 0.014844
2 0.510938 0.694922 0.002083 0.010156
2 0.540885 0.682031 0.005729 0.004687
2 0.606510 0.679297 0.014063 0.011719
2 0.690365 0.698047 0.003646 0.014844
2 0.872135 0.704687 0.008854 0.032813