0 0.060417 0.785938 0.120833 0.292187
0 0.310937 0.700781 0.178125 0.234375
0 0.491406 0.725781 0.259896 0.329688
0 0.526042 0.611719 0.084375 0.046875
0 0.446875 0.616406 0.033333 0.034375
0 0.930208 0.711719 0.139583 0.379688
0 0.709115 0.667578 0.086979 0.214844
0 0.674219 0.626953 0.113021 0.147656
0 0.617708 0.630078 0.036458 0.071094
0 0.597917 0.611328 0.025000 0.025781
0 0.475781 0.619141 0.025521 0.035156
3 0.834896 0.730469 0.233333 0.539062
2 0.385677 0.525781 0.030729 0.021875
2 0.735938 0.507812 0.033333 0.051562