0 0.793750 0.732031 0.111458 0.092188
0 0.651302 0.691016 0.013021 0.013281
0 0.640885 0.691406 0.008854 0.012500
0 0.632031 0.703125 0.024479 0.028125
0 0.628646 0.687500 0.009375 0.003125
0 0.600260 0.702344 0.038021 0.050000
0 0.579427 0.696484 0.013021 0.027344
0 0.572656 0.690234 0.007812 0.014844
0 0.553906 0.689063 0.022396 0.012500
0 0.550000 0.715234 0.057292 0.078906
0 0.204948 0.696094 0.084896 0.048438
3 0.652083 0.693359 0.004167 0.017969
2 0.721875 0.695703 0.004167 0.016406
2 0.665365 0.694922 0.002604 0.008594
2 0.499740 0.682812 0.002604 0.012500
2 0.464062 0.683594 0.007292 0.023438
2 0.143229 0.682422 0.038542 0.121094