0 0.948437 0.782422 0.103125 0.149219
0 0.731510 0.748828 0.071354 0.094531
0 0.861198 0.806250 0.255729 0.206250
0 0.411198 0.710547 0.016146 0.032031
0 0.443229 0.704687 0.027083 0.025000
0 0.571354 0.747266 0.093750 0.127344
0 0.655990 0.732031 0.065104 0.070312
0 0.551823 0.727344 0.057813 0.081250
0 0.610156 0.711719 0.020313 0.042188
0 0.634635 0.723438 0.034896 0.053125
2 0.470312 0.702344 0.010417 0.042188
2 0.515885 0.651172 0.008854 0.024219
2 0.523438 0.701562 0.003125 0.017188
2 0.629167 0.684766 0.005208 0.008594