0 0.123438 0.581250 0.131250 0.026562
0 0.206250 0.585938 0.057292 0.014063
0 0.326562 0.582031 0.091667 0.021875
0 0.426823 0.589453 0.026562 0.007031
0 0.472135 0.595313 0.014063 0.007812
0 0.490365 0.593750 0.025521 0.009375
0 0.508854 0.594922 0.013542 0.003906
0 0.575781 0.655859 0.138021 0.186719
0 0.579948 0.595703 0.031771 0.025781
0 0.547656 0.590234 0.008854 0.005469
0 0.616406 0.567578 0.003646 0.003906
0 0.619792 0.567188 0.003125 0.003125
0 0.655208 0.616016 0.050000 0.057031
0 0.719531 0.628906 0.098437 0.101562
0 0.886719 0.715625 0.226562 0.339062
5 0.638281 0.580078 0.034896 0.052344
3 0.389062 0.583984 0.014583 0.016406
3 0.786198 0.615625 0.028646 0.078125
1 0.674740 0.565234 0.001563 0.005469
1 0.667448 0.565625 0.001563 0.006250
2 0.324479 0.640234 0.015625 0.069531
2 0.434896 0.617969 0.008333 0.039062
2 0.478385 0.616016 0.005729 0.027344
2 0.501042 0.609766 0.006250 0.021094
2 0.515625 0.602344 0.004167 0.007812