0 0.133333 0.696094 0.008333 0.015625
0 0.219531 0.697656 0.013021 0.017188
0 0.244792 0.696484 0.056250 0.021094
0 0.286719 0.697266 0.033854 0.016406
0 0.325521 0.699219 0.056250 0.025000
0 0.366406 0.703125 0.025521 0.018750
0 0.397656 0.700781 0.052604 0.032813
0 0.441146 0.703125 0.025000 0.018750
0 0.466146 0.706641 0.044792 0.032031
0 0.505729 0.705469 0.031250 0.018750
0 0.533333 0.707031 0.045833 0.032813
0 0.585677 0.716406 0.058854 0.071875
0 0.694792 0.704687 0.046875 0.079687
0 0.827604 0.728906 0.071875 0.078125
0 0.845052 0.716797 0.034896 0.030469
0 0.897917 0.722266 0.027083 0.036719
0 0.945312 0.734375 0.086458 0.095312
0 0.982552 0.750781 0.034896 0.132812
4 0.261198 0.678516 0.004687 0.011719
4 0.496615 0.701562 0.007812 0.023438
4 0.504427 0.701172 0.007812 0.028906
4 0.881510 0.716797 0.020313 0.052344
4 0.878385 0.716797 0.010937 0.052344
4 0.388542 0.683984 0.009375 0.013281
3 0.863021 0.717188 0.013542 0.037500
3 0.726562 0.736719 0.052083 0.182812
1 0.229948 0.670703 0.004687 0.014844
2 0.709635 0.647656 0.026562 0.028125