0 0.055729 0.829297 0.111458 0.135156
0 0.216667 0.819531 0.164583 0.137500
0 0.274479 0.780078 0.021875 0.017969
0 0.298958 0.798437 0.011458 0.040625
0 0.303385 0.793359 0.035937 0.039844
0 0.322917 0.786328 0.009375 0.013281
0 0.344010 0.801953 0.056771 0.064844
0 0.379427 0.785938 0.022396 0.018750
0 0.384896 0.782422 0.008333 0.005469
0 0.398698 0.792969 0.023438 0.031250
0 0.414062 0.789844 0.012500 0.018750
0 0.433854 0.793359 0.026042 0.032031
0 0.449479 0.785938 0.009375 0.010937
0 0.469271 0.787500 0.011458 0.015625
0 0.475781 0.783984 0.003646 0.007031
0 0.483073 0.787500 0.004687 0.004687
0 0.507812 0.805859 0.046875 0.066406
0 0.530208 0.802344 0.013542 0.050000
0 0.548437 0.800391 0.029167 0.039844
0 0.533594 0.786328 0.006771 0.010156
0 0.560156 0.787891 0.005729 0.008594
0 0.564844 0.790234 0.008854 0.013281
0 0.570312 0.810547 0.018750 0.061719
0 0.621875 0.801563 0.092708 0.139063
0 0.801042 0.842969 0.135417 0.117188
0 0.953646 0.828125 0.084375 0.064062
5 0.496875 0.779297 0.023958 0.035156
4 0.876823 0.808594 0.018229 0.040625
4 0.674740 0.800000 0.009896 0.039062
1 0.463021 0.734375 0.006250 0.018750
1 0.470833 0.751953 0.004167 0.013281
2 0.455208 0.746094 0.011458 0.018750
2 0.700260 0.751172 0.014063 0.022656
2 0.762500 0.742188 0.015625 0.035937
2 0.660417 0.758984 0.007292 0.017969