0 0.070573 0.726953 0.095312 0.036719
0 0.170312 0.714844 0.087500 0.037500
0 0.346094 0.697656 0.039062 0.026562
0 0.442448 0.691406 0.015104 0.010937
0 0.460417 0.692969 0.008333 0.006250
0 0.468229 0.692187 0.007292 0.004687
0 0.477083 0.691016 0.008333 0.005469
0 0.483594 0.691797 0.005729 0.003906
0 0.493750 0.691016 0.006250 0.003906
0 0.542448 0.698047 0.022396 0.030469
0 0.554948 0.693750 0.001563 0.007812
0 0.557031 0.693750 0.002604 0.009375
0 0.566667 0.693750 0.017708 0.025000
0 0.588802 0.700391 0.031771 0.038281
0 0.686198 0.721094 0.104688 0.114062
0 0.786719 0.701562 0.023438 0.010937
0 0.972917 0.721484 0.054167 0.047656
2 0.912760 0.693359 0.060937 0.039844
2 0.904167 0.614062 0.082292 0.117188
2 0.977344 0.570312 0.045312 0.062500
2 0.992969 0.627344 0.014063 0.048438