0 0.436719 0.731250 0.143229 0.196875
0 0.500521 0.684375 0.017708 0.050000
0 0.511979 0.680859 0.014583 0.024219
0 0.533854 0.685547 0.025000 0.036719
0 0.545573 0.668359 0.008854 0.007031
0 0.554427 0.685547 0.016146 0.024219
0 0.548698 0.675781 0.008854 0.012500
0 0.563281 0.683594 0.004687 0.014063
0 0.563281 0.678125 0.008854 0.012500
0 0.580208 0.689844 0.021875 0.026562
0 0.578125 0.667578 0.004167 0.007031
0 0.583073 0.668359 0.005729 0.007031
0 0.589583 0.672266 0.007292 0.008594
0 0.597656 0.674219 0.007812 0.009375
0 0.593229 0.669922 0.005208 0.007031
0 0.601302 0.670312 0.006771 0.007812
0 0.610677 0.675391 0.004687 0.008594
0 0.652604 0.701172 0.052083 0.052344
0 0.825781 0.768750 0.271354 0.248438
0 0.344792 0.654297 0.007292 0.014844
0 0.559635 0.668750 0.006771 0.007812
2 0.615625 0.677734 0.002083 0.010156
2 0.630990 0.677734 0.002604 0.011719
2 0.592708 0.678125 0.002083 0.006250
2 0.297396 0.660156 0.022917 0.065625