0 0.963281 0.714453 0.073438 0.186719
0 0.901042 0.687109 0.197917 0.167969
0 0.766406 0.649219 0.106771 0.107813
0 0.700260 0.646094 0.048438 0.059375
0 0.678385 0.641016 0.032813 0.052344
0 0.664583 0.625000 0.004167 0.015625
0 0.640365 0.633203 0.047396 0.074219
0 0.616927 0.626172 0.009896 0.024219
0 0.601823 0.626953 0.023438 0.027344
0 0.569271 0.641406 0.052083 0.060937
0 0.539844 0.626172 0.022396 0.030469
0 0.527344 0.617188 0.010937 0.017188
0 0.527604 0.604297 0.006250 0.008594
0 0.491406 0.657031 0.090104 0.110937
0 0.453646 0.606641 0.010417 0.013281
0 0.405208 0.602734 0.008333 0.005469
0 0.391667 0.603125 0.009375 0.006250
0 0.382292 0.617188 0.019792 0.020313
0 0.359896 0.605859 0.012500 0.007031
0 0.326563 0.607031 0.016667 0.007812
0 0.310677 0.608203 0.014063 0.005469
0 0.270052 0.624609 0.040104 0.032031
0 0.257031 0.609375 0.016146 0.006250
0 0.212240 0.657813 0.111979 0.093750
0 0.213281 0.610156 0.024479 0.006250
0 0.169010 0.627734 0.045312 0.041406
0 0.151042 0.608984 0.019792 0.007031
0 0.133594 0.595703 0.018229 0.011719
0 0.021615 0.600000 0.043229 0.020313
0 0.313802 0.567969 0.018229 0.018750
0 0.334375 0.571484 0.005208 0.011719
0 0.369010 0.561719 0.009896 0.009375
0 0.503125 0.580078 0.004167 0.007031
0 0.562500 0.607031 0.006250 0.007812
5 0.403646 0.546484 0.014583 0.013281
2 0.556771 0.565625 0.016667 0.018750
2 0.544010 0.583984 0.006771 0.017969
2 0.534375 0.567187 0.011458 0.012500
2 0.403906 0.452344 0.080729 0.089063
2 0.297396 0.454297 0.054167 0.077344
2 0.296875 0.603125 0.003125 0.010937
2 0.229167 0.601172 0.003125 0.013281
2 0.337760 0.624609 0.008854 0.016406
2 0.116927 0.598047 0.004687 0.017969