0 0.045573 0.701953 0.091146 0.094531
0 0.133854 0.715234 0.100000 0.105469
0 0.178906 0.666016 0.013021 0.010156
0 0.286719 0.651172 0.008854 0.019531
0 0.472917 0.606250 0.007292 0.007812
0 0.478906 0.604688 0.005729 0.006250
0 0.486719 0.611719 0.009896 0.004687
0 0.491146 0.610156 0.007292 0.007812
0 0.498177 0.605859 0.006771 0.008594
0 0.487240 0.605469 0.006771 0.007812
0 0.513802 0.639844 0.008854 0.025000
0 0.503125 0.617188 0.008333 0.007812
0 0.552865 0.645703 0.034896 0.047656
0 0.572917 0.632422 0.010417 0.019531
0 0.591927 0.640234 0.024479 0.035156
0 0.651042 0.671094 0.131250 0.125000
0 0.730990 0.645703 0.046354 0.061719
0 0.935417 0.629687 0.121875 0.059375
0 0.825000 0.760156 0.350000 0.357812
0 0.459115 0.691406 0.124479 0.154688
5 0.470573 0.600391 0.007812 0.016406
5 0.589844 0.618359 0.028646 0.047656
4 0.946875 0.589844 0.013542 0.020313
3 0.513281 0.619531 0.004687 0.014063
3 0.508854 0.616406 0.004167 0.012500
3 0.507552 0.606641 0.002604 0.008594
3 0.498958 0.611719 0.003125 0.009375
3 0.502604 0.609375 0.003125 0.009375
3 0.573177 0.633594 0.007812 0.025000
3 0.569271 0.632031 0.004167 0.018750
3 0.507292 0.632031 0.007292 0.018750
3 0.597656 0.625391 0.006771 0.011719
3 0.526042 0.647266 0.025000 0.080469
2 0.153646 0.546484 0.012500 0.061719
2 0.319271 0.587500 0.006250 0.032813
2 0.402344 0.607422 0.003646 0.017969
2 0.418229 0.610938 0.003125 0.014063
2 0.374219 0.598828 0.003646 0.022656
2 0.428906 0.612109 0.001563 0.008594
2 0.437500 0.614062 0.002083 0.001563
2 0.452344 0.444922 0.066146 0.066406
2 0.590885 0.427344 0.095312 0.084375
2 0.515885 0.440234 0.058854 0.067969
2 0.716667 0.417969 0.071875 0.081250
2 0.696875 0.597266 0.007292 0.016406
2 0.685677 0.600391 0.018229 0.038281
2 0.646875 0.606641 0.007292 0.013281
2 0.564844 0.631641 0.005729 0.016406