0 0.985677 0.607031 0.028646 0.021875
0 0.826823 0.735938 0.128646 0.107813
0 0.657292 0.707422 0.028125 0.039844
0 0.627865 0.712500 0.044271 0.050000
0 0.566667 0.730078 0.075000 0.092969
0 0.530990 0.705469 0.020313 0.029687
0 0.538802 0.682813 0.005729 0.007812
0 0.562500 0.678906 0.005208 0.006250
0 0.544010 0.679297 0.004687 0.005469
0 0.553906 0.678125 0.004687 0.006250
0 0.547396 0.676563 0.004167 0.006250
0 0.556771 0.676172 0.004167 0.005469
0 0.560417 0.675000 0.004167 0.004687
5 0.595052 0.689062 0.013021 0.025000
4 0.597396 0.693750 0.005208 0.014063
3 0.991927 0.735547 0.016146 0.124219
2 0.939323 0.598047 0.007812 0.025781
2 0.688542 0.616016 0.003125 0.010156
2 0.652604 0.671484 0.015625 0.025781
2 0.478906 0.692578 0.004687 0.019531
2 0.506771 0.694531 0.002083 0.009375
2 0.519010 0.694922 0.001563 0.007031
2 0.338281 0.691016 0.017188 0.067969
2 0.586458 0.669141 0.007292 0.005469