0 0.946354 0.754297 0.107292 0.164844
0 0.812500 0.743750 0.190625 0.198437
0 0.734375 0.689844 0.009375 0.015625
0 0.699740 0.721094 0.071354 0.087500
0 0.686198 0.711719 0.054688 0.060937
0 0.663802 0.702344 0.023438 0.040625
0 0.650000 0.693359 0.029167 0.033594
0 0.634635 0.698047 0.007812 0.021094
0 0.630729 0.696484 0.008333 0.019531
0 0.616667 0.682812 0.011458 0.017188
0 0.604167 0.675391 0.006250 0.008594
0 0.598177 0.700000 0.027604 0.032813
0 0.587500 0.677734 0.007292 0.010156
0 0.583073 0.681641 0.009896 0.011719
0 0.583333 0.671875 0.004167 0.006250
0 0.598438 0.670703 0.006250 0.007031
0 0.368750 0.712109 0.023958 0.042969
5 0.590885 0.667188 0.007812 0.018750
2 0.479167 0.691797 0.008333 0.039844
2 0.547917 0.688281 0.003125 0.012500
2 0.562500 0.685547 0.002083 0.007031
2 0.570312 0.679297 0.001042 0.005469