0 0.190885 0.724609 0.227604 0.185156
0 0.336458 0.685156 0.061458 0.076563
0 0.375000 0.671875 0.044792 0.065625
0 0.408854 0.672266 0.015625 0.033594
0 0.422396 0.666797 0.019792 0.030469
0 0.464323 0.662891 0.017188 0.038281
0 0.500000 0.675391 0.021875 0.028906
0 0.570833 0.695703 0.071875 0.074219
0 0.021094 0.721484 0.042188 0.089844
0 0.478906 0.664844 0.010937 0.012500
0 0.306771 0.675000 0.026042 0.040625
0 0.769010 0.754688 0.270313 0.214062
0 0.451823 0.662500 0.006771 0.012500
0 0.554167 0.675781 0.043750 0.034375
0 0.495052 0.670312 0.019271 0.028125
0 0.400000 0.674609 0.007292 0.039844
1 0.409896 0.643750 0.003125 0.009375
1 0.439844 0.618359 0.002604 0.010156
2 0.515365 0.643750 0.006771 0.010937
2 0.436198 0.663281 0.002604 0.009375
2 0.441146 0.664844 0.002083 0.006250