0 0.110937 0.728125 0.131250 0.046875
0 0.294010 0.716016 0.022396 0.014844
0 0.371354 0.708203 0.021875 0.013281
0 0.504687 0.711328 0.043750 0.053906
0 0.538021 0.702734 0.026042 0.032031
0 0.577604 0.696094 0.010417 0.015625
0 0.590625 0.699219 0.018750 0.025000
0 0.630990 0.691797 0.004687 0.008594
0 0.622917 0.696875 0.015625 0.020313
0 0.611458 0.696484 0.010417 0.016406
0 0.652083 0.696094 0.018750 0.020313
0 0.599219 0.696094 0.005729 0.015625
0 0.603646 0.693750 0.007292 0.010937
0 0.907813 0.751172 0.184375 0.147656