0 0.694531 0.736328 0.125521 0.127344
0 0.619792 0.682813 0.010417 0.014063
0 0.606250 0.680469 0.016667 0.034375
0 0.594531 0.687891 0.022396 0.030469
0 0.583333 0.679688 0.006250 0.010937
0 0.567708 0.691797 0.033333 0.044531
0 0.504948 0.682031 0.019271 0.020313
0 0.446615 0.682812 0.006771 0.020313
0 0.433073 0.680859 0.013021 0.017969
0 0.412500 0.682422 0.007292 0.024219
0 0.387240 0.687891 0.010937 0.032031
0 0.376302 0.688672 0.017188 0.033594
0 0.360417 0.694922 0.016667 0.025781
0 0.309635 0.693750 0.029687 0.042188
0 0.272396 0.695703 0.031250 0.053906
0 0.221615 0.694141 0.079687 0.074219
0 0.147396 0.702734 0.080208 0.069531
0 0.063021 0.707812 0.116667 0.082812
0 0.004687 0.723437 0.009375 0.067187
6 0.488281 0.672656 0.029687 0.034375
3 0.073437 0.715625 0.071875 0.132812
3 0.139063 0.704688 0.041667 0.093750
3 0.441927 0.686328 0.007812 0.024219
3 0.338281 0.704687 0.019271 0.032813
1 0.577344 0.607031 0.002604 0.012500
1 0.592448 0.607812 0.002604 0.012500
2 0.639844 0.651953 0.004687 0.016406
2 0.622917 0.655078 0.006250 0.008594
2 0.617188 0.664062 0.002083 0.006250
2 0.630729 0.660938 0.004167 0.006250
2 0.630729 0.667188 0.003125 0.003125
2 0.669531 0.633594 0.011979 0.015625
2 0.549479 0.678125 0.003125 0.006250
2 0.549479 0.672656 0.003125 0.004687