0 0.314844 0.792578 0.065104 0.041406
0 0.413021 0.789453 0.026042 0.038281
0 0.441406 0.798828 0.053646 0.069531
0 0.491927 0.808594 0.120313 0.081250
0 0.611458 0.788672 0.005208 0.005469
0 0.649219 0.791406 0.018229 0.015625
0 0.677604 0.821094 0.183333 0.092188
0 0.801562 0.816406 0.067708 0.065625
6 0.071354 0.760938 0.142708 0.093750
1 0.653646 0.575391 0.034375 0.017969
1 0.630208 0.576172 0.010417 0.044531
1 0.681771 0.581250 0.011458 0.045312
1 0.524479 0.687500 0.010417 0.046875
1 0.536719 0.687891 0.009896 0.047656
2 0.530208 0.772656 0.010417 0.017188
2 0.530729 0.790234 0.009375 0.017969
2 0.190365 0.775000 0.010937 0.015625
2 0.188281 0.794922 0.010937 0.021094
2 0.011719 0.697266 0.020313 0.025781