0 0.922135 0.851953 0.155729 0.274219
0 0.606771 0.750781 0.068750 0.075000
0 0.550781 0.731250 0.038021 0.064062
0 0.528125 0.724609 0.010417 0.017969
0 0.526823 0.717969 0.007812 0.006250
0 0.514062 0.716016 0.014583 0.016406
0 0.503125 0.739844 0.047917 0.062500
0 0.491927 0.735156 0.033854 0.048438
0 0.456771 0.720703 0.009375 0.025781
0 0.446615 0.732422 0.023438 0.058594
0 0.360677 0.719922 0.115104 0.167969
6 0.435156 0.694141 0.044271 0.032031
4 0.886979 0.757812 0.018750 0.057813
4 0.878385 0.764062 0.013021 0.073438
4 0.847135 0.752734 0.020313 0.044531
4 0.811458 0.751172 0.016667 0.035156
4 0.795833 0.755078 0.017708 0.046094
4 0.723958 0.739453 0.013542 0.024219
3 0.618750 0.787891 0.076042 0.224219
3 0.469010 0.728906 0.024479 0.068750
3 0.425000 0.730469 0.028125 0.078125
1 0.565885 0.666797 0.006771 0.027344
1 0.490104 0.643359 0.003125 0.016406
1 0.484896 0.643750 0.003125 0.015625
1 0.507292 0.644531 0.003125 0.015625
2 0.608854 0.671094 0.015625 0.015625
2 0.586979 0.678125 0.010417 0.025000
2 0.863542 0.672656 0.022917 0.042188