0 0.689063 0.642578 0.019792 0.024219
0 0.951042 0.630469 0.034375 0.018750
0 0.991406 0.641797 0.017188 0.032031
0 0.660677 0.644141 0.013021 0.028906
0 0.635938 0.643359 0.037500 0.049219
0 0.617448 0.635547 0.005729 0.013281
0 0.610938 0.631641 0.010417 0.010156
0 0.559635 0.646094 0.032813 0.034375
0 0.577344 0.644922 0.015104 0.032031
0 0.584115 0.644531 0.010937 0.031250
0 0.592448 0.644922 0.015104 0.028906
0 0.598958 0.644141 0.007292 0.022656
0 0.601302 0.642578 0.013021 0.024219
0 0.606510 0.640625 0.006771 0.021875
0 0.609115 0.639453 0.005729 0.019531
0 0.514323 0.648438 0.033854 0.045312
0 0.487760 0.651563 0.039062 0.053125
0 0.424479 0.656250 0.057292 0.062500
0 0.375781 0.656641 0.065104 0.061719
0 0.228646 0.688281 0.241667 0.140625
0 0.144792 0.662109 0.026042 0.027344
0 0.171094 0.653906 0.036979 0.028125
0 0.092448 0.656250 0.024479 0.025000
0 0.030729 0.676562 0.027083 0.031250
0 0.016927 0.673828 0.011979 0.025781
0 0.043229 0.662500 0.009375 0.012500
0 0.038281 0.667188 0.013021 0.015625
0 0.039583 0.650391 0.010417 0.008594
0 0.043490 0.653125 0.009896 0.006250
4 0.574740 0.624219 0.006771 0.009375
4 0.142187 0.655859 0.021875 0.032031
4 0.065365 0.674219 0.032813 0.107813
3 0.462760 0.650391 0.032813 0.072656
3 0.102604 0.668750 0.063542 0.090625
3 0.051563 0.667188 0.006250 0.023438
1 0.613281 0.601172 0.001563 0.007031
1 0.632812 0.601172 0.002083 0.007031
1 0.603385 0.601172 0.001563 0.007031
1 0.623177 0.601953 0.001563 0.005469
2 0.862500 0.304688 0.275000 0.215625