0 0.443229 0.795312 0.366667 0.409375
0 0.469531 0.660937 0.122396 0.070312
0 0.406771 0.646484 0.012500 0.016406
0 0.382031 0.659766 0.011979 0.022656
0 0.379948 0.662500 0.008854 0.021875
0 0.305729 0.687109 0.052083 0.091406
0 0.279427 0.674219 0.031771 0.048438
0 0.391406 0.650391 0.008854 0.011719
4 0.803385 0.698047 0.094271 0.250781
4 0.266927 0.654297 0.005729 0.014844
3 0.184635 0.683203 0.038021 0.089844
2 0.528385 0.561719 0.025521 0.039062
2 0.372656 0.562891 0.008854 0.035156
2 0.372656 0.590234 0.007812 0.017969
2 0.315625 0.633984 0.011458 0.010156