0 0.985417 0.866406 0.029167 0.075000
0 0.783073 0.837500 0.056771 0.059375
0 0.645052 0.821484 0.041146 0.047656
0 0.624219 0.817187 0.017188 0.039062
0 0.617448 0.813672 0.010937 0.030469
0 0.590885 0.816016 0.043229 0.060156
0 0.560937 0.807422 0.015625 0.021094
0 0.545833 0.798438 0.023958 0.015625
0 0.543750 0.813672 0.027083 0.036719
0 0.534375 0.816016 0.035417 0.042969
5 0.725260 0.800781 0.017188 0.076563
6 0.686458 0.800781 0.066667 0.087500
4 0.569531 0.807031 0.006771 0.028125
4 0.424740 0.803906 0.009896 0.018750
4 0.404167 0.804688 0.006250 0.035937
3 0.749740 0.821484 0.017188 0.032031
3 0.465365 0.815625 0.020313 0.059375
1 0.688281 0.741016 0.003646 0.013281
1 0.666927 0.741016 0.003646 0.013281
1 0.517188 0.773828 0.006250 0.021094
2 0.841146 0.775781 0.019792 0.034375
2 0.677865 0.748437 0.015104 0.004687