0 0.881771 0.816797 0.236458 0.366406
0 0.734635 0.726953 0.109896 0.128906
0 0.539323 0.723047 0.294271 0.553906
0 0.130208 0.809375 0.259375 0.378125
0 0.236979 0.691406 0.037500 0.071875
0 0.345833 0.714844 0.118750 0.137500
0 0.264323 0.696094 0.055729 0.073438
0 0.286719 0.666797 0.024479 0.011719
0 0.299479 0.678125 0.040625 0.031250
0 0.366927 0.668750 0.017188 0.014063
4 0.787240 0.676563 0.015104 0.057813
2 0.225521 0.642969 0.005208 0.012500
2 0.392708 0.569922 0.033333 0.027344
2 0.717187 0.605859 0.040625 0.024219