0 0.157552 0.669141 0.291146 0.130469
0 0.197396 0.712891 0.321875 0.185156
0 0.369271 0.650000 0.111458 0.159375
0 0.441146 0.669141 0.032292 0.061719
0 0.476562 0.673047 0.059375 0.075781
0 0.504427 0.658984 0.013021 0.030469
0 0.525781 0.655078 0.032813 0.064844
0 0.544792 0.659766 0.008333 0.024219
0 0.547656 0.658203 0.004687 0.017969
0 0.552344 0.657031 0.009896 0.014063
0 0.557812 0.656641 0.005208 0.011719
0 0.561458 0.657031 0.004167 0.010937
0 0.565104 0.655859 0.005208 0.008594
0 0.568750 0.655078 0.005208 0.007031
0 0.589062 0.664844 0.025000 0.034375
0 0.840104 0.810156 0.319792 0.379688
2 0.622917 0.644531 0.004167 0.006250
2 0.698437 0.626562 0.008333 0.017188
2 0.892708 0.576172 0.026042 0.053906