0 0.241406 0.708984 0.070312 0.080469
0 0.410156 0.714063 0.051562 0.053125
0 0.298177 0.714453 0.050521 0.052344
0 0.343229 0.711719 0.040625 0.043750
0 0.377865 0.700781 0.031771 0.018750
0 0.473698 0.704297 0.007812 0.019531
0 0.482812 0.705469 0.019792 0.020313
0 0.495312 0.708594 0.014583 0.015625
0 0.906771 0.810156 0.186458 0.379688
0 0.786198 0.758984 0.118229 0.138281
0 0.638802 0.826562 0.323437 0.346875
0 0.580208 0.712891 0.064583 0.055469
0 0.638542 0.713281 0.014583 0.025000
0 0.635677 0.708984 0.025521 0.027344
0 0.622396 0.707031 0.007292 0.010937
4 0.132812 0.713281 0.023958 0.103125
2 0.519010 0.706250 0.007812 0.028125