0 0.866667 0.811328 0.148958 0.127344
0 0.782031 0.788672 0.086979 0.086719
0 0.704167 0.771875 0.065625 0.073438
0 0.598437 0.758594 0.019792 0.032813
0 0.587240 0.753906 0.010937 0.023438
0 0.555990 0.759375 0.053646 0.079687
0 0.484375 0.753125 0.095833 0.134375
0 0.400000 0.735938 0.055208 0.054688
0 0.373177 0.732422 0.014063 0.039844
0 0.348958 0.730078 0.038542 0.038281
0 0.285677 0.725781 0.053646 0.046875
0 0.198698 0.719141 0.039062 0.032031
0 0.159115 0.712891 0.041146 0.042969
0 0.121094 0.709766 0.043229 0.047656
0 0.077083 0.711328 0.055208 0.044531
0 0.048177 0.714062 0.088021 0.075000
0 0.672396 0.771094 0.022917 0.051562
0 0.667708 0.764453 0.033333 0.050781
0 0.651823 0.766406 0.011979 0.037500
0 0.366406 0.719531 0.011979 0.012500
0 0.647917 0.766016 0.014583 0.036719
0 0.643750 0.762500 0.021875 0.035937
6 0.638021 0.742188 0.021875 0.023438
4 0.934375 0.778906 0.021875 0.079687
4 0.626823 0.759375 0.007812 0.040625
4 0.151823 0.711328 0.018229 0.046094
3 0.613542 0.759766 0.016667 0.058594
3 0.322917 0.734375 0.032292 0.100000
3 0.229688 0.715625 0.029167 0.062500
2 0.756510 0.698438 0.010937 0.037500
2 0.748698 0.700391 0.005729 0.021094
2 0.751823 0.721484 0.009896 0.021094
2 0.438542 0.713672 0.007292 0.011719
2 0.438281 0.728516 0.004687 0.017969