0 0.040104 0.679688 0.053125 0.065625
0 0.052865 0.667578 0.068229 0.060156
0 0.186979 0.699609 0.103125 0.160156
0 0.265365 0.658984 0.016146 0.046094
0 0.306510 0.649609 0.028646 0.028906
0 0.450521 0.725781 0.211458 0.281250
0 0.465885 0.630078 0.057813 0.041406
0 0.536458 0.632422 0.020833 0.028906
0 0.561198 0.644922 0.045312 0.064844
0 0.625781 0.667969 0.115104 0.129688
0 0.636198 0.617578 0.080729 0.052344
0 0.681771 0.636719 0.004167 0.010937
0 0.686198 0.629297 0.015104 0.016406
0 0.718750 0.644922 0.079167 0.071094
0 0.736458 0.622266 0.031250 0.008594
0 0.855729 0.715234 0.288542 0.266406
0 0.944531 0.616797 0.110937 0.035156
0 0.531771 0.613672 0.017708 0.008594
3 0.672396 0.627734 0.014583 0.041406