0 0.494271 0.792187 0.012500 0.009375
0 0.897656 0.876953 0.204687 0.172656
0 0.596615 0.819531 0.048438 0.062500
0 0.566146 0.809766 0.029167 0.044531
0 0.568490 0.790234 0.026562 0.008594
0 0.553385 0.796094 0.005729 0.020313
0 0.519271 0.806641 0.030208 0.042969
0 0.451562 0.791797 0.006250 0.017969
0 0.443750 0.791406 0.016667 0.018750
0 0.419531 0.803906 0.035937 0.037500
0 0.403646 0.791016 0.012500 0.013281
0 0.396354 0.801172 0.014583 0.032031
0 0.381510 0.802734 0.026562 0.035156
0 0.351042 0.805078 0.043750 0.042969
0 0.003385 0.832031 0.006771 0.051562
0 0.455990 0.792969 0.002604 0.006250
4 0.054167 0.807813 0.034375 0.104688
4 0.412760 0.781641 0.003646 0.007031
4 0.417969 0.780469 0.004687 0.007812
1 0.505469 0.771484 0.002604 0.011719
2 0.280469 0.814063 0.017188 0.068750
2 0.476823 0.791016 0.003646 0.019531
2 0.477344 0.741016 0.011979 0.017969
2 0.510156 0.771875 0.004687 0.007812