0 0.103125 0.714063 0.206250 0.506250
0 0.873177 0.815234 0.207813 0.164844
0 0.680729 0.825391 0.254167 0.239844
0 0.541927 0.734375 0.003646 0.021875
0 0.539844 0.730078 0.007812 0.024219
0 0.535417 0.729688 0.008333 0.021875
0 0.533333 0.728516 0.007292 0.021094
0 0.530208 0.728125 0.004167 0.017188
0 0.526042 0.723047 0.013542 0.013281
0 0.519010 0.720312 0.004687 0.009375
0 0.500000 0.725000 0.008333 0.018750
0 0.505990 0.720703 0.006771 0.011719
0 0.503906 0.721484 0.002604 0.011719
0 0.460417 0.708203 0.010417 0.007031
0 0.457813 0.708594 0.005208 0.006250
5 0.715885 0.705859 0.096354 0.122656
6 0.357292 0.689063 0.125000 0.131250
6 0.434896 0.692188 0.033333 0.034375
6 0.559115 0.719922 0.031771 0.057031
6 0.500781 0.711328 0.016146 0.008594
6 0.466146 0.707422 0.006250 0.007031
4 0.337240 0.733594 0.046354 0.132812
4 0.980469 0.841797 0.039062 0.316406
4 0.717969 0.706641 0.013021 0.019531
4 0.579948 0.719141 0.020313 0.077344
4 0.510677 0.731641 0.020313 0.071094
4 0.485156 0.731250 0.031771 0.067187
3 0.215625 0.716406 0.022917 0.082812
3 0.557292 0.737109 0.014583 0.052344
3 0.524479 0.723828 0.005208 0.024219
3 0.473177 0.723437 0.011979 0.040625
2 0.389583 0.644141 0.027083 0.036719
2 0.384896 0.676953 0.015625 0.024219
2 0.381510 0.708594 0.011979 0.040625
2 0.454167 0.702344 0.004167 0.006250
2 0.453906 0.711719 0.002604 0.010937
2 0.393490 0.602734 0.024479 0.049219
2 0.827083 0.654297 0.020833 0.052344
2 0.627865 0.701563 0.006771 0.006250
2 0.637240 0.694922 0.008854 0.021094