0 0.584375 0.700391 0.016667 0.022656
0 0.615104 0.701172 0.015625 0.014844
0 0.493229 0.694531 0.010417 0.015625
0 0.482552 0.701562 0.020313 0.026562
0 0.475521 0.694922 0.011458 0.016406
0 0.468750 0.691797 0.009375 0.013281
0 0.452604 0.694531 0.011458 0.015625
0 0.442708 0.683984 0.005208 0.008594
0 0.395313 0.685937 0.009375 0.010937
0 0.389844 0.692578 0.007812 0.011719
0 0.364323 0.696094 0.011979 0.014063
0 0.327083 0.679688 0.005208 0.007812
0 0.337760 0.688672 0.007812 0.008594
0 0.345833 0.693750 0.014583 0.010937
0 0.310156 0.700391 0.016146 0.017969
0 0.279427 0.703906 0.026562 0.021875
1 0.769792 0.283984 0.010417 0.033594
2 0.838542 0.328516 0.003125 0.010156
2 0.809115 0.196484 0.053646 0.111719
2 0.960417 0.219531 0.065625 0.079687
2 0.548698 0.682031 0.014063 0.006250
2 0.548958 0.671094 0.018750 0.012500
2 0.548698 0.657813 0.013021 0.012500
2 0.635156 0.640234 0.003646 0.005469
2 0.790625 0.557813 0.007292 0.010937
2 0.615885 0.429297 0.001563 0.008594
2 0.402344 0.479687 0.005729 0.012500
2 0.516146 0.464453 0.001042 0.007031
2 0.429167 0.488672 0.001042 0.007031
2 0.440625 0.493359 0.005208 0.010156