0 0.988802 0.895703 0.022396 0.178906
0 0.884635 0.751953 0.230729 0.333594
0 0.762760 0.694141 0.144271 0.158594
0 0.703646 0.667188 0.075000 0.107813
0 0.672656 0.654688 0.049479 0.084375
0 0.644271 0.652344 0.035417 0.064062
0 0.633594 0.646875 0.027604 0.050000
0 0.620573 0.646875 0.017188 0.045312
0 0.582812 0.643359 0.028125 0.035156
0 0.567708 0.636328 0.018750 0.027344
0 0.552604 0.638672 0.026042 0.028906
0 0.543750 0.640625 0.009375 0.031250
0 0.539583 0.644141 0.007292 0.038281
0 0.535677 0.644531 0.015104 0.043750
0 0.518750 0.646484 0.034375 0.050781
0 0.501823 0.651562 0.047396 0.059375
0 0.489323 0.655469 0.041146 0.078125
0 0.455729 0.666406 0.071875 0.100000
0 0.373177 0.690625 0.152604 0.168750
0 0.167187 0.752734 0.334375 0.349219