0 0.065885 0.814062 0.131771 0.329688
0 0.328385 0.770703 0.174479 0.210156
0 0.470052 0.748438 0.105729 0.139063
0 0.926302 0.821484 0.147396 0.138281
0 0.835677 0.787109 0.072396 0.105469
0 0.717708 0.767969 0.042708 0.046875
0 0.677083 0.762500 0.025000 0.026562
0 0.677344 0.740625 0.009896 0.010937
0 0.533073 0.698047 0.010937 0.014844
0 0.522396 0.699219 0.011458 0.012500
0 0.165104 0.723437 0.112500 0.085938
0 0.273438 0.727734 0.106250 0.125781
0 0.413542 0.710938 0.032292 0.039062
0 0.672396 0.721094 0.006250 0.010937
0 0.512760 0.700391 0.008854 0.022656
0 0.522396 0.693359 0.010417 0.008594
0 0.222396 0.712109 0.027083 0.047656
0 0.073177 0.708594 0.029687 0.026562
0 0.077083 0.705078 0.021875 0.027344
0 0.109635 0.705078 0.040104 0.028906
4 0.690885 0.760156 0.017188 0.040625
1 0.872656 0.309375 0.060937 0.182812
2 0.773438 0.526953 0.023958 0.052344
2 0.774740 0.578516 0.023438 0.052344
2 0.777083 0.632812 0.025000 0.053125
2 0.780469 0.688281 0.026562 0.053125
2 0.531250 0.121875 0.263542 0.215625
2 0.901823 0.116406 0.196354 0.232813
2 0.727344 0.732031 0.025521 0.018750