0 0.166927 0.691797 0.055729 0.053906
0 0.237500 0.681641 0.021875 0.041406
0 0.295573 0.677344 0.010937 0.032813
0 0.317448 0.675391 0.030729 0.032031
0 0.335938 0.669531 0.013542 0.020313
0 0.265365 0.682813 0.063021 0.062500
0 0.072396 0.700000 0.144792 0.118750
0 0.068229 0.797266 0.136458 0.405469
0 0.436198 0.660937 0.010937 0.015625
0 0.538021 0.661719 0.004167 0.015625
0 0.540104 0.662109 0.005208 0.016406
0 0.547656 0.662891 0.014063 0.019531
0 0.482812 0.658594 0.023958 0.018750
0 0.513281 0.676172 0.044271 0.061719
0 0.466927 0.683984 0.063021 0.085156
0 0.385156 0.706250 0.124479 0.139063
0 0.617448 0.681641 0.055729 0.077344
0 0.604167 0.656641 0.025000 0.017969
4 0.379688 0.631641 0.008333 0.011719
3 0.532031 0.664844 0.009896 0.037500
3 0.576823 0.706641 0.054688 0.189844