0 0.974740 0.760937 0.050521 0.090625
0 0.945312 0.699609 0.109375 0.074219
0 0.860156 0.694141 0.067187 0.071094
0 0.796354 0.708984 0.121875 0.116406
0 0.740625 0.718750 0.100000 0.121875
0 0.708594 0.653125 0.030729 0.010937
0 0.678125 0.735156 0.166667 0.160938
0 0.567187 0.662500 0.067708 0.035937
0 0.519010 0.721484 0.171354 0.203906
0 0.386979 0.667969 0.039583 0.026562
0 0.434896 0.662500 0.011458 0.015625
0 0.304427 0.804688 0.331771 0.390625
0 0.265625 0.668359 0.017708 0.030469
0 0.189062 0.688281 0.042708 0.067187
0 0.159115 0.683203 0.043229 0.060156
0 0.611458 0.662109 0.035417 0.021094
0 0.187500 0.655469 0.052083 0.014063
0 0.314583 0.660547 0.109375 0.036719
3 0.938802 0.652734 0.026562 0.027344
2 0.750521 0.644922 0.009375 0.011719