0 0.010677 0.720313 0.021354 0.073438
0 0.285156 0.696484 0.044271 0.042969
0 0.353906 0.675000 0.044271 0.014063
0 0.411719 0.682422 0.019271 0.014844
0 0.562240 0.687109 0.004687 0.011719
0 0.566927 0.687891 0.007812 0.010156
0 0.578906 0.687500 0.010937 0.012500
0 0.612500 0.689844 0.026042 0.053125
0 0.632292 0.693359 0.014583 0.027344
0 0.646875 0.696094 0.018750 0.029687
0 0.656510 0.698047 0.017188 0.033594
0 0.664062 0.699609 0.016667 0.036719
0 0.681771 0.700781 0.037500 0.040625
0 0.717448 0.707813 0.045312 0.053125
0 0.769271 0.716016 0.081250 0.067969
0 0.872917 0.731641 0.130208 0.102344
0 0.574479 0.728516 0.098958 0.133594
4 0.269792 0.681641 0.006250 0.025781
4 0.276823 0.678125 0.008854 0.018750
4 0.294792 0.670703 0.006250 0.008594
4 0.719010 0.701953 0.019271 0.080469
4 0.781510 0.710156 0.016146 0.093750
2 0.709635 0.646875 0.008854 0.018750
2 0.650521 0.663672 0.005208 0.011719