0 0.005729 0.693750 0.011458 0.096875
0 0.013021 0.616797 0.026042 0.071094
0 0.147917 0.614453 0.075000 0.067969
0 0.256771 0.619922 0.142708 0.125781
0 0.372135 0.673828 0.233854 0.194531
0 0.488802 0.610547 0.115104 0.092969
0 0.756510 0.628125 0.323437 0.193750
0 0.931250 0.641797 0.056250 0.066406
0 0.846354 0.769141 0.307292 0.461719
4 0.594531 0.605078 0.013021 0.044531
4 0.607292 0.601172 0.016667 0.047656
4 0.662760 0.598047 0.016146 0.021094
3 0.058333 0.646484 0.075000 0.207031
3 0.573437 0.651953 0.106250 0.191406
3 0.425781 0.588281 0.031771 0.023438
3 0.469271 0.625000 0.041667 0.115625
2 0.143229 0.560938 0.006250 0.014063
2 0.732292 0.529297 0.026042 0.025781
2 0.104688 0.533984 0.005208 0.033594