0 0.594271 0.721875 0.092708 0.114062
0 0.531771 0.696484 0.042708 0.058594
0 0.551563 0.678906 0.014583 0.023438
0 0.513802 0.676953 0.006771 0.017969
0 0.496615 0.678516 0.018229 0.022656
0 0.484635 0.676562 0.013021 0.020313
0 0.476562 0.675781 0.007292 0.015625
0 0.473177 0.673828 0.004687 0.011719
0 0.465365 0.674219 0.010937 0.014063
0 0.448958 0.671875 0.009375 0.009375
0 0.443750 0.669922 0.004167 0.005469
0 0.436458 0.669141 0.004167 0.005469
0 0.428125 0.667188 0.006250 0.006250
0 0.365104 0.657813 0.005208 0.003125
0 0.373177 0.658203 0.004687 0.003906
0 0.358073 0.657031 0.003646 0.003125
0 0.347656 0.664453 0.004687 0.007031
0 0.392448 0.668750 0.009896 0.009375
0 0.386198 0.676172 0.024479 0.021094
0 0.304167 0.679297 0.035417 0.030469
0 0.106510 0.686328 0.129688 0.055469
5 0.714323 0.654297 0.126562 0.178906
5 0.461719 0.666406 0.010937 0.017188
3 0.339063 0.675000 0.005208 0.017188