0 0.808594 0.873437 0.382812 0.253125
0 0.609635 0.830078 0.110937 0.142969
0 0.542448 0.817578 0.055729 0.088281
0 0.523438 0.792578 0.010417 0.032031
0 0.519010 0.798047 0.015104 0.044531
0 0.512240 0.795703 0.010937 0.036719
0 0.506771 0.790625 0.009375 0.025000
0 0.501302 0.789062 0.006771 0.021875
0 0.484115 0.788281 0.017188 0.020313
0 0.492969 0.788281 0.007812 0.018750
0 0.409375 0.799219 0.046875 0.059375
0 0.424219 0.788672 0.019271 0.027344
0 0.433333 0.782031 0.006250 0.009375
0 0.442708 0.788672 0.019792 0.025781
0 0.454427 0.785937 0.008854 0.015625
0 0.465365 0.786328 0.014063 0.016406
0 0.474219 0.783594 0.006771 0.010937
0 0.372656 0.787109 0.019271 0.017969
0 0.335938 0.788281 0.021875 0.021875
0 0.318490 0.790234 0.011979 0.024219
0 0.303906 0.791406 0.024479 0.026562
0 0.283073 0.792188 0.020313 0.029687
0 0.258854 0.794141 0.037500 0.038281
0 0.233594 0.792969 0.031771 0.039062
0 0.211198 0.796484 0.040104 0.049219
0 0.145052 0.804688 0.118229 0.084375
0 0.048177 0.805859 0.096354 0.071094
4 0.366667 0.785547 0.004167 0.021094
4 0.354167 0.784766 0.005208 0.024219
3 0.339844 0.790234 0.010937 0.036719