0 0.944531 0.736328 0.110937 0.066406
0 0.881250 0.727734 0.106250 0.057031
0 0.852865 0.723438 0.118229 0.050000
0 0.828906 0.707422 0.052604 0.036719
0 0.792969 0.708203 0.047396 0.039844
0 0.760937 0.708984 0.067708 0.038281
0 0.715104 0.717188 0.063542 0.037500
0 0.625000 0.764062 0.175000 0.203125
0 0.525781 0.712109 0.054688 0.072656
0 0.497656 0.699609 0.018229 0.030469
0 0.485156 0.699609 0.008854 0.014844
0 0.469531 0.696094 0.014063 0.015625
0 0.450521 0.701953 0.010417 0.014844
0 0.444271 0.703516 0.004167 0.011719
0 0.434115 0.703906 0.008854 0.012500
0 0.439323 0.705078 0.002604 0.008594
0 0.410677 0.704688 0.015104 0.018750
0 0.329688 0.721484 0.050000 0.047656
0 0.714323 0.698828 0.008854 0.022656
0 0.198177 0.712500 0.026562 0.014063
0 0.163021 0.714844 0.043750 0.017188
4 0.940365 0.692578 0.015104 0.021094
4 0.929688 0.696484 0.008333 0.013281
4 0.774219 0.716406 0.018229 0.048438
2 0.931771 0.498437 0.050000 0.068750
2 0.576042 0.655859 0.006250 0.013281
2 0.536979 0.558594 0.015625 0.023438
2 0.481250 0.692578 0.002083 0.007031
2 0.477865 0.691016 0.004687 0.010156
2 0.460417 0.692969 0.003125 0.014063
2 0.378385 0.582422 0.029687 0.088281
2 0.354948 0.571094 0.019271 0.015625
2 0.029688 0.723047 0.009375 0.030469
2 0.303646 0.704297 0.003125 0.013281
2 0.398177 0.699219 0.001563 0.006250
2 0.509896 0.678125 0.006250 0.012500