0 0.550521 0.654687 0.017708 0.017188
0 0.572396 0.657031 0.008333 0.012500
0 0.400260 0.657031 0.045312 0.051562
0 0.429167 0.650781 0.009375 0.021875
0 0.450521 0.663281 0.047917 0.056250
0 0.471615 0.652734 0.007812 0.021094
0 0.477865 0.652734 0.009896 0.017969
0 0.483854 0.651172 0.011458 0.016406
0 0.491927 0.650391 0.008854 0.013281
0 0.497135 0.649609 0.006771 0.011719
0 0.502865 0.649609 0.005729 0.010156
0 0.506510 0.650000 0.002604 0.009375
0 0.508854 0.649609 0.003125 0.008594
0 0.510938 0.649219 0.004167 0.007812
0 0.517188 0.650000 0.006250 0.010937
0 0.526823 0.647266 0.004687 0.005469
4 0.587240 0.656250 0.007812 0.023438
3 0.522135 0.651172 0.004687 0.019531
2 0.665104 0.653906 0.015625 0.023438
2 0.581510 0.615625 0.009896 0.017188
2 0.600260 0.545703 0.054688 0.046094
2 0.548958 0.635547 0.003125 0.007031