0 0.655208 0.645703 0.207292 0.110156
0 0.460677 0.694531 0.180729 0.260937
0 0.399740 0.635547 0.043229 0.072656
0 0.374479 0.626172 0.034375 0.049219
0 0.358333 0.614844 0.012500 0.018750
0 0.316146 0.642969 0.092708 0.089063
0 0.312500 0.613672 0.019792 0.014844
0 0.262760 0.617969 0.015104 0.007812
0 0.273438 0.618359 0.009375 0.005469
0 0.252604 0.617188 0.010417 0.010937
0 0.237240 0.613672 0.030729 0.024219
0 0.189323 0.646484 0.141146 0.124219
0 0.114583 0.719922 0.229167 0.374219
0 0.446094 0.606250 0.013021 0.007812
6 0.498437 0.586328 0.046875 0.049219
2 0.648177 0.560937 0.016146 0.035937