0 0.596354 0.672656 0.010417 0.010937
0 0.500521 0.687109 0.038542 0.044531
0 0.533073 0.675781 0.010937 0.014063
0 0.551302 0.676953 0.007812 0.019531
0 0.562240 0.678906 0.020313 0.025000
0 0.576042 0.673438 0.006250 0.012500
0 0.584375 0.675391 0.014583 0.016406
0 0.607292 0.673438 0.006250 0.014063
0 0.619271 0.673828 0.006250 0.016406
0 0.624740 0.673828 0.007812 0.016406
0 0.630469 0.673828 0.010937 0.017969
0 0.639062 0.673828 0.013542 0.019531
0 0.646615 0.675000 0.010937 0.020313
0 0.657292 0.674609 0.015625 0.022656
0 0.669531 0.675000 0.016146 0.025000
0 0.686719 0.675781 0.028646 0.026562
0 0.849219 0.728125 0.218229 0.167187
4 0.641927 0.560156 0.002604 0.006250
3 0.598698 0.673047 0.003646 0.010156
3 0.613281 0.673438 0.005729 0.020313
3 0.766927 0.667969 0.020313 0.045312
2 0.074740 0.559375 0.046354 0.081250