0 0.454427 0.847266 0.145313 0.197656
0 0.605208 0.822266 0.087500 0.091406
0 0.013542 0.867578 0.027083 0.185156
0 0.143490 0.808203 0.224479 0.196094
0 0.282292 0.787500 0.006250 0.020313
0 0.289062 0.787500 0.015625 0.021875
0 0.296354 0.785937 0.010417 0.017188
0 0.303646 0.785547 0.015625 0.016406
0 0.317448 0.784766 0.014063 0.013281
0 0.699479 0.814844 0.118750 0.064062
0 0.652604 0.790625 0.042708 0.021875
0 0.607552 0.792969 0.021354 0.014063
6 0.259375 0.772266 0.044792 0.058594
4 0.032031 0.795312 0.020313 0.065625
2 0.346094 0.793750 0.008854 0.023438
2 0.346875 0.776172 0.008333 0.013281
2 0.810677 0.735547 0.028646 0.030469
2 0.809115 0.694922 0.032813 0.047656