0 0.919531 0.807812 0.143229 0.150000
0 0.854427 0.810156 0.195312 0.184375
0 0.760937 0.746094 0.028125 0.028125
0 0.707813 0.842578 0.322917 0.314844
0 0.662500 0.741797 0.016667 0.027344
0 0.644271 0.729688 0.026042 0.029687
0 0.546094 0.731250 0.024479 0.037500
0 0.508854 0.738281 0.052083 0.070312
0 0.397656 0.714062 0.056771 0.082812
0 0.564323 0.740234 0.016146 0.052344
4 0.358854 0.716406 0.005208 0.032813
4 0.663542 0.735547 0.011458 0.024219
3 0.577083 0.718359 0.030208 0.066406
3 0.532031 0.725781 0.010937 0.048438
2 0.960417 0.648438 0.034375 0.045312
2 0.895312 0.692578 0.019792 0.032031
2 0.737760 0.697656 0.006771 0.006250
2 0.498177 0.695312 0.003646 0.007812
2 0.463542 0.682031 0.008333 0.012500
2 0.462240 0.700391 0.005729 0.021094