0 0.313021 0.665625 0.018750 0.037500
0 0.414062 0.661328 0.052083 0.036719
0 0.433594 0.653516 0.021354 0.010156
0 0.446615 0.684766 0.034896 0.075781
0 0.485938 0.681641 0.076042 0.085156
0 0.537240 0.655078 0.036979 0.022656
0 0.630990 0.692969 0.074479 0.115625
0 0.735677 0.671484 0.028646 0.024219
0 0.527865 0.726562 0.163021 0.218750
0 0.761458 0.760156 0.267708 0.262500
0 0.903385 0.753906 0.193229 0.214062
0 0.992969 0.958203 0.014063 0.083594
3 0.413281 0.681250 0.014063 0.073438
3 0.402604 0.683203 0.027083 0.086719
3 0.247135 0.729688 0.094271 0.248438
3 0.344531 0.706641 0.058854 0.183594
1 0.397656 0.626172 0.006771 0.024219
1 0.549219 0.601172 0.008854 0.033594
1 0.526823 0.613281 0.005729 0.010937
2 0.355729 0.635156 0.007292 0.012500
2 0.737500 0.601562 0.020833 0.045312
2 0.606510 0.571875 0.036979 0.032813
2 0.607031 0.606250 0.035937 0.035937