0 0.556771 0.889062 0.185417 0.221875
0 0.954688 0.884766 0.047917 0.061719
0 0.854427 0.873437 0.123438 0.073438
0 0.552344 0.828906 0.031771 0.023438
0 0.475521 0.842578 0.026042 0.053906
0 0.466146 0.839453 0.010417 0.046094
0 0.445573 0.835156 0.021354 0.037500
0 0.437240 0.834375 0.008854 0.031250
0 0.433594 0.824609 0.007812 0.011719
0 0.359896 0.824609 0.009375 0.011719
0 0.337500 0.823047 0.006250 0.011719
5 0.423177 0.814844 0.017188 0.046875
6 0.390365 0.814844 0.054688 0.071875
4 0.460417 0.837500 0.017708 0.062500
3 0.292448 0.868359 0.084896 0.239844
3 0.231250 0.838281 0.021875 0.071875
2 0.671354 0.721094 0.022917 0.070312
2 0.625260 0.734375 0.008854 0.034375
2 0.542708 0.773828 0.011458 0.025781