0 0.440885 0.720313 0.019271 0.028125
0 0.385677 0.719141 0.024479 0.014844
0 0.502083 0.730469 0.043750 0.070312
0 0.479948 0.729297 0.004687 0.032031
0 0.523698 0.730859 0.004687 0.021094
0 0.929948 0.829688 0.140104 0.190625
0 0.835417 0.803906 0.173958 0.148438
0 0.737500 0.777344 0.100000 0.106250
0 0.691406 0.762891 0.065104 0.088281
0 0.651042 0.750781 0.040625 0.054688
0 0.630729 0.726953 0.011458 0.010156
0 0.607812 0.756250 0.062500 0.081250
0 0.536198 0.728516 0.008854 0.014844
0 0.547917 0.731641 0.007292 0.021094
0 0.545052 0.730859 0.005729 0.019531
0 0.541927 0.730859 0.005729 0.017969
0 0.540885 0.729687 0.005729 0.017188
0 0.524219 0.719922 0.001563 0.011719
0 0.527083 0.725391 0.003125 0.013281
6 0.457813 0.703516 0.029167 0.022656
4 0.087240 0.707031 0.014063 0.031250
3 0.150781 0.733203 0.040104 0.110156
3 0.566146 0.762891 0.040625 0.138281
1 0.473177 0.678906 0.002604 0.004687
1 0.449740 0.670703 0.002604 0.007031
1 0.510938 0.687109 0.002083 0.007031
1 0.513281 0.687109 0.001563 0.007031
1 0.521615 0.687500 0.001563 0.006250
2 0.723698 0.689063 0.021354 0.028125
2 0.891927 0.633984 0.043229 0.080469