0 0.550521 0.805469 0.503125 0.389062
0 0.461198 0.696484 0.060937 0.028906
0 0.358854 0.701172 0.017708 0.019531
0 0.316146 0.734375 0.092708 0.107813
0 0.269010 0.717969 0.031771 0.043750
0 0.045312 0.888672 0.090625 0.222656
0 0.062240 0.766797 0.124479 0.191406
1 0.373438 0.673047 0.003125 0.013281
1 0.317969 0.486328 0.013021 0.058594
2 0.526563 0.564063 0.017708 0.067187
2 0.443490 0.679688 0.004687 0.006250
2 0.360937 0.680859 0.014583 0.008594
2 0.213281 0.687500 0.011979 0.017188
2 0.155990 0.714063 0.006771 0.023438
2 0.122135 0.726953 0.008854 0.032031
2 0.359635 0.669141 0.011979 0.011719