0 0.995573 0.706250 0.008854 0.054688
0 0.951823 0.655078 0.096354 0.117969
0 0.841667 0.650391 0.168750 0.135156
0 0.763802 0.617578 0.052604 0.060156
0 0.691146 0.653516 0.135417 0.149219
0 0.595833 0.623047 0.081250 0.116406
0 0.492969 0.697656 0.200521 0.259375
0 0.510938 0.606641 0.010417 0.017969
0 0.503646 0.612500 0.016667 0.025000
0 0.472917 0.611719 0.061458 0.037500
0 0.369531 0.633984 0.050521 0.035156
0 0.077344 0.671094 0.154688 0.260937
0 0.188542 0.627734 0.029167 0.089844
3 0.294531 0.619531 0.015104 0.103125
2 0.714844 0.573047 0.007812 0.013281
2 0.080990 0.431250 0.009896 0.073438
2 0.303125 0.523828 0.006250 0.036719
2 0.373698 0.551563 0.003646 0.021875
2 0.406250 0.563672 0.003125 0.014844
2 0.425260 0.573047 0.002604 0.013281