0 0.033073 0.734766 0.017188 0.061719
0 0.336458 0.685156 0.011458 0.006250
0 0.361198 0.691797 0.018229 0.007031
0 0.357552 0.714063 0.015104 0.029687
0 0.363542 0.708203 0.009375 0.024219
0 0.316667 0.717578 0.035417 0.039844
0 0.298438 0.717578 0.020833 0.044531
0 0.239583 0.733984 0.126042 0.130469
0 0.447396 0.694531 0.070833 0.034375
0 0.482292 0.696875 0.020833 0.029687
0 0.547396 0.805078 0.489583 0.389844
1 0.503906 0.589844 0.014063 0.042188
1 0.319010 0.486328 0.011979 0.057031
2 0.360937 0.668750 0.012500 0.010937
2 0.361719 0.680859 0.015104 0.011719
2 0.354427 0.699219 0.003646 0.004687
2 0.157552 0.714844 0.006771 0.023438
2 0.123437 0.728516 0.009375 0.033594
2 0.527865 0.562891 0.017188 0.067969