0 0.021615 0.731250 0.043229 0.106250
0 0.045313 0.677734 0.050000 0.102344
0 0.167448 0.670703 0.236979 0.203906
0 0.294271 0.648438 0.071875 0.076563
0 0.344792 0.641406 0.050000 0.054688
0 0.372135 0.638281 0.030729 0.048438
0 0.385156 0.631641 0.036979 0.047656
0 0.413802 0.630859 0.026562 0.033594
0 0.425521 0.621094 0.016667 0.020313
0 0.443229 0.628906 0.026042 0.034375
0 0.465885 0.625000 0.005729 0.018750
0 0.466406 0.621875 0.006771 0.018750
0 0.474740 0.618750 0.014063 0.017188
0 0.488542 0.619141 0.022917 0.017969
0 0.455729 0.628516 0.005208 0.030469
0 0.529167 0.627344 0.035417 0.045312
0 0.545573 0.623437 0.006771 0.031250
0 0.554688 0.620703 0.015625 0.022656
0 0.583594 0.619922 0.018229 0.022656
0 0.613542 0.626562 0.031250 0.040625
0 0.635677 0.630078 0.029687 0.053906
0 0.671354 0.635156 0.075000 0.070312
0 0.702344 0.612891 0.020313 0.016406
0 0.729687 0.635547 0.047917 0.067969
0 0.785417 0.640625 0.105208 0.089063
0 0.953906 0.656250 0.092188 0.167187
0 0.598958 0.622656 0.008333 0.021875
0 0.589062 0.612891 0.012500 0.022656
4 0.460156 0.626172 0.010937 0.038281
3 0.489323 0.620703 0.006771 0.022656
2 0.522396 0.584766 0.010417 0.010156
2 0.519531 0.594922 0.010937 0.010156
2 0.495052 0.592578 0.004687 0.007031
2 0.598437 0.594531 0.004167 0.007812
2 0.696094 0.579688 0.006771 0.015625