0 0.215365 0.708203 0.032813 0.063281
0 0.287240 0.709766 0.053646 0.055469
0 0.612500 0.820703 0.408333 0.358594
0 0.894010 0.841016 0.211979 0.317969
0 0.789583 0.765234 0.132292 0.149219
0 0.270313 0.693359 0.013542 0.016406
0 0.351302 0.708203 0.018229 0.033594
0 0.380469 0.707812 0.009896 0.028125
0 0.398958 0.709375 0.003125 0.021875
0 0.405208 0.707422 0.013542 0.024219
0 0.425521 0.701172 0.004167 0.017969
0 0.609115 0.710547 0.020313 0.025781
0 0.575781 0.722656 0.051562 0.045312
2 0.246354 0.710938 0.039583 0.139063
2 0.487240 0.629297 0.013021 0.035156