0 0.111198 0.732422 0.222396 0.405469
0 0.685937 0.692969 0.313542 0.306250
0 0.501563 0.620313 0.069792 0.089063
0 0.363542 0.638672 0.127083 0.147656
0 0.222917 0.621094 0.112500 0.090625
0 0.291667 0.609766 0.051042 0.063281
0 0.546875 0.595703 0.038542 0.039844
0 0.535156 0.586719 0.021354 0.023438
0 0.429688 0.603125 0.035417 0.050000
0 0.461979 0.588281 0.027083 0.045312
0 0.497135 0.569922 0.042188 0.052344
0 0.524219 0.577344 0.011979 0.014063
0 0.419271 0.586328 0.023958 0.014844
0 0.418229 0.564844 0.017708 0.028125
0 0.435937 0.572266 0.015625 0.014844
0 0.383073 0.559375 0.008854 0.009375
0 0.392187 0.563281 0.010417 0.007812
0 0.405469 0.570703 0.008854 0.013281
0 0.446354 0.566016 0.010417 0.007031
0 0.394792 0.553516 0.009375 0.010156
0 0.386458 0.554688 0.009375 0.004687
0 0.400781 0.557813 0.008854 0.006250
0 0.428385 0.569531 0.003646 0.012500
0 0.461198 0.565234 0.009896 0.002344
4 0.779948 0.575000 0.020313 0.037500
2 0.804948 0.576562 0.013021 0.018750
2 0.259375 0.582031 0.006250 0.017188
2 0.437240 0.557031 0.001563 0.006250