0 0.027604 0.687500 0.031250 0.060937
0 0.077865 0.676172 0.074479 0.061719
0 0.159635 0.649609 0.024479 0.017969
0 0.234115 0.645703 0.041146 0.024219
0 0.357552 0.650391 0.059896 0.085156
0 0.473438 0.588281 0.004167 0.004687
0 0.450260 0.591797 0.021354 0.014844
0 0.487500 0.625781 0.045833 0.028125
0 0.480208 0.687109 0.145833 0.182031
0 0.975000 0.865234 0.050000 0.213281
0 0.498177 0.594141 0.025521 0.007031
0 0.492188 0.592187 0.018750 0.010937
0 0.492188 0.586719 0.015625 0.006250
0 0.492708 0.580859 0.010417 0.007031
0 0.514583 0.586328 0.015625 0.017969
0 0.549479 0.610938 0.026042 0.043750
0 0.589844 0.635156 0.073438 0.078125
0 0.634896 0.618359 0.019792 0.019531
0 0.660938 0.624219 0.053125 0.037500
0 0.689323 0.627344 0.025521 0.035937
0 0.711198 0.630078 0.032813 0.041406
0 0.738542 0.628516 0.047917 0.050781
0 0.793490 0.644141 0.123438 0.089844
0 0.892969 0.633203 0.106771 0.089844
0 0.957292 0.637109 0.085417 0.091406
0 0.971094 0.658984 0.057813 0.119531
0 0.529688 0.592187 0.021875 0.010937
5 0.420833 0.575391 0.034375 0.049219
4 0.043229 0.656250 0.009375 0.026562
3 0.466406 0.585547 0.004687 0.016406
3 0.459115 0.584766 0.005729 0.017969
3 0.373438 0.598437 0.007292 0.009375
3 0.501563 0.582031 0.005208 0.012500
3 0.517188 0.589844 0.008333 0.015625
3 0.531771 0.611719 0.019792 0.051562
3 0.536198 0.596094 0.009896 0.023438
2 0.240365 0.542578 0.008854 0.050781
2 0.352604 0.571484 0.005208 0.028906
2 0.394271 0.581641 0.004167 0.019531
2 0.419010 0.586328 0.003646 0.014844
2 0.433073 0.586328 0.002604 0.013281
2 0.444271 0.586328 0.002083 0.011719
2 0.450000 0.587891 0.002083 0.008594
2 0.453125 0.596094 0.003125 0.006250
2 0.470052 0.591016 0.003646 0.011719
2 0.477083 0.583203 0.002083 0.008594
2 0.480729 0.582422 0.001042 0.005469
2 0.582813 0.583203 0.002083 0.008594
2 0.572396 0.582812 0.002083 0.007812
2 0.563802 0.582031 0.001563 0.007812
2 0.557031 0.581641 0.001563 0.007031
2 0.551562 0.581250 0.001042 0.006250
2 0.546615 0.579688 0.001563 0.006250
2 0.656250 0.600781 0.005208 0.010937