0 0.674219 0.641016 0.109896 0.117969
0 0.627344 0.615625 0.023438 0.045312
0 0.610677 0.614453 0.010937 0.016406
0 0.602083 0.614453 0.007292 0.017969
0 0.574740 0.612109 0.017188 0.024219
0 0.563542 0.613672 0.027083 0.030469
0 0.549219 0.612891 0.004687 0.014844
0 0.538542 0.612500 0.018750 0.021875
0 0.524219 0.612891 0.010937 0.014844
0 0.464583 0.617188 0.060417 0.062500
0 0.420573 0.612891 0.040104 0.044531
0 0.280990 0.623047 0.113021 0.092969
0 0.982552 0.620313 0.034896 0.057813
4 0.862500 0.601172 0.008333 0.019531
3 0.595833 0.610156 0.007292 0.042188
3 0.588281 0.611719 0.013021 0.050000
3 0.515365 0.611719 0.006771 0.021875
1 0.632552 0.575391 0.003646 0.016406
2 0.940885 0.563672 0.008854 0.024219
2 0.793750 0.549609 0.012500 0.027344
2 0.638021 0.577344 0.008333 0.015625
2 0.579948 0.588281 0.022396 0.017188
2 0.713542 0.598437 0.004167 0.009375