0 0.383333 0.671875 0.013542 0.015625
0 0.430469 0.665625 0.007812 0.009375
0 0.454167 0.662891 0.007292 0.008594
0 0.962760 0.775000 0.074479 0.223438
0 0.439063 0.662109 0.003125 0.008594
0 0.432552 0.657813 0.006771 0.006250
0 0.498437 0.666016 0.008333 0.014844
0 0.485677 0.667969 0.017188 0.010937
0 0.362240 0.641406 0.006771 0.006250
0 0.317708 0.642187 0.006250 0.009375
0 0.345833 0.639453 0.010417 0.008594
0 0.352865 0.639062 0.004687 0.007812
0 0.363021 0.636719 0.007292 0.007812
0 0.369010 0.632812 0.005729 0.006250
0 0.377604 0.632422 0.005208 0.005469
0 0.388802 0.631250 0.005729 0.004687
0 0.392969 0.630859 0.004687 0.005469
5 0.445052 0.662109 0.009896 0.016406
1 0.350781 0.579688 0.004687 0.020313
1 0.358854 0.579687 0.009375 0.025000
1 0.358073 0.583594 0.007812 0.012500
1 0.350781 0.584375 0.005729 0.012500
2 0.331771 0.581250 0.031250 0.076563
2 0.370573 0.669922 0.004687 0.019531
2 0.393750 0.667188 0.003125 0.010937
2 0.422917 0.667188 0.002083 0.007812
2 0.427083 0.627344 0.016667 0.012500
2 0.300260 0.583984 0.031771 0.025781
2 0.364844 0.571094 0.035937 0.043750