0 0.253646 0.821875 0.098958 0.076563
0 0.302083 0.789062 0.017708 0.010937
0 0.337760 0.807422 0.010937 0.017969
0 0.517708 0.798828 0.110417 0.052344
0 0.440104 0.862891 0.458333 0.274219
0 0.663542 0.835938 0.047917 0.100000
0 0.693750 0.841016 0.061458 0.124219
0 0.836198 0.886719 0.327604 0.226562
0 0.958073 0.965234 0.083854 0.069531
0 0.639063 0.792578 0.006250 0.005469
0 0.622656 0.795312 0.010937 0.012500
0 0.628906 0.793359 0.008854 0.007031
0 0.650260 0.792969 0.003646 0.003125
0 0.572135 0.804688 0.018229 0.032813
5 0.937500 0.769141 0.125000 0.250781
4 0.083594 0.809766 0.020313 0.066406
4 0.096615 0.811328 0.017188 0.063281
4 0.111198 0.810156 0.021354 0.070312
4 0.141667 0.811719 0.013542 0.028125
4 0.161458 0.807813 0.011458 0.045312
7 0.127604 0.813281 0.031250 0.095312
1 0.138802 0.747266 0.008854 0.021094
1 0.781250 0.719922 0.011458 0.047656
1 0.721354 0.754687 0.006250 0.017188
1 0.725260 0.746484 0.009896 0.030469
1 0.612500 0.639062 0.006250 0.028125
1 0.635938 0.639063 0.007292 0.029687
2 0.046615 0.765234 0.008854 0.017969
2 0.232813 0.799219 0.051042 0.075000
2 0.227865 0.895312 0.049479 0.110937