0 0.091667 0.665234 0.045833 0.032031
0 0.129688 0.677344 0.129167 0.075000
0 0.007292 0.777734 0.014583 0.158594
0 0.228125 0.656250 0.029167 0.029687
0 0.265365 0.658984 0.085938 0.071094
0 0.391927 0.776172 0.330729 0.396094
0 0.494271 0.689063 0.118750 0.162500
0 0.515365 0.605078 0.025521 0.011719
0 0.540365 0.629297 0.020313 0.028906
0 0.550521 0.633594 0.022917 0.029687
0 0.579427 0.653906 0.067187 0.079687
0 0.602865 0.631641 0.049479 0.053906
0 0.671875 0.671484 0.126042 0.122656
0 0.746875 0.651953 0.078125 0.077344
0 0.688802 0.625391 0.044271 0.022656
0 0.769531 0.623828 0.027604 0.014844
0 0.912500 0.793750 0.175000 0.412500
0 0.909375 0.661719 0.181250 0.132812
0 0.622656 0.616016 0.010937 0.017969
4 0.075260 0.663281 0.014063 0.032813
4 0.771875 0.613281 0.006250 0.007812
1 0.446875 0.544922 0.010417 0.042969
2 0.761719 0.604297 0.007812 0.016406
2 0.919792 0.545312 0.041667 0.034375
2 0.917708 0.512109 0.042708 0.032031