0 0.217708 0.691797 0.191667 0.189844
0 0.402344 0.667578 0.041146 0.046094
0 0.442188 0.663281 0.027083 0.032813
0 0.486458 0.669922 0.028125 0.033594
0 0.507552 0.665234 0.010937 0.014844
0 0.523438 0.663281 0.014583 0.028125
0 0.541667 0.667969 0.014583 0.021875
0 0.563021 0.674609 0.037500 0.042969
0 0.582812 0.664062 0.011458 0.015625
0 0.591406 0.664844 0.007812 0.010937
0 0.761458 0.746094 0.287500 0.226562
0 0.922396 0.705469 0.104167 0.096875
0 0.840104 0.667969 0.037500 0.034375
0 0.990104 0.719922 0.019792 0.017969
0 0.993750 0.697266 0.012500 0.016406
0 0.986719 0.694141 0.014063 0.010156
0 0.970833 0.690625 0.011458 0.009375
0 0.514323 0.664062 0.005729 0.012500
0 0.531510 0.666406 0.002604 0.014063
5 0.641406 0.656250 0.038021 0.042188
2 0.358073 0.616016 0.023438 0.030469
2 0.611198 0.649219 0.008854 0.006250
2 0.610938 0.655469 0.008333 0.006250
2 0.557552 0.637109 0.011979 0.021094
2 0.536458 0.639453 0.011458 0.011719
2 0.521615 0.639453 0.007812 0.011719
2 0.505990 0.604297 0.003646 0.003906
2 0.589063 0.602734 0.004167 0.005469
2 0.533333 0.662500 0.003125 0.003125