0 0.013802 0.705078 0.027604 0.036719
0 0.079427 0.702344 0.071354 0.035937
0 0.156771 0.735156 0.141667 0.112500
0 0.370573 0.699219 0.021354 0.007812
0 0.386719 0.698438 0.011979 0.007812
0 0.397396 0.697656 0.007292 0.009375
0 0.408333 0.715234 0.035417 0.041406
0 0.440365 0.712500 0.024479 0.034375
0 0.465625 0.715234 0.033333 0.041406
0 0.485938 0.710938 0.013542 0.023438
0 0.513021 0.709375 0.012500 0.012500
0 0.529687 0.719141 0.027083 0.039844
0 0.543750 0.701953 0.005208 0.003906
0 0.551563 0.700781 0.006250 0.006250
0 0.559635 0.702734 0.004687 0.005469
0 0.564583 0.694922 0.004167 0.005469
0 0.567969 0.704688 0.004687 0.007812
0 0.570052 0.707422 0.006771 0.010156
0 0.548958 0.717578 0.021875 0.030469
0 0.559375 0.717187 0.017708 0.026562
0 0.513021 0.735547 0.063542 0.082031
3 0.573177 0.714844 0.006771 0.021875
3 0.621354 0.735156 0.029167 0.087500
3 0.688802 0.744141 0.034896 0.107031