0 0.550781 0.662500 0.010937 0.007812
0 0.560417 0.662500 0.008333 0.004687
0 0.543490 0.664062 0.014063 0.007812
0 0.531250 0.665234 0.009375 0.005469
0 0.540885 0.687109 0.027604 0.038281
0 0.650000 0.692969 0.038542 0.037500
0 0.727604 0.692578 0.034375 0.035156
0 0.851823 0.706250 0.054688 0.065625
0 0.956510 0.701953 0.086979 0.058594
0 0.966406 0.723437 0.067187 0.051562
0 0.950260 0.801172 0.099479 0.192969
0 0.454167 0.686719 0.075000 0.070312
0 0.481771 0.753125 0.150000 0.195312
0 0.594792 0.717578 0.102083 0.113281
0 0.761458 0.782813 0.291667 0.253125
0 0.400781 0.678516 0.023438 0.016406
0 0.368490 0.676562 0.015104 0.012500
0 0.376302 0.681641 0.021354 0.017969
0 0.389323 0.675000 0.010937 0.010937
0 0.362240 0.685156 0.010937 0.017188
0 0.115625 0.708984 0.131250 0.117969
0 0.025260 0.699609 0.050521 0.080469
0 0.045312 0.686719 0.022917 0.025000
5 0.402083 0.662891 0.023958 0.017969
2 0.579167 0.553125 0.005208 0.012500
2 0.590365 0.552344 0.004687 0.012500
2 0.602083 0.550781 0.005208 0.012500
2 0.213802 0.701172 0.054688 0.077344
2 0.402865 0.691406 0.011979 0.006250
2 0.319531 0.473828 0.011979 0.017969