0 0.359115 0.639062 0.041146 0.059375
0 0.372917 0.630078 0.051042 0.060156
0 0.403906 0.630078 0.030729 0.044531
0 0.417448 0.627734 0.019271 0.038281
0 0.427083 0.625391 0.016667 0.035156
0 0.455208 0.619141 0.054167 0.036719
0 0.476562 0.609766 0.011458 0.005469
0 0.527604 0.653125 0.109375 0.140625
0 0.570573 0.608203 0.004687 0.008594
0 0.586719 0.622266 0.031771 0.042969
0 0.602604 0.607031 0.010417 0.010937
0 0.627865 0.627734 0.053646 0.060156
0 0.647396 0.606250 0.008333 0.010937
0 0.661198 0.624219 0.024479 0.046875
0 0.684635 0.627344 0.046354 0.059375
0 0.745833 0.651172 0.119792 0.144531
0 0.874219 0.694531 0.251563 0.253125
0 0.481510 0.608203 0.004687 0.005469
6 0.140885 0.546875 0.281771 0.625000
4 0.299740 0.700391 0.056771 0.142969
4 0.315885 0.657813 0.045312 0.198437
4 0.408333 0.604297 0.003125 0.008594