0 0.694271 0.828906 0.129167 0.112500
0 0.724740 0.808984 0.074479 0.071094
0 0.680208 0.780469 0.077083 0.046875
0 0.639583 0.797266 0.030208 0.030469
0 0.599479 0.799219 0.030208 0.039062
0 0.578646 0.795312 0.020833 0.031250
0 0.569271 0.794531 0.010417 0.028125
0 0.562500 0.790234 0.009375 0.011719
0 0.549219 0.792578 0.010937 0.014844
0 0.532813 0.792578 0.021875 0.025781
0 0.517969 0.791797 0.010937 0.014844
0 0.510677 0.789453 0.008854 0.013281
0 0.493490 0.792188 0.014063 0.015625
0 0.467969 0.791797 0.009896 0.014844
0 0.453906 0.791406 0.019271 0.023438
0 0.443750 0.791016 0.010417 0.019531
0 0.426823 0.794141 0.023438 0.028906
0 0.399740 0.796094 0.029687 0.034375
0 0.350781 0.814844 0.078646 0.084375
0 0.308333 0.809766 0.033333 0.063281
0 0.241406 0.833203 0.138021 0.119531
4 0.774479 0.822266 0.037500 0.127344
4 0.783854 0.801172 0.010417 0.061719
4 0.521094 0.790625 0.004687 0.021875
1 0.588021 0.761328 0.003125 0.014844
1 0.565625 0.772266 0.002083 0.007031
1 0.583854 0.769141 0.003125 0.008594
1 0.544792 0.739453 0.002083 0.010156
1 0.533333 0.738672 0.002083 0.010156
1 0.497135 0.769531 0.002604 0.012500
1 0.494531 0.769141 0.002604 0.011719
1 0.486979 0.761328 0.004167 0.014844
2 0.624219 0.763281 0.006771 0.014063
2 0.593490 0.765234 0.003646 0.007031
2 0.536458 0.747656 0.007292 0.007812
2 0.515365 0.738672 0.011979 0.010156
2 0.515365 0.748828 0.011979 0.010156
2 0.466667 0.795312 0.005208 0.010937
2 0.466406 0.784766 0.005729 0.008594
2 0.421875 0.755078 0.008333 0.010156
2 0.581771 0.742188 0.008333 0.012500