0 0.117188 0.696484 0.227083 0.200781
0 0.249219 0.671484 0.104688 0.119531
0 0.298177 0.622266 0.042188 0.025781
0 0.356771 0.664453 0.132292 0.132031
0 0.404427 0.624609 0.043229 0.060156
0 0.456250 0.614844 0.005208 0.021875
0 0.457813 0.608203 0.008333 0.011719
0 0.461458 0.605469 0.004167 0.004687
0 0.523958 0.685937 0.169792 0.212500
0 0.528906 0.611719 0.040104 0.026562
0 0.592969 0.621484 0.023438 0.049219
0 0.600000 0.603906 0.009375 0.014063
0 0.606250 0.607031 0.008333 0.018750
0 0.614323 0.616016 0.021354 0.039844
0 0.621875 0.618359 0.018750 0.042969
0 0.630990 0.621484 0.026562 0.050781
0 0.663542 0.614453 0.059375 0.055469
0 0.686198 0.640234 0.101562 0.096094
0 0.746875 0.629297 0.063542 0.069531
0 0.820052 0.648047 0.125521 0.108594
0 0.919531 0.670312 0.160938 0.179688
4 0.130469 0.590625 0.009896 0.009375
4 0.166406 0.592187 0.009896 0.010937
4 0.236458 0.604688 0.015625 0.015625
4 0.319531 0.597266 0.018229 0.022656
4 0.435677 0.643359 0.036979 0.150781
4 0.781250 0.596094 0.013542 0.037500
4 0.764323 0.594531 0.014063 0.021875
3 0.822396 0.585547 0.020833 0.016406