0 0.138802 0.819531 0.247396 0.360938
0 0.316146 0.681641 0.018750 0.008594
0 0.492969 0.761719 0.149479 0.201563
0 0.436458 0.689063 0.011458 0.006250
0 0.496615 0.696875 0.020313 0.012500
0 0.554688 0.697266 0.006250 0.011719
0 0.586198 0.715234 0.053646 0.069531
0 0.619271 0.705078 0.017708 0.016406
0 0.682031 0.746875 0.140104 0.145313
0 0.752865 0.718750 0.035937 0.026562
0 0.788542 0.725391 0.038542 0.044531
0 0.889323 0.730078 0.079687 0.064844
0 0.955469 0.740234 0.089063 0.077344
0 0.248438 0.673437 0.017708 0.009375
4 0.042708 0.730078 0.085417 0.539844
4 0.811458 0.721094 0.019792 0.060937
2 0.186198 0.573047 0.022396 0.066406
2 0.405208 0.645313 0.007292 0.026562
2 0.348698 0.666797 0.003646 0.008594
2 0.231771 0.657813 0.003125 0.004687
2 0.122656 0.629688 0.004687 0.006250
2 0.169792 0.632422 0.004167 0.005469
2 0.643750 0.666797 0.009375 0.021094
2 0.551302 0.673047 0.023438 0.016406
2 0.553125 0.655859 0.021875 0.016406