0 0.479167 0.662109 0.095833 0.075781
0 0.420052 0.792188 0.365104 0.409375
0 0.117969 0.788281 0.235937 0.423438
4 0.817969 0.660937 0.040104 0.153125
4 0.699740 0.657031 0.026562 0.103125
4 0.722396 0.656641 0.022917 0.100781
4 0.713802 0.614062 0.007812 0.023438
4 0.594271 0.651953 0.011458 0.044531
4 0.566667 0.650781 0.015625 0.048438
4 0.577865 0.647656 0.008854 0.051562
4 0.584635 0.650781 0.009896 0.046875
4 0.589323 0.643359 0.005729 0.032031
4 0.546094 0.635156 0.003646 0.009375
2 0.554167 0.605859 0.011458 0.017969
2 0.579948 0.574609 0.017188 0.021094
2 0.579167 0.544141 0.019792 0.038281
2 0.614583 0.523438 0.052083 0.085938
2 0.421094 0.631641 0.008854 0.007031
2 0.428125 0.635937 0.002083 0.009375
2 0.251042 0.611719 0.019792 0.046875