0 0.051562 0.650391 0.103125 0.150781
0 0.790885 0.633984 0.042188 0.030469
0 0.593229 0.625781 0.068750 0.028125
0 0.565625 0.624609 0.026042 0.028906
0 0.551562 0.627344 0.011458 0.020313
0 0.542448 0.628906 0.004687 0.007812
0 0.522396 0.625391 0.034375 0.038281
0 0.502865 0.625000 0.007812 0.015625
0 0.496615 0.624219 0.009896 0.015625
0 0.488542 0.623828 0.011458 0.017969
0 0.482292 0.623047 0.009375 0.017969
0 0.473177 0.622266 0.017188 0.019531
0 0.456771 0.620703 0.021875 0.022656
2 0.821094 0.629297 0.003646 0.021094
2 0.693229 0.600391 0.017708 0.025781
2 0.692969 0.631250 0.016146 0.035937
2 0.643229 0.635156 0.003125 0.021875
2 0.622917 0.560547 0.012500 0.014844
2 0.328906 0.565625 0.045312 0.031250
2 0.375260 0.609375 0.004687 0.006250
2 0.375260 0.617969 0.003646 0.009375
2 0.433073 0.583594 0.006771 0.009375