0 0.109896 0.787500 0.219792 0.406250
0 0.220573 0.713672 0.078646 0.072656
0 0.282552 0.730469 0.100521 0.117188
0 0.412240 0.781250 0.236979 0.307812
0 0.567448 0.735547 0.101562 0.122656
0 0.658594 0.717969 0.052604 0.042188
0 0.517448 0.705469 0.020313 0.025000
0 0.789583 0.799609 0.333333 0.239844
0 0.944010 0.791016 0.111979 0.186719
0 0.924740 0.700000 0.047396 0.018750
0 0.796094 0.672266 0.029687 0.016406
0 0.743229 0.668359 0.015625 0.016406
0 0.765365 0.671094 0.017188 0.015625
0 0.684115 0.664844 0.021354 0.017188
0 0.708333 0.666797 0.010417 0.016406
0 0.686719 0.678516 0.036979 0.022656
0 0.646615 0.679688 0.030729 0.023438
0 0.653385 0.659375 0.024479 0.012500
0 0.625781 0.655078 0.016146 0.016406
0 0.562500 0.648047 0.011458 0.010156
0 0.550521 0.649219 0.015625 0.014063
0 0.534635 0.646484 0.014063 0.010156
3 0.624219 0.725000 0.031771 0.085938
3 0.644010 0.710547 0.008854 0.024219
1 0.692448 0.621094 0.004687 0.014063
2 0.724219 0.595703 0.018229 0.022656
2 0.826823 0.623438 0.011979 0.021875
2 0.726823 0.666406 0.018229 0.026562
2 0.648438 0.668359 0.007292 0.016406