0 0.732552 0.726953 0.250521 0.244531
0 0.547656 0.706250 0.082812 0.085938
0 0.495573 0.693359 0.040104 0.050781
0 0.476823 0.679297 0.015104 0.019531
0 0.428385 0.678516 0.024479 0.027344
0 0.414323 0.643359 0.003646 0.005469
0 0.428385 0.723828 0.109896 0.144531
0 0.319010 0.680859 0.019271 0.014844
0 0.309375 0.681250 0.007292 0.010937
0 0.295312 0.681641 0.026042 0.017969
0 0.283594 0.679688 0.003646 0.007812
0 0.270573 0.692578 0.028646 0.039844
0 0.254948 0.678516 0.026562 0.013281
0 0.228646 0.677344 0.016667 0.007812
0 0.200000 0.701562 0.064583 0.057813
0 0.172917 0.679688 0.031250 0.023438
0 0.164323 0.704688 0.015104 0.060937
0 0.244531 0.692969 0.041146 0.039062
5 0.596094 0.656641 0.094271 0.139844
3 0.213542 0.670703 0.010417 0.003906
2 0.505990 0.575000 0.040104 0.035937
2 0.362760 0.556250 0.007812 0.010937
2 0.459896 0.574609 0.048958 0.036719
2 0.414583 0.574219 0.037500 0.034375
2 0.388802 0.609375 0.003646 0.004687