0 0.381771 0.720312 0.106250 0.142187
0 0.450781 0.689453 0.050521 0.074219
0 0.489323 0.679688 0.013021 0.017188
0 0.500521 0.679688 0.003125 0.015625
0 0.509115 0.669531 0.014063 0.015625
0 0.511979 0.681250 0.019792 0.025000
0 0.538802 0.681250 0.008854 0.021875
0 0.557812 0.690625 0.043750 0.053125
0 0.755469 0.680469 0.052604 0.040625
0 0.958073 0.852734 0.083854 0.217969
0 0.530729 0.681641 0.006250 0.008594
0 0.166667 0.662891 0.066667 0.024219
2 0.819271 0.691797 0.012500 0.042969
2 0.850521 0.651953 0.008333 0.016406
2 0.780469 0.623828 0.004687 0.019531
2 0.980208 0.607031 0.039583 0.029687
2 0.981510 0.637891 0.036979 0.028906
2 0.327604 0.677734 0.007292 0.027344
2 0.476302 0.681250 0.002604 0.006250
2 0.475521 0.663672 0.011458 0.013281
2 0.476562 0.650000 0.007292 0.014063
2 0.463542 0.623437 0.014583 0.020313
2 0.491406 0.622656 0.021354 0.020313
2 0.492188 0.663672 0.011458 0.013281