0 0.855990 0.808594 0.288021 0.382812
0 0.807813 0.723828 0.166667 0.102344
0 0.689063 0.709375 0.023958 0.025000
0 0.678385 0.709766 0.007812 0.022656
0 0.670052 0.707813 0.017188 0.021875
0 0.660937 0.703125 0.012500 0.015625
0 0.641927 0.705859 0.002604 0.016406
0 0.617969 0.707812 0.042188 0.031250
0 0.639583 0.704688 0.004167 0.012500
0 0.587760 0.716797 0.039062 0.092969
0 0.451042 0.819141 0.325000 0.360156
0 0.360156 0.692578 0.047396 0.060156
0 0.172135 0.803125 0.344271 0.295312
0 0.163542 0.694531 0.043750 0.015625
0 0.073177 0.699219 0.080729 0.039062
0 0.026562 0.701172 0.053125 0.035156
4 0.699740 0.698828 0.005729 0.016406
4 0.333073 0.689844 0.005729 0.017188
3 0.647135 0.707422 0.008854 0.030469
3 0.654167 0.707422 0.007292 0.024219
1 0.525260 0.587109 0.004687 0.022656
1 0.559635 0.588281 0.004687 0.023438
1 0.312240 0.588281 0.009896 0.042188
1 0.915625 0.586328 0.016667 0.049219
2 0.434115 0.614453 0.019271 0.013281
2 0.431510 0.632031 0.023438 0.021875
2 0.695573 0.677734 0.003646 0.011719
2 0.605469 0.666406 0.010937 0.012500
2 0.577865 0.666797 0.019271 0.011719
2 0.230469 0.696094 0.008854 0.009375
2 0.031510 0.693359 0.004687 0.021094