0 0.201302 0.785156 0.269271 0.195312
0 0.491406 0.749219 0.081771 0.078125
0 0.545833 0.745313 0.046875 0.062500
0 0.577344 0.732031 0.035937 0.048438
0 0.609115 0.728125 0.029687 0.037500
0 0.625260 0.713281 0.010937 0.015625
0 0.632552 0.714063 0.009896 0.006250
0 0.643229 0.739453 0.044792 0.050781
0 0.612500 0.705859 0.006250 0.007031
0 0.687760 0.760156 0.047396 0.103125
0 0.763802 0.779687 0.133854 0.175000
0 0.887240 0.826562 0.225521 0.346875
5 0.659375 0.700391 0.048958 0.088281
5 0.704688 0.702344 0.022917 0.009375
4 0.581510 0.704687 0.006771 0.009375
4 0.606510 0.707031 0.002604 0.004687
2 0.739844 0.689063 0.005729 0.007812