0 0.956510 0.784766 0.086979 0.158594
0 0.862500 0.755859 0.153125 0.121094
0 0.548438 0.711719 0.063542 0.087500
0 0.037760 0.701563 0.075521 0.092188
0 0.151823 0.697656 0.042188 0.068750
0 0.265625 0.703516 0.105208 0.085156
0 0.314844 0.692969 0.015104 0.037500
0 0.322135 0.695312 0.029687 0.040625
0 0.341927 0.694531 0.024479 0.035937
0 0.369271 0.698828 0.042708 0.060156
0 0.415625 0.694531 0.026042 0.034375
0 0.708073 0.721875 0.042188 0.060937
0 0.666927 0.719531 0.071354 0.064062
0 0.614583 0.703516 0.031250 0.050781
0 0.580208 0.701953 0.013542 0.030469
0 0.594531 0.697266 0.010937 0.017969
4 0.763021 0.722656 0.023958 0.082812
2 0.241927 0.707031 0.028646 0.101562
2 0.510938 0.692188 0.004167 0.018750