0 0.305208 0.670312 0.138542 0.125000
0 0.297396 0.629688 0.056250 0.026562
0 0.331771 0.626953 0.019792 0.016406
0 0.360677 0.620312 0.014063 0.017188
0 0.384896 0.618750 0.012500 0.015625
0 0.371094 0.616797 0.017188 0.021094
0 0.379688 0.611328 0.016667 0.016406
0 0.386458 0.607812 0.015625 0.017188
0 0.393750 0.600781 0.014583 0.010937
0 0.400260 0.602734 0.015104 0.021094
0 0.404687 0.600000 0.014583 0.023438
0 0.408333 0.594922 0.012500 0.016406
0 0.412240 0.592187 0.011979 0.015625
0 0.417969 0.589063 0.010937 0.015625
0 0.421875 0.586719 0.010417 0.014063
0 0.435677 0.580469 0.004687 0.015625
0 0.439844 0.587891 0.013021 0.014844
0 0.439062 0.575391 0.006250 0.010156
0 0.452344 0.579688 0.010937 0.012500
0 0.464844 0.573828 0.007812 0.010156
0 0.458854 0.572266 0.006250 0.010156
0 0.452344 0.570312 0.008854 0.007812
0 0.464844 0.566016 0.005729 0.005469
0 0.473698 0.566016 0.007812 0.008594
0 0.466927 0.585547 0.011979 0.014844
0 0.481510 0.566406 0.007812 0.010937
0 0.483333 0.583203 0.011458 0.014844
0 0.486979 0.573438 0.009375 0.010937
0 0.489844 0.568359 0.008854 0.010156
0 0.445573 0.601953 0.018229 0.016406
0 0.443490 0.619922 0.023438 0.033594
0 0.428125 0.632812 0.038542 0.048438
0 0.305729 0.670703 0.138542 0.128906
0 0.647917 0.656250 0.091667 0.096875
0 0.720313 0.669531 0.051042 0.040625
0 0.611979 0.619141 0.022917 0.024219
0 0.576042 0.639062 0.047917 0.054688
0 0.510156 0.645703 0.055729 0.066406
0 0.509896 0.603906 0.021875 0.018750
0 0.546354 0.612109 0.020833 0.028906
0 0.584635 0.598437 0.008854 0.017188
0 0.582292 0.585156 0.006250 0.010937
0 0.536979 0.600000 0.019792 0.021875
0 0.506510 0.595703 0.016146 0.019531
0 0.511458 0.589844 0.015625 0.020313
0 0.531250 0.581250 0.013542 0.015625
0 0.511198 0.575000 0.011979 0.012500
0 0.504427 0.571094 0.009896 0.014063
0 0.510937 0.566016 0.008333 0.010156
0 0.505990 0.560938 0.007812 0.006250
0 0.534896 0.575781 0.010417 0.014063
0 0.527083 0.572266 0.008333 0.013281
0 0.520052 0.566406 0.008854 0.010937
0 0.553385 0.578516 0.010937 0.014844
0 0.569531 0.578125 0.013021 0.017188
0 0.560417 0.574609 0.008333 0.013281
0 0.566927 0.568750 0.008854 0.007812
0 0.540104 0.571094 0.009375 0.012500
0 0.542187 0.567969 0.008333 0.012500
0 0.529688 0.562500 0.006250 0.004687
0 0.538542 0.562891 0.006250 0.005469
0 0.530469 0.558594 0.007812 0.006250
0 0.560677 0.559766 0.010937 0.010156
0 0.544792 0.563281 0.006250 0.010937
6 0.425781 0.579297 0.017188 0.024219
6 0.508333 0.552344 0.031250 0.012500
4 0.370313 0.595703 0.005208 0.019531
3 0.461458 0.576562 0.004167 0.012500
3 0.897656 0.725781 0.204687 0.548438
3 0.573437 0.650391 0.044792 0.147656
3 0.535156 0.623828 0.015104 0.046094
3 0.530990 0.587500 0.005729 0.017188
3 0.534115 0.583203 0.003646 0.013281
3 0.541667 0.587891 0.006250 0.014844
3 0.521615 0.575781 0.004687 0.015625
3 0.548698 0.583984 0.004687 0.017969
3 0.561979 0.580469 0.004167 0.017188
3 0.550000 0.565625 0.003125 0.010937
2 0.396094 0.634766 0.015104 0.057031
2 0.474479 0.614453 0.005208 0.017969
2 0.479167 0.598047 0.002083 0.008594