0 0.068750 0.828125 0.137500 0.284375
0 0.067448 0.732812 0.134896 0.104688
0 0.392708 0.714063 0.043750 0.046875
0 0.442188 0.720703 0.060417 0.072656
0 0.477604 0.704688 0.021875 0.028125
0 0.496875 0.701563 0.015625 0.021875
0 0.506510 0.698047 0.007812 0.016406
0 0.487240 0.694141 0.007812 0.010156
0 0.516406 0.692188 0.006771 0.010937
0 0.526042 0.690625 0.006250 0.010937
0 0.532292 0.692969 0.006250 0.010937
0 0.542969 0.692187 0.003646 0.004687
0 0.513802 0.694922 0.008854 0.011719
4 0.889063 0.706250 0.026042 0.064062
3 0.527865 0.692969 0.002604 0.012500
3 0.538802 0.703906 0.010937 0.037500
2 0.299479 0.694531 0.006250 0.021875
2 0.521354 0.683594 0.003125 0.007812
2 0.573177 0.693750 0.002604 0.010937
2 0.591667 0.693750 0.003125 0.014063
2 0.645313 0.689844 0.007292 0.028125
2 0.405729 0.689844 0.003125 0.007812
2 0.466927 0.690234 0.001563 0.007031
2 0.540625 0.656250 0.006250 0.014063