0 0.549219 0.732422 0.063021 0.091406
0 0.462500 0.772266 0.135417 0.178906
0 0.516667 0.712109 0.012500 0.024219
0 0.495833 0.715234 0.023958 0.027344
0 0.462760 0.714453 0.043229 0.024219
0 0.389844 0.707031 0.004687 0.006250
0 0.401823 0.733594 0.043229 0.078125
0 0.354167 0.710938 0.010417 0.023438
0 0.371354 0.716406 0.034375 0.035937
0 0.329688 0.717969 0.046875 0.065625
0 0.242708 0.755078 0.190625 0.167969
0 0.065885 0.747656 0.131771 0.134375
0 0.017188 0.890234 0.034375 0.192969
0 0.136979 0.701562 0.018750 0.007812
0 0.162240 0.723828 0.020313 0.050781
0 0.237500 0.703906 0.036458 0.020313
0 0.521354 0.698438 0.005208 0.003125
0 0.512240 0.697266 0.005729 0.005469
2 0.838021 0.394531 0.069792 0.118750