0 0.096875 0.799219 0.193750 0.328125
0 0.261198 0.737891 0.140104 0.136719
0 0.180208 0.680859 0.019792 0.022656
0 0.217708 0.699609 0.066667 0.074219
0 0.322396 0.712109 0.041667 0.077344
0 0.338802 0.705859 0.027604 0.058594
0 0.354948 0.693359 0.029687 0.047656
0 0.377083 0.683594 0.017708 0.021875
0 0.387760 0.691406 0.015104 0.031250
0 0.398698 0.696094 0.024479 0.040625
0 0.432031 0.683203 0.043229 0.049219
0 0.448437 0.748828 0.118750 0.150781
0 0.330729 0.668359 0.010417 0.008594
0 0.341146 0.669531 0.009375 0.007812
0 0.316406 0.670703 0.013021 0.005469
0 0.335417 0.662500 0.008333 0.006250
0 0.326302 0.663672 0.008854 0.007031
2 0.550521 0.698828 0.009375 0.039844
2 0.266927 0.566406 0.005729 0.007812
2 0.153906 0.453125 0.011979 0.015625