0 0.691146 0.703125 0.011458 0.012500
0 0.664583 0.702344 0.010417 0.010937
0 0.679948 0.703906 0.013021 0.012500
0 0.631510 0.712891 0.014063 0.016406
0 0.612760 0.710938 0.013021 0.014063
0 0.595313 0.719531 0.017708 0.020313
0 0.590625 0.702344 0.007292 0.010937
0 0.583854 0.707031 0.011458 0.012500
0 0.578646 0.715234 0.013542 0.016406
0 0.577344 0.693750 0.006771 0.006250
5 0.586198 0.689453 0.009896 0.014844
4 0.741667 0.707031 0.003125 0.015625
1 0.814323 0.542969 0.013021 0.042188
1 0.858854 0.541797 0.012500 0.042969
2 0.938281 0.694141 0.010937 0.025781
2 0.897135 0.663672 0.054688 0.038281
2 0.796094 0.721875 0.002604 0.010937
2 0.767969 0.713281 0.001563 0.007812
2 0.640365 0.721094 0.002604 0.012500
2 0.659115 0.707422 0.001563 0.007031