0 0.573437 0.708203 0.103125 0.141406
0 0.526302 0.663281 0.009896 0.020313
0 0.562500 0.663281 0.018750 0.009375
0 0.498437 0.680469 0.046875 0.078125
0 0.455990 0.699609 0.071354 0.100781
0 0.461458 0.668750 0.005208 0.009375
0 0.337760 0.754297 0.215104 0.232031
0 0.363021 0.677344 0.027083 0.018750
0 0.286719 0.661719 0.119271 0.082812
0 0.122917 0.759766 0.245833 0.227344
0 0.014583 0.683984 0.029167 0.019531
0 0.110937 0.673828 0.017708 0.017969
0 0.225260 0.674609 0.009896 0.014844
1 0.819271 0.383984 0.036458 0.128906
2 0.602344 0.600000 0.010937 0.025000