0 0.366146 0.725781 0.098958 0.106250
0 0.476823 0.721875 0.043229 0.051562
0 0.502865 0.716797 0.023438 0.033594
0 0.527344 0.714062 0.017188 0.020313
0 0.206771 0.730859 0.068750 0.036719
0 0.243750 0.717578 0.028125 0.010156
0 0.305469 0.705078 0.005729 0.011719
3 0.514583 0.708594 0.005208 0.021875
3 0.548958 0.719141 0.015625 0.047656
3 0.603906 0.755469 0.069271 0.210938
1 0.561979 0.682031 0.003125 0.012500
1 0.558594 0.682031 0.003646 0.012500
2 0.407552 0.702734 0.003646 0.011719
2 0.457031 0.710547 0.003646 0.011719
2 0.567188 0.710547 0.002083 0.008594