0 0.840365 0.630859 0.074479 0.033594
0 0.693229 0.595703 0.026042 0.019531
0 0.576823 0.589453 0.017188 0.017969
0 0.546875 0.586719 0.018750 0.021875
0 0.543750 0.598438 0.020833 0.026562
0 0.519792 0.594141 0.019792 0.022656
0 0.512760 0.583594 0.014063 0.010937
0 0.514062 0.606641 0.027083 0.035156
0 0.482813 0.619922 0.056250 0.064844
0 0.482031 0.584375 0.018229 0.007812
0 0.442188 0.603906 0.036458 0.045312
0 0.420833 0.598828 0.025000 0.033594
0 0.410938 0.579297 0.015625 0.013281
0 0.420312 0.583203 0.014583 0.008594
0 0.376302 0.613281 0.068229 0.071875
0 0.288281 0.610156 0.075521 0.065625
0 0.185937 0.587500 0.055208 0.025000
0 0.136719 0.592578 0.046354 0.025781
0 0.595833 0.586328 0.009375 0.008594
3 0.517969 0.585156 0.008854 0.009375