0 0.978385 0.901172 0.043229 0.197656
0 0.841927 0.768359 0.316146 0.302344
0 0.685156 0.692188 0.113021 0.131250
0 0.538802 0.660937 0.080729 0.043750
0 0.565104 0.650781 0.046875 0.017188
0 0.567188 0.746094 0.191667 0.251563
0 0.482292 0.673438 0.015625 0.060937
0 0.465365 0.667187 0.009896 0.032813
0 0.469010 0.666016 0.010937 0.028906
0 0.472917 0.663672 0.007292 0.010156
0 0.367448 0.750391 0.192188 0.214844
0 0.284896 0.708203 0.092708 0.108594
3 0.437240 0.658594 0.016146 0.043750
3 0.453906 0.677734 0.028646 0.086719
3 0.461198 0.661328 0.010937 0.041406
3 0.266146 0.660938 0.022917 0.026562
3 0.294271 0.681250 0.033333 0.085938
1 0.508854 0.299219 0.015625 0.073438
2 0.310156 0.632031 0.009896 0.037500
2 0.316927 0.651562 0.011979 0.004687
2 0.735677 0.568750 0.035937 0.023438
2 0.737500 0.593750 0.036458 0.025000
2 0.738542 0.618359 0.037500 0.025781