0 0.665625 0.703906 0.064583 0.067187
0 0.627865 0.698828 0.041146 0.053906
0 0.604688 0.695703 0.030208 0.046094
0 0.589583 0.692578 0.030208 0.041406
0 0.572135 0.690625 0.020313 0.039062
0 0.560417 0.689453 0.020833 0.033594
0 0.550260 0.687109 0.022396 0.032031
0 0.528906 0.689062 0.031771 0.032813
0 0.515365 0.686719 0.020313 0.029687
0 0.507552 0.684766 0.008854 0.024219
0 0.501823 0.683594 0.010937 0.021875
0 0.487760 0.685156 0.022396 0.025000
0 0.475781 0.683984 0.013021 0.021094
0 0.470313 0.664062 0.007292 0.009375
0 0.378125 0.695312 0.055208 0.065625
0 0.360156 0.688281 0.030729 0.043750
0 0.426823 0.684766 0.023438 0.027344
0 0.452344 0.682812 0.016146 0.020313
0 0.445052 0.680078 0.007812 0.014844
0 0.448437 0.666406 0.008333 0.010937
0 0.449740 0.646094 0.007812 0.007812
0 0.435156 0.673828 0.010937 0.011719
0 0.435156 0.666797 0.008854 0.008594
0 0.422917 0.646484 0.006250 0.007031
0 0.413281 0.669141 0.008854 0.011719
0 0.407031 0.667578 0.006771 0.010156
0 0.397135 0.671875 0.006771 0.010937
0 0.340625 0.686328 0.019792 0.025781
0 0.330469 0.678906 0.009896 0.006250
0 0.328385 0.681641 0.007812 0.010156
0 0.299479 0.686719 0.008333 0.017188
0 0.292448 0.687500 0.011979 0.020313
0 0.284115 0.688281 0.010937 0.020313
0 0.276042 0.689063 0.012500 0.021875
0 0.264323 0.689453 0.019271 0.022656
0 0.219271 0.689063 0.013542 0.021875
0 0.202083 0.694141 0.027083 0.033594
0 0.177604 0.696875 0.033333 0.034375
0 0.145833 0.697266 0.033333 0.039844
0 0.111979 0.701562 0.050000 0.046875
0 0.066146 0.705078 0.048958 0.049219
0 0.023438 0.710156 0.046875 0.057813
0 0.459896 0.646094 0.003125 0.006250
0 0.457031 0.645703 0.002604 0.005469
4 0.532552 0.689453 0.014063 0.058594
4 0.226823 0.682813 0.024479 0.076563
3 0.466667 0.675000 0.003125 0.012500
2 0.476562 0.616797 0.020833 0.021094
2 0.450521 0.621484 0.016667 0.011719
2 0.413802 0.673828 0.001563 0.007031
2 0.423438 0.665625 0.001042 0.004687
2 0.434375 0.650781 0.001042 0.004687