0 0.104948 0.661328 0.189062 0.113281
0 0.198437 0.625391 0.048958 0.030469
0 0.262500 0.639844 0.095833 0.076563
0 0.314062 0.616797 0.028125 0.025781
0 0.404167 0.610156 0.019792 0.020313
0 0.414323 0.610547 0.011979 0.014844
0 0.416927 0.609375 0.018229 0.017188
0 0.447917 0.608203 0.028125 0.014844
0 0.470052 0.607031 0.015104 0.012500
0 0.461979 0.603516 0.007292 0.011719
0 0.550000 0.583203 0.006250 0.008594
0 0.558854 0.580078 0.008333 0.008594
0 0.566406 0.580859 0.007812 0.003906
0 0.577604 0.576953 0.007292 0.003906
0 0.587240 0.575391 0.006771 0.003906
0 0.583594 0.577344 0.004687 0.003125
0 0.598437 0.580859 0.009375 0.008594
0 0.570052 0.592578 0.008854 0.011719
0 0.572917 0.587891 0.006250 0.010156
0 0.594010 0.584766 0.008854 0.005469
0 0.591927 0.591406 0.008854 0.010937
0 0.595833 0.591406 0.009375 0.007812
0 0.567969 0.608594 0.010937 0.026562
0 0.585156 0.607812 0.007812 0.020313
0 0.600000 0.610156 0.028125 0.032813
0 0.559375 0.616016 0.014583 0.050781
0 0.672656 0.639062 0.108854 0.114062
0 0.516667 0.639062 0.094792 0.125000
5 0.581771 0.594922 0.011458 0.027344
3 0.728646 0.614453 0.026042 0.067969
2 0.383594 0.601172 0.021354 0.047656