0 0.573177 0.701562 0.001563 0.010937
0 0.597917 0.699219 0.004167 0.012500
0 0.601562 0.700391 0.008333 0.014844
0 0.605729 0.700781 0.009375 0.006250
0 0.607812 0.708594 0.013542 0.015625
0 0.618750 0.705859 0.010417 0.013281
0 0.629167 0.713281 0.015625 0.018750
0 0.657813 0.722656 0.023958 0.029687
0 0.873958 0.848437 0.252083 0.303125
0 0.405208 0.697266 0.012500 0.019531
0 0.400781 0.700000 0.011979 0.021875
5 0.267448 0.671094 0.255729 0.254688
5 0.582292 0.692969 0.016667 0.042188
4 0.618750 0.711328 0.004167 0.021094
2 0.529687 0.708203 0.004167 0.019531
2 0.550260 0.705469 0.002604 0.010937
2 0.558073 0.702344 0.001563 0.007812
2 0.562760 0.698438 0.001563 0.006250
2 0.563281 0.686719 0.003646 0.004687