0 0.082292 0.705469 0.164583 0.215625
0 0.201562 0.637500 0.114583 0.057813
0 0.312240 0.656250 0.123438 0.120313
0 0.290885 0.620313 0.064062 0.021875
0 0.404687 0.630469 0.072917 0.076563
0 0.438021 0.625781 0.023958 0.057813
0 0.451562 0.603125 0.012500 0.017188
0 0.475000 0.628125 0.057292 0.068750
0 0.488021 0.603906 0.028125 0.023438
0 0.501042 0.607422 0.023958 0.033594
0 0.510417 0.600781 0.007292 0.017188
0 0.509896 0.594531 0.017708 0.012500
0 0.526823 0.610156 0.029687 0.034375
0 0.533073 0.591406 0.008854 0.004687
0 0.543229 0.601953 0.015625 0.025781
0 0.552083 0.601562 0.006250 0.021875
0 0.551302 0.586719 0.011979 0.009375
0 0.565885 0.588281 0.009896 0.010937
0 0.563802 0.585156 0.007812 0.009375
0 0.565885 0.588281 0.009896 0.010937
0 0.557031 0.585156 0.003646 0.007812
0 0.577604 0.586719 0.012500 0.009375
0 0.587500 0.585156 0.010417 0.004687
0 0.592448 0.580859 0.018229 0.007031
0 0.622917 0.594531 0.007292 0.010937
0 0.630729 0.594922 0.012500 0.013281
0 0.641927 0.608594 0.032813 0.035937
0 0.668490 0.605469 0.024479 0.035937
0 0.676562 0.608594 0.027083 0.037500
0 0.695573 0.612109 0.029687 0.042969
0 0.717708 0.616797 0.035417 0.050781
0 0.744271 0.619922 0.045833 0.061719
0 0.780208 0.626953 0.063542 0.072656
0 0.843490 0.635156 0.114062 0.095312
0 0.949219 0.658984 0.101562 0.150781
0 0.887760 0.591016 0.026562 0.028906
0 0.838802 0.584375 0.038021 0.007812
0 0.822917 0.581641 0.029167 0.017969
0 0.797396 0.588672 0.026042 0.005469
0 0.598698 0.585938 0.006771 0.003125
0 0.598177 0.632422 0.069271 0.089844
4 0.534375 0.590625 0.003125 0.006250
4 0.575000 0.584375 0.003125 0.007812
4 0.570052 0.583594 0.002604 0.006250
4 0.589323 0.580078 0.001563 0.003906
4 0.890625 0.591797 0.015625 0.041406
4 0.875260 0.584375 0.005729 0.025000
3 0.557813 0.601562 0.006250 0.026562
3 0.565885 0.590234 0.003646 0.013281
3 0.578906 0.585156 0.003646 0.006250
1 0.554167 0.531641 0.003125 0.013281
2 0.682552 0.550781 0.002604 0.009375