0 0.984635 0.720703 0.030729 0.105469
0 0.969792 0.675781 0.060417 0.112500
0 0.479167 0.617969 0.034375 0.020313
0 0.446094 0.652344 0.056771 0.073438
0 0.417969 0.630078 0.028646 0.035156
0 0.389844 0.616406 0.022396 0.026562
0 0.384635 0.611719 0.014063 0.018750
0 0.368750 0.609766 0.006250 0.017969
0 0.359896 0.609766 0.017708 0.019531
0 0.337760 0.610938 0.009896 0.004687
0 0.323698 0.609375 0.011979 0.006250
0 0.304427 0.611719 0.017188 0.018750
0 0.289844 0.609766 0.015104 0.016406
0 0.271354 0.613281 0.011458 0.009375
3 0.195573 0.644141 0.020313 0.049219
1 0.640885 0.519922 0.010937 0.016406
1 0.477083 0.496875 0.006250 0.009375
2 0.754427 0.632812 0.014063 0.021875
2 0.718490 0.535156 0.059896 0.087500
2 0.652865 0.562500 0.085938 0.056250
2 0.641146 0.614453 0.015625 0.025781
2 0.388802 0.625391 0.005729 0.021094
2 0.340365 0.603906 0.002604 0.007812
2 0.319271 0.604688 0.002083 0.006250
2 0.312240 0.603516 0.001563 0.005469
2 0.043750 0.631641 0.004167 0.011719
2 0.216406 0.615625 0.002604 0.006250
2 0.229948 0.614063 0.002604 0.006250
2 0.239844 0.611719 0.001563 0.006250
2 0.246875 0.609766 0.001042 0.005469