0 0.202083 0.676953 0.046875 0.042969
0 0.429948 0.662891 0.017188 0.010156
0 0.457031 0.660938 0.004687 0.014063
0 0.465104 0.662891 0.016667 0.019531
0 0.308333 0.670312 0.041667 0.039062
0 0.358333 0.696484 0.091667 0.114844
0 0.989323 0.667578 0.021354 0.019531
0 0.853646 0.664844 0.029167 0.037500
0 0.879948 0.668359 0.045312 0.050781
4 0.116667 0.683984 0.033333 0.094531
4 0.259635 0.682813 0.015104 0.092188
4 0.268229 0.692188 0.013542 0.073438
4 0.281250 0.678906 0.021875 0.096875
4 0.429688 0.660938 0.004167 0.014063
4 0.688542 0.661328 0.016667 0.053906
4 0.705469 0.641797 0.005729 0.024219
4 0.708854 0.642188 0.003125 0.021875
4 0.577604 0.656250 0.006250 0.034375
4 0.545312 0.651563 0.005208 0.014063
7 0.631771 0.701172 0.033333 0.108594
7 0.629687 0.665625 0.043750 0.065625
7 0.494531 0.669141 0.018229 0.053906
3 0.660937 0.665625 0.040625 0.051562
3 0.442708 0.666406 0.014583 0.051562
1 0.297917 0.599219 0.009375 0.039062
1 0.343229 0.612109 0.007292 0.028906
1 0.523958 0.597266 0.008333 0.038281
2 0.022135 0.523438 0.044271 0.093750
2 0.252083 0.660156 0.010417 0.018750
2 0.251042 0.683203 0.007292 0.025781
2 0.299219 0.629297 0.013021 0.019531
2 0.552083 0.677734 0.010417 0.025781
2 0.551302 0.655469 0.011979 0.018750
2 0.523958 0.630078 0.013542 0.019531
2 0.556250 0.584766 0.040625 0.039844
2 0.555729 0.544531 0.041667 0.040625
2 0.966146 0.536328 0.061458 0.078906
2 0.880990 0.594531 0.029687 0.043750