0 0.573958 0.673438 0.007292 0.007812
0 0.573437 0.683203 0.008333 0.007031
0 0.573698 0.694141 0.010937 0.014844
0 0.582292 0.689844 0.009375 0.012500
0 0.582031 0.680469 0.007812 0.006250
0 0.588281 0.676953 0.006771 0.008594
0 0.595573 0.669922 0.004687 0.010156
0 0.598177 0.675391 0.006771 0.008594
0 0.683594 0.695703 0.008854 0.010156
0 0.690885 0.700000 0.014063 0.018750
0 0.698958 0.702734 0.022917 0.022656
0 0.723698 0.706250 0.013021 0.029687
0 0.743750 0.704297 0.036458 0.036719
0 0.646615 0.750391 0.113021 0.146094
0 0.563802 0.718750 0.042188 0.053125
0 0.529427 0.700000 0.011979 0.015625
0 0.620052 0.673828 0.007812 0.007031
0 0.617969 0.672266 0.007812 0.007031
3 0.580729 0.672266 0.002083 0.007031
1 0.577604 0.647266 0.001042 0.005469
1 0.585417 0.647266 0.001042 0.005469
2 0.844271 0.653125 0.010417 0.018750
2 0.497917 0.681250 0.003125 0.010937