0 0.693490 0.810156 0.153646 0.159375
0 0.602083 0.757031 0.030208 0.037500
0 0.540625 0.792969 0.109375 0.131250
0 0.488281 0.755469 0.027604 0.037500
0 0.460677 0.753125 0.027604 0.031250
0 0.436198 0.750000 0.024479 0.035937
0 0.414323 0.754297 0.021354 0.038281
0 0.397135 0.748437 0.039062 0.031250
0 0.368750 0.732812 0.047917 0.015625
0 0.364844 0.792969 0.113021 0.109375
0 0.310417 0.768359 0.052083 0.058594
0 0.153906 0.784766 0.130729 0.066406
0 0.038542 0.791406 0.077083 0.070312
5 0.446615 0.734766 0.018229 0.016406
4 0.690625 0.726953 0.007292 0.007031
4 0.657292 0.727344 0.007292 0.009375
4 0.225781 0.768359 0.018229 0.061719
2 0.759896 0.681250 0.021875 0.056250
2 0.718490 0.683203 0.008854 0.027344
2 0.691146 0.683984 0.018750 0.016406
2 0.691927 0.705078 0.018229 0.025781
2 0.660937 0.691797 0.012500 0.021094
2 0.642188 0.718359 0.004167 0.021094
2 0.583333 0.754688 0.004167 0.018750
2 0.376823 0.702344 0.006771 0.015625
2 0.164323 0.717188 0.015104 0.029687