0 0.790885 0.819531 0.418229 0.360938
0 0.032813 0.860547 0.065625 0.278906
0 0.070833 0.741797 0.141667 0.138281
0 0.122917 0.701172 0.052083 0.042969
0 0.205208 0.754688 0.166667 0.170313
0 0.296615 0.717578 0.089063 0.136719
0 0.345312 0.708594 0.028125 0.050000
0 0.400521 0.740625 0.118750 0.160938
0 0.461979 0.717578 0.030208 0.055469
0 0.512760 0.739453 0.101562 0.117969
0 0.677083 0.498047 0.078125 0.052344
3 0.989323 0.428125 0.021354 0.039062
1 0.453906 0.669141 0.004687 0.013281
2 0.023958 0.595312 0.044792 0.095312
2 0.480990 0.657031 0.024479 0.045312
2 0.466406 0.670703 0.005729 0.016406
2 0.653906 0.482812 0.002604 0.012500
2 0.527604 0.648828 0.005208 0.021094
2 0.527865 0.670703 0.004687 0.021094