0 0.871615 0.687500 0.256771 0.204687
0 0.727344 0.660937 0.140104 0.121875
0 0.601042 0.642188 0.036458 0.065625
0 0.555990 0.646875 0.089063 0.089063
0 0.530208 0.617578 0.029167 0.019531
0 0.507031 0.629687 0.028646 0.035937
0 0.492448 0.629297 0.014063 0.032031
0 0.488802 0.627734 0.014063 0.028906
0 0.481250 0.627344 0.013542 0.026562
0 0.472396 0.627734 0.013542 0.022656
0 0.466146 0.628516 0.005208 0.021094
0 0.462500 0.627734 0.005208 0.019531
0 0.459635 0.626953 0.006771 0.017969
0 0.457813 0.625391 0.009375 0.016406
0 0.451563 0.623828 0.005208 0.014844
0 0.448698 0.622656 0.003646 0.012500
0 0.446354 0.623047 0.003125 0.011719
0 0.445312 0.621094 0.007292 0.010937
0 0.442969 0.616797 0.005729 0.005469
0 0.435938 0.613281 0.007292 0.006250
0 0.425260 0.614062 0.006771 0.007812
0 0.434375 0.626172 0.015625 0.017969
0 0.415885 0.617578 0.005729 0.010156
0 0.414583 0.621094 0.007292 0.014063
0 0.410417 0.621484 0.007292 0.013281
0 0.405990 0.625000 0.013021 0.017188
0 0.393750 0.619141 0.011458 0.008594
0 0.380990 0.629688 0.025521 0.029687
0 0.235417 0.668359 0.012500 0.078906
6 0.123438 0.553516 0.246875 0.488281
2 0.584896 0.568359 0.006250 0.021094
2 0.523698 0.586719 0.014063 0.009375
2 0.488802 0.602344 0.002604 0.010937
2 0.389583 0.608203 0.003125 0.014844
2 0.295573 0.589063 0.007812 0.018750