0 0.482292 0.683984 0.011458 0.017969
0 0.467448 0.693750 0.029687 0.037500
0 0.429688 0.709766 0.062500 0.072656
0 0.404948 0.676562 0.005729 0.007812
0 0.402344 0.669141 0.003646 0.005469
0 0.379688 0.665234 0.004167 0.005469
0 0.371094 0.678516 0.008854 0.010156
0 0.372656 0.675391 0.005729 0.007031
0 0.362240 0.680859 0.007812 0.014844
0 0.354427 0.682422 0.013021 0.019531
0 0.336979 0.682812 0.025000 0.025000
0 0.306510 0.682031 0.035937 0.035937
0 0.183854 0.745313 0.205208 0.175000
0 0.245573 0.677734 0.038021 0.024219
2 0.402083 0.679688 0.003125 0.009375