0 0.423698 0.751953 0.135937 0.171094
0 0.488542 0.700781 0.059375 0.085938
0 0.559635 0.672656 0.007812 0.004687
0 0.568229 0.671875 0.010417 0.006250
0 0.578125 0.671875 0.008333 0.004687
0 0.457292 0.665234 0.003125 0.002344
0 0.444531 0.664062 0.005729 0.003125
0 0.442708 0.661328 0.004167 0.007031
0 0.440104 0.660937 0.002083 0.004687
0 0.438281 0.659375 0.003646 0.004687
0 0.449740 0.658984 0.003646 0.003906
0 0.441927 0.657422 0.003646 0.003906
0 0.416667 0.657422 0.003125 0.003906
0 0.411719 0.659375 0.003646 0.004687
0 0.403646 0.663281 0.005208 0.006250
0 0.413021 0.657813 0.003125 0.004687
0 0.420312 0.657031 0.002083 0.003125
0 0.329167 0.684375 0.018750 0.015625
0 0.306250 0.675781 0.008333 0.007812
0 0.136979 0.678516 0.017708 0.011719
2 0.556510 0.648438 0.014063 0.014063
2 0.465625 0.635156 0.009375 0.012500
2 0.478906 0.635547 0.005729 0.013281
2 0.473177 0.648438 0.004687 0.007812
2 0.473438 0.655469 0.005208 0.004687
2 0.206510 0.689063 0.009896 0.039062
2 0.556510 0.648438 0.014063 0.014063
2 0.465885 0.634766 0.009896 0.013281
2 0.478906 0.635547 0.005729 0.013281
2 0.473177 0.648438 0.004687 0.007812
2 0.473438 0.655859 0.005208 0.005469
2 0.380208 0.682422 0.003125 0.016406