0 0.830469 0.773047 0.184896 0.174219
0 0.728125 0.743750 0.084375 0.109375
0 0.632031 0.720313 0.030729 0.045312
0 0.610937 0.716016 0.013542 0.028906
0 0.594271 0.714063 0.009375 0.021875
0 0.569792 0.716406 0.038542 0.050000
0 0.526823 0.712109 0.030729 0.039844
0 0.460677 0.728125 0.090104 0.107813
0 0.298958 0.702734 0.033333 0.022656
0 0.231510 0.711328 0.065104 0.049219
0 0.061979 0.701953 0.119792 0.055469
4 0.618750 0.707031 0.007292 0.020313
4 0.601042 0.714453 0.007292 0.033594
2 0.741406 0.667188 0.004687 0.023438