0 0.508073 0.606641 0.011979 0.017969
0 0.524740 0.605078 0.006771 0.016406
0 0.525521 0.603906 0.005208 0.009375
0 0.532552 0.619141 0.027604 0.030469
0 0.618229 0.630469 0.037500 0.040625
0 0.655990 0.636328 0.064062 0.050781
0 0.763281 0.652344 0.102604 0.071875
0 0.472656 0.599219 0.004687 0.009375
0 0.466146 0.598828 0.010417 0.010156
0 0.455729 0.598047 0.015625 0.011719
0 0.484375 0.637500 0.022917 0.065625
0 0.438542 0.675781 0.113542 0.148438
6 0.580729 0.604688 0.060417 0.065625
6 0.539323 0.603125 0.022396 0.051562
3 0.482031 0.598438 0.007812 0.014063
3 0.499219 0.616797 0.013021 0.036719
2 0.619010 0.549219 0.040104 0.029687
2 0.619271 0.573047 0.039583 0.016406
2 0.460156 0.533984 0.035937 0.027344
2 0.132552 0.119922 0.006771 0.033594
2 0.283073 0.325391 0.003646 0.017969
2 0.337760 0.399609 0.002604 0.013281
2 0.384375 0.462500 0.002083 0.007812
2 0.396354 0.478906 0.001042 0.006250
2 0.434635 0.580469 0.004687 0.006250