0 0.964844 0.621484 0.070312 0.125781
0 0.648177 0.698438 0.275521 0.281250
0 0.516667 0.631250 0.044792 0.104688
0 0.333333 0.748828 0.380208 0.403906
0 0.123698 0.707031 0.247396 0.285938
4 0.749219 0.592187 0.016146 0.035937
4 0.865885 0.592578 0.013021 0.058594
3 0.492448 0.610156 0.009896 0.028125
3 0.450260 0.608594 0.022396 0.057813
1 0.478906 0.535156 0.003646 0.015625
1 0.484635 0.534766 0.003646 0.014844
1 0.502344 0.532422 0.003646 0.014844
1 0.563542 0.544141 0.007292 0.028906
2 0.587500 0.550391 0.012500 0.024219
2 0.612760 0.537891 0.018229 0.021094
2 0.963542 0.480859 0.036458 0.058594
2 0.990104 0.473828 0.019792 0.027344