0 0.047396 0.753516 0.094792 0.092969
0 0.024219 0.699609 0.027604 0.014844
0 0.095573 0.733594 0.033854 0.051562
0 0.126823 0.730859 0.035937 0.049219
0 0.158594 0.731641 0.071354 0.050781
0 0.208333 0.737500 0.073958 0.057813
0 0.259635 0.723828 0.027604 0.032031
0 0.293229 0.733203 0.057292 0.052344
0 0.353385 0.726562 0.025521 0.042188
0 0.333073 0.726953 0.003646 0.022656
0 0.322917 0.720313 0.014583 0.023438
0 0.386979 0.718359 0.023958 0.027344
0 0.404427 0.716797 0.009896 0.014844
0 0.421875 0.720313 0.008333 0.023438
0 0.162500 0.703125 0.026042 0.007812
0 0.108854 0.708984 0.036458 0.024219
0 0.140104 0.703125 0.018750 0.007812
0 0.587240 0.715234 0.032813 0.025781
0 0.615365 0.726172 0.020313 0.021094
0 0.634635 0.721875 0.022396 0.012500
0 0.625781 0.719141 0.005729 0.005469
0 0.682292 0.712109 0.014583 0.008594
0 0.717187 0.751563 0.085417 0.093750
0 0.755729 0.726562 0.020833 0.014063
0 0.772396 0.738672 0.037500 0.044531
0 0.784896 0.748438 0.051042 0.060937
0 0.847917 0.762891 0.117708 0.100781
0 0.980990 0.867188 0.038021 0.231250
0 0.711979 0.721094 0.016667 0.007812
4 0.620573 0.722656 0.006771 0.031250
3 0.560938 0.719141 0.010417 0.013281
3 0.665625 0.733203 0.025000 0.066406
2 0.477344 0.714063 0.006771 0.029687
2 0.534635 0.712891 0.003646 0.017969
2 0.444010 0.655469 0.011979 0.020313
2 0.632552 0.721875 0.002604 0.004687
2 0.677344 0.681250 0.022396 0.015625
2 0.682292 0.697656 0.022917 0.017188
2 0.809896 0.685937 0.008333 0.017188
2 0.584635 0.715625 0.002604 0.010937
2 0.784115 0.693359 0.004687 0.013281
2 0.203906 0.682812 0.008854 0.012500