0 0.011458 0.706641 0.022917 0.035156
0 0.011719 0.694922 0.023438 0.014844
0 0.005729 0.714453 0.011458 0.027344
0 0.067969 0.721875 0.135937 0.131250
0 0.148438 0.732422 0.160417 0.089844
0 0.251302 0.723828 0.057813 0.063281
0 0.220833 0.705078 0.012500 0.011719
0 0.297656 0.715234 0.044271 0.064844
0 0.383594 0.715234 0.019271 0.016406
0 0.553385 0.721094 0.021354 0.029687
0 0.564063 0.719531 0.008333 0.023438
0 0.568229 0.714844 0.003125 0.007812
0 0.570573 0.714063 0.004687 0.007812
0 0.575781 0.715234 0.004687 0.008594
0 0.579427 0.719141 0.006771 0.019531
0 0.604167 0.727344 0.037500 0.048438
0 0.672656 0.738672 0.045312 0.050781
0 0.653906 0.725781 0.009896 0.018750
0 0.648958 0.724609 0.007292 0.016406
0 0.721875 0.733984 0.028125 0.030469
0 0.760156 0.733984 0.055729 0.044531
0 0.813281 0.728516 0.016146 0.011719
0 0.846354 0.753125 0.064583 0.057813
0 0.952604 0.767578 0.094792 0.078906
5 0.632031 0.711328 0.026562 0.057031
4 0.749219 0.736328 0.011979 0.053906
3 0.584635 0.721094 0.008854 0.029687
3 0.797917 0.753906 0.044792 0.103125
2 0.484115 0.707031 0.005729 0.026562
2 0.519792 0.708594 0.003125 0.012500
2 0.529167 0.709766 0.002083 0.010156
2 0.535677 0.710938 0.001563 0.007812
2 0.497135 0.658594 0.024479 0.045312